labeled
"[('а', '-100'), ('я', '-100'), ('болела', '-100'), ('в', 'D'), ('двадцать', 'D'), ('третьего', 'D'), ('марта', '-100'), ('я', '-100'), ('заболела', '-100')]"
"[('двадцать', '-100'), ('пять', '-100'), ('а', '-100'), ('до', '-100'), ('этого', '-100'), ('нана', 'D'), ('работала', '-100'), ('и', '-100'), ('на', 'D'), ('это', '-100'), ('на', 'D'), ('библиотеке', 'D'), ('работала', '-100'), ('и', '-100'), ('у', 'D'), ('клубе', '-100'), ('работала', '-100'), ('и', '-100'), ('почту', '-100'), ('носила', '-100'), ('почту', '-100'), ('носила', '-100'), ('совместно', '-100'), ('и', '-100'), ('тут', '-100'), ('работала', '-100'), ('и', '-100'), ('почту', '-100'), ('носила', '-100'), ('у', '-100'), ('нас', '-100'), ('так', '-100'), ('почта', '-100'), ('такая', '-100'), ('то', '-100'), ('лариса', '-100'), ('дочка', '-100'), ('свезет', 'D'), ('почту', '-100'), ('то', '-100'), ('вот', '-100'), ('так', '-100'), ('менялися', 'D'), ('с', '-100'), ('ней', '-100')]"
"[('большая', '-100'), ('здесь', '-100'), ('здание', '-100'), ('вот', '-100'), ('этом', '-100'), ('кирпичном', '-100'), ('было', '-100'), ('так', '-100'), ('ложечки', '-100'), ('да', '-100'), ('ведь', '-100'), ('ай', 'D'), ('вы', '-100'), ('не', '-100'), ('будете', '-100'), ('ложечки', '-100'), ('это', '-100'), ('лимончик', '-100'), ('режьте', '-100'), ('да', '-100'), ('режьте', '-100'), ('режьте', '-100'), ('а', '-100'), ('сюда', '-100'), ('кидайте', '-100'), ('вот', '-100'), ('эти', '-100')]"
"[('декабре', '-100'), ('он', '-100'), ('уже', '-100'), ('умер', '-100'), ('как', '-100'), ('умер', '-100'), ('и', '-100'), ('держала', '-100'), ('при', '-100'), ('нем', '-100'), ('держала', '-100'), ('корову', '-100'), ('а', '-100'), ('потом', '-100'), ('корова', '-100'), ('отелилась', 'D'), ('тёлку', '-100'), ('держала', '-100'), ('две', '-100'), ('держала', '-100')]"
"[('и', '-100'), ('овечки', '-100'), ('были', '-100'), ('и', '-100'), ('свиньи', '-100'), ('вот', '-100'), ('такущие', 'D'), ('большие', '-100'), ('куры', '-100'), ('были', '-100'), ('и', '-100'), ('гуси', '-100'), ('были', '-100'), ('и', '-100'), ('утки', '-100'), ('были', '-100'), ('все', '-100'), ('было', '-100'), ('ну', '-100'), ('а', '-100'), ('теперь', '-100'), ('уже', '-100'), ('здоровье', '-100'), ('дочь', '-100'), ('нету', 'D'), ('не', '-100'), ('стала', '-100'), ('я', '-100'), ('потому', '-100'), ('что', '-100'), ('надо', '-100'), ('коровку', '-100'), ('подоить', '-100'), ('надо', '-100'), ('сесть', '-100'), ('а', '-100'), ('мне', '-100'), ('уже', '-100'), ('не', '-100'), ('встать', '-100'), ('меня', 'D'), ('болят', '-100'), ('ноги', '-100'), ('очень', '-100'), ('сильно', '-100'), ('так', '-100'), ('что', '-100'), ('коровку', '-100'), ('уже', '-100'), ('давно', '-100'), ('не', '-100'), ('держу', '-100'), ('а', '-100'), ('так', '-100'), ('держала', '-100'), ('две', '-100'), ('даже', '-100')]"
"[('а', '-100'), ('все', '-100'), ('и', '-100'), ('колхозные', '-100'), ('гонялись', '-100'), ('и', '-100'), ('свои', '-100'), ('гонялися', 'D'), ('все', '-100'), ('гонялися', 'D'), ('но', '-100'), ('только', '-100'), ('не', '-100'), ('пускали', '-100'), ('место', '-100'), ('а', '-100'), ('то', '-100'), ('они', '-100'), ('сойдутся', '-100'), ('все', '-100'), ('в', '-100'), ('место', '-100'), ('а', '-100'), ('так', '-100'), ('всё', '-100'), ('всё', '-100'), ('вот', '-100')]"
"[('сушилка', '-100'), ('такая', '-100'), ('была', '-100'), ('печка', '-100'), ('такая', '-100'), ('большая', '-100'), ('сушилка', '-100'), ('куда', '-100'), ('подпихивали', '-100'), ('барабан', '-100'), ('лопатом', '-100'), ('зерно', '-100'), ('шло', '-100'), ('по', '-100'), ('шнекам', 'D'), ('мешки', '-100'), ('подставляли', '-100'), ('и', '-100'), ('грузили', '-100'), ('на', '-100'), ('машину', '-100'), ('и', '-100'), ('увозили', '-100'), ('в', '-100'), ('склады', '-100')]"
"[('ну', '-100'), ('свои', '-100'), ('а', '-100'), ('колхозные', '-100'), ('они', '-100'), ('паслися', 'D'), ('по', '-100'), ('разным', '-100'), ('полям', '-100'), ('там', '-100'), ('примерно', '-100'), ('колхозные', '-100'), ('тут', '-100'), ('свои', '-100'), ('паслися', 'D'), ('место', '-100'), ('не', '-100'), ('сгоняли', '-100'), ('не-не', '-100'), ('они', '-100'), ('то', '-100'), ('туда', '-100'), ('гонялись', '-100'), ('к', '-100'), ('кладбищу', '-100'), ('там', '-100'), ('поле', '-100'), ('а', '-100'), ('в', '-100'), ('место', '-100'), ('не', '-100')]"
"[('а', '-100'), ('колхозные', '-100'), ('вообще', '-100'), ('коровы', '-100'), ('были', '-100'), ('хорошие', '-100'), ('они', '-100'), ('ходили', '-100'), ('в', '-100'), ('общине', '-100'), ('хорошо', '-100'), ('не', '-100'), ('убегали', '-100'), ('домой', '-100'), ('а', '-100'), ('свои', '-100'), ('в', '-100'), ('жару', '-100'), ('убегали', '-100'), ('мол', '-100'), ('одна', '-100'), ('убежит', '-100'), ('все', '-100'), ('и', '-100'), ('другие', '-100'), ('все', '-100'), ('не', '-100'), ('удержишь', '-100'), ('и', '-100'), ('все', '-100'), ('убегут', '-100'), ('жарко', '-100'), ('кусалися', 'D'), ('вот', '-100')]"
"[('а', '-100'), ('колхозные', '-100'), ('как', '-100'), ('хочешь', '-100'), ('кусалися', 'D'), ('они', '-100'), ('не', '-100'), ('убегали', '-100'), ('такие', '-100'), ('были', '-100'), ('животные', '-100')]"
"[('а', '-100'), ('вот', '-100'), ('дочь', '-100'), ('в', '-100'), ('людях', '-100'), ('сейчас', '-100'), ('сделано', '-100'), ('специально', '-100'), ('куфни', 'D'), ('построены', '-100'), ('такие', '-100'), ('как', '-100'), ('банька', '-100'), ('там', '-100'), ('печка', '-100'), ('там', '-100'), ('котлы', '-100'), ('там', '-100'), ('они', '-100'), ('варят', '-100'), ('а', '-100'), ('я', '-100'), ('все', '-100'), ('в', '-100'), ('печку', '-100'), ('чугуны', '-100'), ('по', '-100'), ('полтора', '-100'), ('ведра', '-100'), ('задвигала', '-100'), ('и', '-100'), ('оттуда', '-100'), ('вытягивала', '-100'), ('когда', '-100'), ('сварится', '-100'), ('и', '-100'), ('каждый', '-100'), ('день', '-100'), ('так', '-100'), ('поросят', '-100'), ('кормить', '-100'), ('надо', '-100'), ('было', '-100'), ('варить', '-100'), ('кулеш', 'D'), ('кулеш', 'D'), ('называется', '-100')]"
"[('кулеш', 'D'), ('называется', '-100'), ('ну', '-100'), ('это', '-100'), ('кипит', '-100'), ('водичка', '-100'), ('там', '-100'), ('в', '-100'), ('чугуне', '-100'), ('туда', '-100'), ('муку', '-100'), ('засыпаешь', '-100'), ('там', '-100'), ('сколько', '-100'), ('ты', '-100'), ('что', '-100'), ('знаешь', '-100'), ('сколько', '-100'), ('надо', '-100'), ('засыпать', '-100'), ('печку', '-100'), ('задвигаешь', '-100'), ('и', '-100'), ('он', '-100'), ('до', '-100'), ('обеда', '-100'), ('стоит', '-100'), ('он', '-100'), ('там', '-100'), ('ту', 'D'), ('преет', 'D'), ('это', '-100'), ('все', '-100'), ('мука', '-100'), ('он', '-100'), ('делается', '-100'), ('кашей', '-100'), ('откроешь', 'D'), ('крышку', '-100'), ('он', '-100'), ('так', '-100'), ('прям', '-100'), ('такой', '-100'), ('шапкой', '-100'), ('каша', '-100'), ('хоть', '-100'), ('сам', '-100'), ('ешь', '-100')]"
"[('нет', '-100'), ('я', '-100'), ('ее', '-100'), ('не', '-100'), ('пробовала', '-100'), ('вот', '-100'), ('зерно', '-100'), ('пшеницу', '-100'), ('варили', '-100'), ('кашу', '-100'), ('кутью', 'D'), ('такой', '-100'), ('называется', '-100'), ('кутья', 'D'), ('делали', '-100'), ('её', '-100'), ('паришь', '-100'), ('хорошо', '-100'), ('чтоб', '-100'), ('она', '-100'), ('такая', '-100'), ('была', '-100'), ('вся', '-100'), ('паристая', 'D'), ('кипяточку', '-100'), ('набавляешь', '-100'), ('и', '-100'), ('песочку', '-100'), ('туда', '-100'), ('вкусно', '-100'), ('душистая', '-100'), ('такая', '-100'), ('с', '-100'), ('пшена', '-100'), ('пшена', '-100'), ('вкусная', '-100')]"
"[('рис', '-100'), ('это', '-100'), ('вот', '-100'), ('тоже', '-100'), ('называется', '-100'), ('кутья', 'D'), ('ну', '-100'), ('это', '-100'), ('когда', '-100'), ('а', '-100'), ('вот', '-100'), ('это', '-100'), ('самое', '-100'), ('от', '-100'), ('пшеницы', '-100'), ('особое', 'D'), ('запах', 'D'), ('по', '-100'), ('всему', '-100'), ('дому', '-100'), ('такой', '-100'), ('аромат', '-100')]"
"[('вкусные', '-100'), ('вот', '-100'), ('пейте', '-100'), ('пейте', '-100'), ('сынок', '-100'), ('пей', '-100'), ('сыр', '-100'), ('не', '-100'), ('делала', '-100'), ('сынок', '-100'), ('не', '-100'), ('у', '-100'), ('нас', '-100'), ('некоторые', '-100'), ('делали', '-100'), ('это', '-100'), ('время', '-100'), ('надо', '-100'), ('знаешь', '-100'), ('сколько', '-100'), ('это', '-100'), ('ой', 'D'), ('одному', '-100'), ('человеку', '-100'), ('и', '-100'), ('на', '-100'), ('работу', '-100'), ('и', '-100'), ('хозяйство', '-100'), ('брать', '-100'), ('и', '-100'), ('в', 'D'), ('ягоды', 'D'), ('ходили', '-100'), ('ходили', '-100'), ('за', '-100'), ('десять-пятнадцать', 'D'), ('километров', '-100'), ('в', 'D'), ('ягоды', 'D'), ('и', '-100'), ('клюкву', '-100'), ('собирали', '-100'), ('дешевая', '-100'), ('была', '-100'), ('раньше', '-100'), ('клюква', '-100'), ('была', '-100'), ('пять', '-100'), ('копеек', '-100'), ('килограмм', '-100'), ('это', '-100'), ('раньше', '-100'), ('пять', '-100'), ('по', '-100'), ('мешку', '-100'), ('набирала', '-100'), ('по', '-100'), ('мешку', '-100')]"
"[('свои', '-100'), ('ходили', '-100'), ('продавцы', '-100'), ('по', '-100'), ('деревне', '-100'), ('и', '-100'), ('сами', '-100'), ('носили', '-100'), ('и', '-100'), ('бывало', '-100'), ('там', '-100'), ('дела', '-100'), ('с', '-100'), ('щелкино', 'D'), ('деревня', '-100'), ('за', '-100'), ('два', '-100'), ('километра', '-100'), ('с', '-100'), ('подругой', '-100'), ('бывало', '-100'), ('бабушка', '-100'), ('дай', '-100'), ('два', '-100'), ('яичка', '-100'), ('и', '-100'), ('бежим', '-100'), ('в', '-100'), ('магазин', '-100'), ('чтоб', '-100'), ('купить', '-100'), ('петушков', '-100'), ('на', '-100'), ('палочке', '-100'), ('по', '-100'), ('два', '-100'), ('петушка', '-100'), ('вот', '-100'), ('так', '-100'), ('не', '-100'), ('было', '-100'), ('сладостей', '-100'), ('никаких', '-100'), ('а', '-100'), ('сейчас', '-100'), ('ой', '-100'), ('это', '-100'), ('невкусные', '-100'), ('конфеты', '-100'), ('это', '-100'), ('я', '-100'), ('не', '-100'), ('буду', '-100'), ('ой', '-100'), ('не', '-100'), ('такие', '-100'), ('не', '-100'), ('вот', '-100'), ('так', '-100'), ('а', '-100'), ('мы', '-100'), ('были', '-100'), ('рады', '-100'), ('хоть', '-100'), ('какой', '-100'), ('конфетинке', '-100')]"
"[('один', '-100'), ('сын', '-100'), ('двадцать', '-100'), ('шесть', '-100'), ('лет', '-100'), ('в', '-100'), ('ленинграде', '-100'), ('работает', '-100'), ('у', '-100'), ('него', '-100'), ('кончена', 'D'), ('сельхозакадемия', '-100'), ('высшее', '-100')]"
"[('ой', '-100'), ('они', '-100'), ('были', '-100'), ('тут', '-100'), ('на', '-100'), ('пять', '-100'), ('дней', '-100'), ('приехадчи', 'D'), ('там', '-100'), ('заменились', '-100'), ('с', '-100'), ('кем-то', '-100'), ('поработают', '-100'), ('потом', '-100'), ('они', '-100'), ('поработают', '-100'), ('на', '-100'), ('них', '-100'), ('на', '-100'), ('пять', '-100'), ('дней', '-100'), ('были', '-100'), ('приехадчи', 'D'), ('на', '-100'), ('день', '-100'), ('города', '-100'), ('ездили', '-100'), ('в', '-100'), ('воскресенье', '-100'), ('уехали', '-100'), ('только', '-100')]"
"[('вот', '-100'), ('в', '-100'), ('ту', '-100'), ('деревню', '-100'), ('там', '-100'), ('жила', '-100'), ('щелкино', 'D'), ('деревня', '-100'), ('вот', '-100'), ('два', '-100'), ('километра', '-100'), ('мы', '-100'), ('там', '-100'), ('жили', '-100'), ('раньше', '-100'), ('и', '-100'), ('вот', '-100'), ('тут', '-100'), ('такой', '-100'), ('магазин', '-100'), ('стоял', '-100'), ('где', '-100'), ('вот', '-100'), ('сейчас', '-100'), ('буточка', 'D'), ('где', '-100'), ('ожидают', '-100'), ('автобус', '-100'), ('тут', '-100'), ('на', '-100'), ('этом', '-100'), ('месте', '-100'), ('стоял', '-100'), ('магазин', '-100'), ('такой', '-100'), ('старенький', '-100'), ('и', '-100'), ('принимали', '-100'), ('вот', '-100'), ('яички', '-100'), ('было', '-100'), ('попросим', '-100'), ('у', '-100'), ('бабушки', '-100'), ('бабушка', '-100'), ('дам', 'D'), ('дай', '-100'), ('два', '-100'), ('яичка', '-100'), ('то', '-100'), ('не', '-100'), ('было', '-100'), ('все', '-100'), ('сдавалося', 'D'), ('бабушка', '-100'), ('даст', '-100'), ('мы', '-100'), ('бегом', '-100'), ('с', '-100'), ('моей', '-100'), ('подружкой', '-100'), ('бежим', '-100'), ('купим', '-100'), ('и', '-100'), ('не', '-100'), ('кушаем', '-100'), ('этые', 'D'), ('петушки', '-100'), ('только', '-100'), ('посмотрим', '-100'), ('до', '-100'), ('дома', '-100'), ('добежим', '-100'), ('тогда', '-100'), ('начинаем', '-100'), ('кушать', '-100'), ('вот', '-100'), ('так', '-100')]"
"[('нет', '-100'), ('в', '-100'), ('щелкине', 'D'), ('деревне', '-100'), ('там', '-100'), ('я', '-100'), ('родилась', '-100')]"
"[('даже', '-100'), ('ходила', '-100'), ('я', '-100'), ('не', '-100'), ('знаю', '-100'), ('теперь', '-100'), ('не', '-100'), ('помню', '-100'), ('но', '-100'), ('порядочная', '-100'), ('была', '-100'), ('потому', '-100'), ('что', '-100'), ('у', '-100'), ('нас', '-100'), ('дом', '-100'), ('строился', '-100'), ('а', '-100'), ('со', '-100'), ('щелкиным', 'D'), ('этим', '-100'), ('плотником', '-100'), ('который', '-100'), ('строили', '-100'), ('дом', '-100'), ('я', '-100'), ('носила', '-100'), ('обед', '-100'), ('в', '-100'), ('битонах', '-100'), ('там', '-100'), ('мамка', 'D'), ('наливала', '-100'), ('в', '-100'), ('битоны', '-100'), ('там', '-100'), ('суп', '-100'), ('картошку', '-100'), ('какую', '-100'), ('и', '-100'), ('я', '-100'), ('йим', 'D'), ('носила', '-100'), ('сюда', '-100'), ('еду', '-100'), ('обед', '-100'), ('помню', '-100'), ('это', '-100'), ('вот', '-100')]"
"[('домой', '-100'), ('придешь', '-100'), ('надо', '-100'), ('хозяйство', '-100'), ('брать', '-100'), ('утром', '-100'), ('рано', '-100'), ('проснешься', '-100'), ('до', '-100'), ('шести', '-100'), ('часов', '-100'), ('печку', '-100'), ('стопишь', 'D'), ('хозяйство', '-100'), ('уберешь', '-100'), ('и', '-100'), ('пешком', '-100'), ('за', '-100'), ('десять', '-100'), ('километров', '-100'), ('мешок', '-100'), ('набираешь', '-100'), ('и', '-100'), ('неси', '-100'), ('его', '-100'), ('попробуй', '-100'), ('вот', '-100'), ('так', '-100')]"
"[('печка', '-100'), ('не', '-100'), ('печку', '-100'), ('как', '-100'), ('поставишь', '-100'), ('это', '-100'), ('самое', '-100'), ('с', '-100'), ('утра', '-100'), ('стопишь', 'D'), ('и', '-100'), ('она', '-100'), ('до', '-100'), ('вечера', '-100'), ('всё', '-100'), ('горячая', '-100')]"
"[('ну', '-100'), ('так', '-100'), ('я', '-100'), ('же', '-100'), ('там', '-100'), ('и', '-100'), ('убираю', '-100'), ('и', '-100'), ('мою', '-100'), ('там', '-100'), ('все', '-100'), ('фасую', '-100'), ('вот', '-100'), ('помогаю', '-100'), ('дочке', '-100'), ('жалко', '-100'), ('потому', '-100'), ('что', '-100'), ('работы', '-100'), ('много', '-100'), ('тоже', '-100'), ('дома', '-100'), ('и', '-100'), ('хозяйство', '-100'), ('тоже', '-100'), ('у', '-100'), ('нее', '-100'), ('и', '-100'), ('овечки', '-100'), ('и', '-100'), ('куры', '-100'), ('и', '-100'), ('так', '-100'), ('всё', '-100'), ('разъездах', '-100'), ('то', '-100'), ('за', '-100'), ('товаром', '-100'), ('надо', '-100'), ('ехать', '-100'), ('то', '-100'), ('по', '-100'), ('работе', '-100'), ('надо', '-100'), ('то', '-100'), ('за', 'D'), ('документам', 'D'), ('то', '-100'), ('куда', '-100'), ('все', '-100'), ('сама', '-100'), ('и', '-100'), ('тут', '-100'), ('тогда', '-100'), ('я', '-100'), ('сижу', '-100'), ('в', '-100'), ('магазине', '-100'), ('сейчас-то', '-100'), ('реже', '-100'), ('после', '-100'), ('как', '-100'), ('заболела', '-100'), ('реже', '-100'), ('хожу', '-100'), ('так', '-100'), ('куда', '-100'), ('когда', '-100'), ('они', '-100'), ('едут', '-100'), ('тогда', '-100'), ('я', '-100'), ('а', '-100'), ('так', '-100'), ('она', '-100'), ('сейчас', '-100'), ('сама', '-100')]"
"[('ой', '-100'), ('ну', '-100'), ('школа', '-100'), ('была', '-100'), ('деревянная', '-100'), ('в', '-100'), ('начальные', '-100'), ('классы', '-100'), ('мы', '-100'), ('ходили', '-100'), ('шетнево', 'D'), ('там', '-100'), ('маша', '-100'), ('где', '-100'), ('вот', '-100'), ('сейчас', '-100'), ('внизу', '-100'), ('школа', '-100'), ('была', '-100'), ('деревянная', '-100'), ('дом', '-100'), ('просто', '-100'), ('ходили', '-100'), ('в', '-100'), ('там', '-100'), ('туда', '-100'), ('школу', '-100'), ('ходили', '-100'), ('через', '-100'), ('речку', '-100'), ('такие', '-100'), ('мостки', '-100'), ('были', 'D'), ('сделано', 'D'), ('ходили', '-100'), ('а', '-100'), ('потом', '-100'), ('сюда', '-100'), ('в', '-100'), ('нет', '-100'), ('а', '-100'), ('потом', '-100'), ('в', '-100'), ('степаньково', 'D'), ('в', '-100'), ('макееве', 'D'), ('я', '-100'), ('не', '-100'), ('училась', '-100'), ('потом', '-100'), ('в', '-100'), ('степаньково', 'D'), ('пятый', '-100'), ('класс', '-100'), ('пошли', '-100'), ('в', '-100'), ('пятый', '-100'), ('класс', '-100'), ('в', '-100'), ('начальных', '-100'), ('пошли', '-100'), ('в', '-100'), ('степаньково', 'D')]"
"[('вот', '-100'), ('боимся', '-100'), ('боялися', 'D'), ('на', '-100'), ('лошади', '-100'), ('они', '-100'), ('тоже', '-100'), ('как-то', '-100'), ('умудрялися', 'D'), ('лошадь', '-100'), ('в', '-100'), ('колхозе', '-100'), ('там', '-100'), ('угнать', '-100'), ('бригадира', '-100'), ('попросят', '-100'), ('и', '-100'), ('уедут', '-100'), ('от', '-100'), ('нас', '-100'), ('и', '-100'), ('не', '-100'), ('берут', '-100'), ('сами', '-100'), ('уедут', 'D'), ('я', '-100'), ('раз', '-100'), ('один', '-100'), ('раз', '-100'), ('села', '-100'), ('к', '-100'), ('ним', '-100'), ('пальтом', 'D'), ('только', '-100'), ('мамка', 'D'), ('новое', '-100'), ('пальто', '-100'), ('купила', '-100'), ('а', '-100'), ('сани', '-100'), ('такие', '-100'), ('а', '-100'), ('в', '-100'), ('санях', '-100'), ('такие', '-100'), ('эти', '-100'), ('деревянные', '-100'), ('как', '-100'), ('брусы', '-100'), ('такие', '-100'), ('я', '-100'), ('не', '-100'), ('успела', '-100'), ('сесть', '-100'), ('как-то', '-100'), ('и', '-100'), ('зацепила', '-100'), ('за', '-100'), ('этот', '-100'), ('брус', '-100'), ('так', '-100'), ('такого', '-100'), ('польта', 'D'), ('клока', '-100'), ('и', '-100'), ('вырвала', '-100'), ('нового', '-100')]"
"[('большие', '-100'), ('в', '-100'), ('шетнево', 'D'), ('ходили', '-100'), ('школа', '-100'), ('была', '-100'), ('в', '-100'), ('одном', '-100'), ('классе', '-100'), ('мы', '-100'), ('было', '-100'), ('наверное', '-100'), ('один', '-100'), ('нет', '-100'), ('два', '-100'), ('ли', 'D'), ('класса', '-100'), ('в', '-100'), ('одном', '-100'), ('в', '-100'), ('одной', '-100'), ('там', '-100'), ('примерно', '-100'), ('первый', '-100'), ('и', '-100'), ('третий', '-100'), ('вот', '-100'), ('так', '-100'), ('вот', '-100'), ('в', '-100'), ('одном', '-100')]"
"[('раньше', '-100'), ('плохо', '-100'), ('ой', '-100'), ('ой', '-100'), ('хорошо', '-100'), ('было', '-100'), ('строгие', '-100'), ('учителя', '-100'), ('были', '-100'), ('во-первых', '-100'), ('и', '-100'), ('дети', '-100'), ('уважали', '-100'), ('учителей', '-100'), ('понимали', '-100'), ('слушались', '-100'), ('а', '-100'), ('сейчас', '-100'), ('они', '-100'), ('не', '-100'), ('слушаются', '-100'), ('учителям', '-100'), ('их', '-100'), ('тронуть', '-100'), ('нельзя', '-100'), ('раньше', '-100'), ('было', '-100'), ('сидишь', '-100'), ('вот', '-100'), ('линейка', '-100'), ('такая', '-100'), ('лежит', '-100'), ('указка', '-100'), ('он', '-100'), ('тебя', '-100'), ('хлоп', '-100'), ('ну', '-100'), ('так', '-100'), ('не', '-100'), ('больно', '-100'), ('так', '-100'), ('ну', '-100'), ('чтоб', '-100'), ('ты', '-100'), ('понимала', '-100'), ('а', '-100'), ('сейчас', '-100'), ('попробуй', '-100'), ('его', '-100'), ('тронуть', '-100'), ('они', '-100'), ('сейчас', '-100'), ('родителям', '-100'), ('нажалуются', '-100'), ('родители', '-100'), ('придут', '-100'), ('в', '-100'), ('школу', '-100'), ('да', '-100'), ('их', '-100'), ('и', '-100'), ('по', '-100'), ('закону', '-100'), ('говорят', '-100'), ('и', '-100'), ('нельзя-то', '-100'), ('и', '-100'), ('трогать', '-100')]"
"[('ай', '-100'), ('у', '-100'), ('нас', '-100'), ('в', '-100'), ('последний', '-100'), ('раз', '-100'), ('учитель', '-100'), ('по', 'D'), ('физкультуры', 'D'), ('с', '-100'), ('это', '-100'), ('приезжал', '-100'), ('так', '-100'), ('сказать', '-100'), ('нам', '-100'), ('и', '-100'), ('говорил', '-100'), ('а', '-100'), ('мы', '-100'), ('теперь', '-100'), ('их', '-100'), ('не', '-100'), ('заставляем', '-100'), ('это', '-100'), ('же', '-100'), ('не', '-100'), ('нам', '-100'), ('надо', '-100'), ('это', '-100'), ('же', '-100'), ('они', '-100'), ('для', 'D'), ('себе', 'D'), ('делают', '-100'), ('если', '-100'), ('они', '-100'), ('не', '-100'), ('понимают', '-100'), ('что', '-100'), ('им', '-100'), ('надо', '-100'), ('учиться', '-100'), ('значит', '-100'), ('пожалуйста', '-100'), ('идите', '-100'), ('идите', '-100')]"
"[('ну', '-100'), ('не', '-100'), ('плохо', '-100'), ('если', '-100'), ('плохо', '-100'), ('они', '-100'), ('говорили', '-100'), ('будет', '-100'), ('я', '-100'), ('не', '-100'), ('жаловайся', 'D'), ('нам', '-100'), ('а', '-100'), ('всяко', 'D'), ('было', '-100'), ('дочь', '-100'), ('он', '-100'), ('вино', '-100'), ('потом', '-100'), ('стал', '-100'), ('пить', '-100'), ('ай', '-100')]"
"[('ой', '-100'), ('ну', '-100'), ('а', '-100'), ('что', '-100'), ('раньше', '-100'), ('картошку', '-100'), ('в', '-100'), ('печку', '-100'), ('ставили', '-100'), ('тушить', '-100'), ('тушёно', 'D'), ('называлося', 'D'), ('капусту', '-100'), ('тушёную', '-100'), ('делали', '-100'), ('раньше', '-100'), ('раньше', '-100'), ('такого', '-100'), ('не', '-100'), ('было', '-100'), ('чтоб', 'D'), ('как', '-100'), ('сейчас', '-100'), ('салаты', '-100'), ('колбасы', '-100'), ('у', '-100'), ('нас', '-100'), ('не', '-100'), ('мы', '-100'), ('этого', '-100'), ('не', '-100'), ('ели', '-100'), ('колбасы', '-100'), ('мы', '-100'), ('их', '-100')]"
"[('а', '-100'), ('мы', '-100'), ('что', '-100'), ('раньше', '-100'), ('сало', '-100'), ('солили', '-100'), ('вот', '-100'), ('и', '-100'), ('в', '-100'), ('банке', '-100'), ('и', '-100'), ('в', '-100'), ('ящике', '-100'), ('такие', '-100'), ('были', '-100'), ('сделано', '-100'), ('свое', '-100'), ('сало', '-100'), ('было', '-100'), ('и', '-100'), ('коптили', '-100'), ('коптильни', '-100'), ('были', '-100'), ('раньше', '-100'), ('в', '-100'), ('банях', '-100'), ('коптили', '-100'), ('там', '-100'), ('дым', '-100'), ('дровам', 'D'), ('топилося', 'D'), ('по-черному', '-100'), ('баня', '-100'), ('и', '-100'), ('сало', '-100'), ('было', '-100'), ('вкусное', '-100'), ('очень', '-100'), ('вот', '-100')]"
"[('вот', '-100'), ('у', '-100'), ('кого', '-100'), ('деньги', '-100'), ('есть', '-100'), ('конечно', '-100'), ('отправляли', '-100'), ('а', '-100'), ('у', '-100'), ('нас', '-100'), ('а', '-100'), ('у', '-100'), ('нас', '-100'), ('не', '-100'), ('было', '-100'), ('мы', '-100'), ('и', '-100'), ('не', '-100'), ('просили', '-100'), ('у', '-100'), ('нас', '-100'), ('одеть', 'D'), ('нечего', '-100'), ('было', '-100'), ('одежды', '-100')]"
"[('и', '-100'), ('ждала', '-100'), ('того', '-100'), ('дня', '-100'), ('ой', '-100'), ('сегодня', '-100'), ('пришла', '-100'), ('посылка', '-100'), ('завтра', '-100'), ('ой', '-100'), ('когда', '-100'), ('это', '-100'), ('будет', '-100'), ('завтра', '-100'), ('чтоб', '-100'), ('мне', '-100'), ('это', '-100'), ('платье', '-100'), ('одеть', 'D'), ('а', '-100')]"
"[('ходили', '-100'), ('бегали', '-100'), ('под', '-100'), ('окнами', '-100'), ('в', '-100'), ('святки', '-100'), ('ходили', '-100'), ('делалися', 'D'), ('наряжались', '-100'), ('наряжёниками', 'D')]"
"[('она', '-100'), ('раньше', '-100'), ('там', '-100'), ('году', 'D'), ('они', '-100'), ('там', '-100'), ('что', '-100'), ('по', '-100'), ('другому', '-100'), ('совсем', '-100'), ('жизнь', '-100'), ('была', '-100')]"
"[('а', '-100'), ('я', '-100'), ('не', '-100'), ('знаю', '-100'), ('как', '-100'), ('у', '-100'), ('нас', '-100'), ('вот', '-100'), ('как', '-100'), ('это', '-100'), ('придумляют', 'D'), ('я', '-100'), ('не', '-100'), ('знаю', '-100'), ('у', '-100'), ('нас', '-100'), ('такой', '-100'), ('есть', '-100'), ('мужик', '-100'), ('он', '-100'), ('молодой', '-100'), ('ещё', '-100'), ('ну', '-100'), ('как', '-100'), ('молодой', '-100'), ('такой', '-100'), ('ровесник', '-100'), ('наверное', '-100'), ('моему', '-100'), ('сыну', '-100')]"
"[('тоже', '-100'), ('не', '-100'), ('тоже', 'D'), ('не', '-100'), ('дадено', 'D'), ('не-а', '-100'), ('у-у', '-100'), ('нет', '-100'), ('нет', '-100')]"
"[('оо', '-100'), ('у', '-100'), ('нас', '-100'), ('бывало', '-100'), ('у', 'D'), ('клубе', 'D'), ('народу', '-100'), ('музыка', '-100'), ('гармонь', '-100'), ('идут', '-100'), ('со', '-100'), ('старой', '-100'), ('торопы', '-100'), ('с', '-100'), ('антона', 'D'), ('со', '-100'), ('всех', '-100'), ('деревень', '-100'), ('пляска', '-100'), ('до', '-100'), ('утра', '-100'), ('сейчас', '-100'), ('тоже', '-100'), ('гуляют', '-100'), ('но', '-100')]"
"[('вот', '-100'), ('под', 'D'), ('воскресенье', 'D'), ('попали', '-100'), ('с', 'D'), ('субботу', 'D'), ('на', '-100'), ('воскресенье', '-100'), ('тогда', '-100'), ('гуляют', '-100'), ('а', '-100'), ('вот', '-100'), ('ещё', '-100'), ('нонче', 'D'), ('в', '-100'), ('среду', '-100'), ('не', '-100'), ('знаю', '-100'), ('будет', '-100'), ('что', '-100'), ('люди', '-100'), ('на', '-100'), ('работе', '-100'), ('и', '-100'), ('на', '-100'), ('работу', '-100'), ('надо', '-100'), ('на', '-100'), ('другой', '-100'), ('день', '-100'), ('идти', '-100')]"
"[('да', '-100'), ('да', '-100'), ('и', '-100'), ('с', 'D'), ('народу', 'D'), ('много', '-100'), ('собирается', '-100')]"
"[('пока', '-100'), ('не', '-100'), ('попросишься', '-100'), ('а', '-100'), ('сейчас', '-100'), ('не', '-100'), ('спрашиваются', 'D'), ('у', '-100'), ('нас', '-100'), ('такие', '-100'), ('я', '-100'), ('есть', '-100'), ('знаю', '-100')]"
"[('мы', '-100'), ('даже', '-100'), ('забывали', '-100'), ('когда', '-100'), ('нам', 'D'), ('день', '-100'), ('рождения', '-100'), ('ай', '-100'), ('не', '-100'), ('было', '-100'), ('такого', '-100'), ('раньше', '-100'), ('в', '-100'), ('моде', '-100')]"
"[('лингвиста', '-100'), ('у', 'D'), ('университете', 'D')]"
"[('ну', '-100'), ('мне', '-100'), ('как-то', '-100'), ('принес', '-100'), ('паренек', '-100'), ('с', '-100'), ('шетнево', '-100'), ('котеночком', 'D'), ('его', '-100'), ('а', '-100'), ('у', '-100'), ('моей', '-100'), ('ларисы', '-100'), ('желтые', '-100'), ('такие', '-100'), ('красивые', '-100'), ('ой', '-100')]"
"[('ну', '-100'), ('да', '-100'), ('она', '-100'), ('делается', '-100'), ('сильно', '-100'), ('горячая', '-100'), ('ну', '-100'), ('она', '-100'), ('уже', '-100'), ('старенькая', '-100'), ('покрасил', '-100'), ('вчера', '-100'), ('внук', '-100'), ('мне', '-100'), ('ее', '-100'), ('завтра', '-100'), ('ту', '-100'), ('покрасить', 'D'), ('русскую', '-100')]"
"[('ну', '-100'), ('она', '-100'), ('она', '-100'), ('такая', '-100'), ('грязненькая', '-100'), ('он', '-100'), ('ее', '-100'), ('покрасил', '-100'), ('вчера', '-100'), ('говорю', '-100'), ('не', '-100'), ('знаю', '-100'), ('нынче', '-100'), ('може', 'D'), ('и', '-100'), ('не', '-100'), ('буду', '-100'), ('топить', '-100'), ('боюся', 'D'), ('там', '-100'), ('даже', '-100'), ('прогорает', '-100'), ('когда', '-100'), ('нагреется', '-100'), ('красное', '-100'), ('пятно', '-100'), ('делается', '-100'), ('жесть', 'D'), ('уже', '-100'), ('прогорело', '-100')]"
"[('у', '-100'), ('митрофанова', '-100'), ('можно', '-100'), ('покупаться', '-100'), ('а', '-100'), ('вы', '-100'), ('не', '-100'), ('купаетеся', 'D'), ('не', '-100'), ('покупаетеся', 'D'), ('вы', '-100'), ('не', '-100'), ('ходите', '-100'), ('на', '-100'), ('речку', '-100')]"
"[('и', '-100'), ('там', '-100'), ('нет', '-100'), ('сейчас', '-100'), ('точки', '-100'), ('точка', '-100'), ('вот', '-100'), ('теперь', '-100'), ('макеево', '-100'), ('и', '-100'), ('шетнево', 'D'), ('и', '-100'), ('вот', '-100'), ('они', '-100'), ('там', '-100'), ('дальнюю', '-100'), ('сторону', '-100'), ('ездят', '-100'), ('там', '-100'), ('несколько', '-100'), ('жителей', '-100'), ('степаньково', 'D')]"
"[('магазин', '-100'), ('макеево', 'D'), ('да', '-100'), ('шетнево', 'D'), ('так', '-100'), ('а', '-100'), ('там', '-100'), ('же', '-100'), ('вообще', '-100'), ('наверное', '-100'), ('щелкино', 'D'), ('терехово', 'D'), ('это', '-100'), ('степаньково', 'D')]"
"[('люди', '-100'), ('отмерли', 'D'), ('старики', '-100'), ('кто', '-100'), ('куда-то', '-100'), ('уехал', '-100')]"
"[('они', '-100'), ('несут', '-100'), ('почту', '-100'), ('в', '-100'), ('понедельник', '-100'), ('несть', 'D'), ('нечего', '-100'), ('в', '-100'), ('среду', '-100'), ('нечего', '-100'), ('раз', '-100'), ('в', '-100'), ('неделю', '-100')]"
"[('у', '-100'), ('меня', '-100'), ('этих', '-100'), ('газет', '-100'), ('вот', '-100'), ('такая', '-100'), ('коробка', '-100'), ('стоит', '-100'), ('полная', '-100'), ('всяких', '-100'), ('раньших', 'D'), ('иживица', 'D'), ('там', '-100'), ('всякие', '-100')]"
"[('там', '-100'), ('воно', 'D'), ('что', '-100')]"
"[('не', '-100'), ('не', '-100'), ('не', '-100'), ('раньше', '-100'), ('собиралися', 'D'), ('в', '-100'), ('дом', '-100'), ('в', '-100'), ('котором', '-100'), ('телевизор', '-100'), ('все', '-100'), ('там', '-100'), ('кучкой', '-100'), ('смотрели', '-100')]"
"[('а', '-100'), ('писали', '-100'), ('этым', 'D'), ('пером', '-100'), ('чернильница', '-100'), ('была', '-100'), ('чернила', '-100')]"
"[('макал', '-100'), ('у', 'D'), ('чернильницу', 'D'), ('и', '-100'), ('писал', '-100'), ('перо', '-100'), ('было', '-100'), ('такое', '-100'), ('простое', '-100'), ('и', '-100'), ('было', '-100'), ('перо', '-100'), ('называлося', 'D'), ('удавленник', '-100')]"
"[('с', '-100'), ('вечера', '-100'), ('с', '-100'), ('шести', '-100'), ('часов', '-100'), ('же', 'D'), ('тёмно', '-100'), ('на', '-100'), ('улице', '-100'), ('в', 'D'), ('зимой', '-100')]"
"[('раньше', '-100'), ('в', 'D'), ('ягоды', 'D'), ('одна', '-100'), ('ходила', '-100'), ('в', 'D'), ('клюкву', 'D'), ('туда', '-100'), ('о', '-100'), ('далеко', '-100'), ('в', '-100'), ('лес', '-100'), ('мамка', '-100'), ('было', '-100'), ('ругается', '-100'), ('звери', '-100'), ('ты', '-100'), ('так', '-100'), ('до', '-100'), ('темно', '-100'), ('до', '-100'), ('тёмного', '-100'), ('в', '-100'), ('лесу', '-100')]"
"[('всё', '-100'), ('пришла', '-100'), ('да', '-100'), ('курочка', '-100'), ('даже', '-100'), ('не', '-100'), ('боится', '-100'), ('никого', '-100'), ('вот', '-100'), ('идёт', '-100'), ('в', '-100'), ('деревню', '-100'), ('и', '-100'), ('всё', '-100'), ('а', '-100'), ('там', '-100'), ('один', '-100'), ('мужик', '-100'), ('говорит', '-100'), ('с', '-100'), ('щелкино', 'D'), ('деревни', '-100'), ('говорит', '-100'), ('по', '-100'), ('деревне', '-100'), ('ходит', '-100')]"
"[('а', '-100'), ('мой', '-100'), ('сын', '-100'), ('был', 'D'), ('тут', '-100'), ('сидел', 'D'), ('и', '-100'), ('так', '-100'), ('в', '-100'), ('окно', '-100'), ('то-то', '-100'), ('прижался', '-100'), ('к', '-100')]"
"[('не', '-100'), ('стеснявши', 'D'), ('доча', 'D'), ('бери', '-100'), ('эту', '-100')]"
"[('у', '-100'), ('неё', '-100'), ('на', '-100'), ('дому', '-100'), ('был', '-100'), ('медпункт', '-100'), ('в', '-100'), ('одной', '-100'), ('комнате', '-100'), ('она', '-100'), ('там', '-100'), ('жила', '-100'), ('там', '-100'), ('куфня', 'D'), ('у', '-100'), ('неё', '-100'), ('была', '-100'), ('а', '-100'), ('одна', '-100'), ('комната', '-100'), ('она', '-100'), ('принимала', '-100'), ('народ', '-100')]"
"[('к', '-100'), ('ней', '-100'), ('ходили', '-100'), ('на', '-100'), ('дом', '-100'), ('и', '-100'), ('она', '-100'), ('ходила', '-100'), ('в', '-100'), ('школу', '-100'), ('к', '-100'), ('нам', '-100'), ('в', '-100'), ('степаньково', 'D')]"
"[('раньше', '-100'), ('воши', 'D'), ('были', '-100'), ('травила', 'D'), ('дустом', '-100'), ('сначала', '-100'), ('был', '-100'), ('дуст', '-100'), ('а', '-100'), ('потом', '-100'), ('какая-то', '-100'), ('такая', '-100'), ('мазь', '-100'), ('такая', '-100'), ('мазь', '-100'), ('знаете', '-100'), ('не', '-100'), ('вымыть', '-100'), ('потом', '-100')]"
"[('такие', '-100'), ('настойки', '-100'), ('делаешь', '-100'), ('сырени', 'D'), ('цветы', '-100'), ('ну', '-100'), ('помогает', '-100'), ('может', '-100'), ('быть', '-100'), ('самовнушение', '-100'), ('так', '-100'), ('что', '-100'), ('кажется', '-100'), ('помогает', '-100')]"
"[('а', '-100'), ('у', '-100'), ('меня', '-100'), ('у', '-100'), ('дочки', '-100'), ('есть', '-100'), ('мёд', '-100'), ('пчёл', 'D'), ('он', '-100'), ('держит', '-100'), ('маленько', 'D'), ('да', '-100')]"
"[('ну', '-100'), ('и', '-100'), ('что', '-100'), ('и', '-100'), ('полю', '-100'), ('и', '-100'), ('пополола', '-100'), ('не', '-100'), ('кусалися', 'D')]"
"[('потом', '-100'), ('пошли', '-100'), ('после', '-100'), ('этого', '-100'), ('полония', 'D'), ('грязная', '-100'), ('ж', '-100'), ('такая', '-100'), ('пойду', '-100'), ('баня', '-100'), ('у', '-100'), ('них', '-100'), ('баня', '-100'), ('своя', '-100'), ('пойду', '-100'), ('помоюся', 'D'), ('с', 'D'), ('бани', 'D'), ('вышла', '-100'), ('одна', '-100'), ('сюда', '-100'), ('одна', '-100'), ('в', '-100'), ('палец', '-100'), ('одна', '-100'), ('сюда', '-100'), ('только', '-100'), ('жало', '-100')]"
"[('одна', '-100'), ('сестра', '-100'), ('она', '-100'), ('в', '-100'), ('ленинграде', '-100'), ('жила', '-100'), ('сейчас', '-100'), ('переехала', '-100'), ('сюда', '-100'), ('живет', '-100'), ('сейчас', '-100'), ('она', '-100'), ('живет', '-100'), ('в', '-100'), ('родительским', 'D'), ('доме', 'D'), ('родительским', 'D'), ('доме', 'D'), ('вот', '-100'), ('как', '-100'), ('идешь', '-100'), ('туда', '-100'), ('налево', '-100'), ('такой', '-100'), ('дом', '-100')]"
"[('обшитая', '-100'), ('дом', '-100'), ('такой', '-100'), ('покрашено', 'D'), ('пристройка', '-100'), ('желтая', '-100'), ('там', '-100'), ('она', '-100'), ('живёт', '-100'), ('и', '-100'), ('сестра', '-100'), ('в', '-100'), ('старой', '-100'), ('торопе', 'D'), ('живёт', '-100'), ('у', '-100'), ('меня', '-100')]"
"[('да', '-100'), ('вот', '-100'), ('я', '-100'), ('мне', '-100'), ('ольке', '-100'), ('семьдесят', '-100'), ('мне', '-100'), ('вот', '-100'), ('шестьдесят', '-100'), ('восемь', '-100'), ('будет', '-100'), ('девятнадцатое', 'D')]"
"[('вера', '-100'), ('первого', '-100'), ('января', '-100'), ('родилася', 'D'), ('будет', '-100'), ('пятьдесят', '-100'), ('семь', '-100')]"
"[('кровать', '-100'), ('эта', '-100'), ('бах', '-100'), ('на', '-100'), ('пол', '-100'), ('ярка', '-100'), ('вох', 'D'), ('на', '-100'), ('пол', '-100'), ('испугалася', 'D'), ('что', '-100'), ('убила', '-100'), ('не', '-100'), ('мамки', 'D'), ('как', '-100'), ('раз', '-100'), ('дома', '-100'), ('не', '-100'), ('было', '-100')]"
"[('кашку', '-100'), ('манненькую', 'D'), ('и', '-100'), ('кормили', '-100'), ('с', '-100'), ('ложечки', '-100'), ('уже', '-100'), ('когда', '-100'), ('была', '-100'), ('побольше', '-100'), ('не', '-100'), ('говорю', '-100'), ('уже', '-100'), ('такая', '-100')]"
"[('хлеба', '-100'), ('белого', '-100'), ('хлеба', '-100'), ('белого', '-100'), ('рады', '-100'), ('тётка', '-100'), ('с', 'D'), ('ленинграда', 'D'), ('было', 'D'), ('полный', 'D'), ('чемодан', '-100'), ('батона', '-100'), ('везёт', '-100')]"
"[('она', '-100'), ('ездит', '-100'), ('к', '-100'), ('к', '-100'), ('мамке', 'D'), ('мамка', 'D'), ('в', '-100'), ('щелкине', 'D'), ('жила', '-100'), ('у', '-100'), ('неё', '-100')]"
"[('поесть', '-100'), ('хлеба', '-100'), ('белого', '-100'), ('с', '-100'), ('молоком', '-100'), ('или', '-100'), ('с', '-100'), ('чаем', '-100'), ('у', '-100'), ('бабушки', '-100'), ('чай', '-100'), ('обварено', 'D'), ('мятой', '-100'), ('мята', '-100'), ('по', '-100'), ('всему', '-100'), ('дому', '-100'), ('запах', '-100'), ('обалденно', '-100'), ('вкусно', '-100'), ('так', '-100'), ('пахнет', '-100'), ('мятой', '-100')]"
"[('пекла', '-100'), ('как-то', '-100'), ('давно', '-100'), ('надо', '-100'), ('будет', '-100'), ('спечь', 'D')]"
"[('а', '-100'), ('вот', '-100'), ('нравился', '-100'), ('такой', '-100'), ('крепкий', '-100'), ('мороженный', 'E')]"
"[('ту', 'D'), ('а', '-100'), ('родители', '-100'), ('знали', '-100'), ('что', '-100'), ('они', '-100'), ('знали', '-100')]"
"[('срывали', '-100'), ('с', 'D'), ('сольцей', 'D'), ('молока', '-100'), ('бутылка', '-100')]"
"[('хлеб', '-100'), ('чёрный', '-100'), ('помочишь', '-100'), ('в', '-100'), ('водичку', '-100'), ('песком', '-100'), ('осыпешь', 'D'), ('другую', '-100'), ('скроечку', 'D'), ('помочишь', '-100'), ('песком', '-100'), ('осыпешь', 'D'), ('одна', '-100'), ('на', '-100'), ('одну', '-100'), ('сложишь', '-100')]"
"[('ну', '-100'), ('нет', '-100'), ('делают', '-100'), ('наверное', '-100'), ('продают', '-100'), ('на', '-100'), ('рынок', '-100'), ('возят', '-100'), ('наверное', '-100'), ('тут', '-100'), ('сейчас', '-100'), ('коров', '-100'), ('мало', '-100'), ('осталося', 'D'), ('у', '-100'), ('нас', '-100'), ('в', '-100'), ('деревне', '-100'), ('сейчас', '-100'), ('скажу', '-100'), ('сколько', '-100'), ('раз', '-100')]"
"[('а', '-100'), ('я', '-100'), ('не', '-100'), ('я', '-100'), ('в', '-100'), ('магазине', '-100'), ('возьму', '-100'), ('себе', '-100'), ('и', '-100'), ('всё', '-100'), ('ту', 'D')]"
"[('и', '-100'), ('смотрю', '-100'), ('пеночка', '-100'), ('подымается', 'D'), ('опускаю', '-100'), ('ложечкой', '-100'), ('туда', '-100'), ('чтоб', 'D'), ('она', '-100'), ('туда', '-100'), ('ушла', '-100'), ('в', '-100'), ('молоко', '-100'), ('опять', '-100'), ('она', '-100'), ('подымается', 'D'), ('опять', '-100'), ('опускаю', '-100')]"
"[('и', '-100'), ('так', '-100'), ('она', '-100'), ('у', '-100'), ('меня', '-100'), ('стоит', '-100'), ('ну', '-100'), ('печка', '-100'), ('топится', '-100'), ('с', '-100'), ('утра', '-100'), ('до', '-100'), ('обеда', '-100'), ('она', '-100'), ('стоит', '-100'), ('у', '-100'), ('печки', '-100'), ('вытянешь', '-100'), ('менка', 'D'), ('жирная', 'D'), ('молоко', '-100'), ('шоколадное', '-100')]"
"[('ну', '-100'), ('кто', '-100'), ('хочет', '-100'), ('добава', 'D'), ('а', '-100'), ('я', '-100'), ('не', '-100'), ('я', '-100'), ('вообще', '-100'), ('сахар', '-100'), ('не', '-100'), ('и', '-100'), ('вот', '-100'), ('оно', '-100'), ('стоит', '-100'), ('же', 'D'), ('во-первых', '-100'), ('долго', '-100')]"
"[('творог', '-100'), ('свой', '-100'), ('деловали', 'D'), ('ту', 'D')]"
"[('остаётся', '-100'), ('обрат', 'D'), ('он', '-100'), ('постоит', '-100'), ('так', '-100'), ('может', '-100'), ('сутки', '-100')]"
"[('молотили', '-100'), ('его', '-100'), ('потом', '-100'), ('стлали', 'D'), ('тягали', '-100'), ('тягала', '-100'), ('я', '-100'), ('ходила', '-100'), ('с', '-100'), ('мамкой', '-100'), ('помогала', '-100'), ('в', '-100'), ('поле', '-100'), ('в', 'E'), ('ручную', 'E')]"
"[('молотиловка', 'D'), ('называлося', 'D')]"
"[('потом', '-100'), ('опять', '-100'), ('собирали', '-100'), ('потом', '-100'), ('кто-то', '-100'), ('сдавать', '-100'), ('возила', '-100'), ('машина', '-100'), ('на', '-100'), ('льновый', 'D'), ('комбинат', '-100'), ('куда-то', '-100'), ('вот', '-100')]"
"[('ну', '-100'), ('брали', '-100'), ('хотя', '-100'), ('там', '-100'), ('говорила', '-100'), ('это', '-100'), ('самое', '-100'), ('бригадир', '-100'), ('не', '-100'), ('трогать', '-100'), ('а', '-100'), ('бабы', '-100'), ('наглые', '-100'), ('были', '-100'), ('ту', 'D')]"
"[('ту', 'D'), ('бывало', 'D'), ('смотришь', '-100'), ('кучки', '-100'), ('лежат', '-100'), ('отобрано', '-100'), ('себе', '-100'), ('какая', '-100'), ('надо', '-100'), ('какая', '-100'), ('понравилася', 'D')]"
"[('не', '-100'), ('из', '-100'), ('льна', 'D'), ('мы', '-100'), ('не', '-100'), ('делали', '-100'), ('увозили', '-100'), ('куда-то', '-100'), ('его', '-100'), ('на', 'D'), ('машина', 'D'), ('увозила', '-100'), ('наверное', '-100'), ('специально', '-100'), ('на', '-100'), ('эти', '-100')]"
"[('ту', 'D'), ('наглые', '-100'), ('шли', '-100'), ('бабы', '-100'), ('и', '-100'), ('несли', '-100'), ('карманы', '-100'), ('несли', '-100'), ('все', '-100'), ('полные', '-100'), ('такие', '-100'), ('халаты', '-100'), ('большие', '-100'), ('с', '-100'), ('карманами', '-100'), ('это', '-100'), ('корзинка', '-100'), ('на', '-100'), ('плече', '-100'), ('и', '-100'), ('баба', '-100'), ('такая', '-100'), ('у', '-100'), ('нас', '-100'), ('одна', '-100'), ('была', '-100'), ('корзина', '-100'), ('большая', '-100'), ('так', '-100'), ('она', '-100'), ('висит', '-100'), ('на', '-100'), ('шее', '-100'), ('она', '-100'), ('впивши', 'D'), ('сама', '-100'), ('вот', '-100'), ('так', '-100'), ('согнувши', 'D'), ('тяжело', '-100')]"
"[('там', '-100'), ('несёт', '-100'), ('может', '-100'), ('килограмм', '-100'), ('двадцать', '-100'), ('ту', 'D')]"
"[('ай', '-100'), ('говорят', '-100'), ('невкусная', '-100'), ('колхозная', '-100'), ('картошка', '-100'), ('ту', 'D'), ('зачем', '-100'), ('не', '-100'), ('буду', '-100'), ('брать', '-100')]"
"[('когда', '-100'), ('своя', '-100'), ('плохо', '-100'), ('родилася', 'D'), ('а', '-100'), ('в', '-100'), ('колхозе', '-100'), ('всегда', '-100'), ('родилася', 'D'), ('там', '-100'), ('наверно', '-100'), ('толи', 'E'), ('удобряли', '-100'), ('удобрения', '-100'), ('сеяли', 'D'), ('может', '-100'), ('быть', '-100')]"
"[('чтоб', '-100'), ('толстая', '-100'), ('картошка', '-100'), ('так', '-100'), ('выкопаешь', '-100'), ('вот', '-100'), ('такие', '-100'), ('лежат', '-100'), ('поросяты', 'D'), ('большая', '-100'), ('огромная', '-100'), ('картошка', '-100')]"
"[('не', '-100'), ('шесть', '-100'), ('таких', '-100'), ('бороздок', '-100'), ('посажено', '-100'), ('у', '-100'), ('мине', 'D'), ('мне', '-100'), ('хватит', '-100')]"
"[('и', '-100'), ('чеснок', '-100'), ('и', '-100'), ('лук', '-100'), ('посажено', 'D'), ('и', '-100'), ('три', '-100'), ('помидорины', 'D'), ('детки', '-100'), ('осталося', 'D'), ('а', '-100'), ('зачем', '-100'), ('мне', '-100'), ('дочь', '-100'), ('ещё', '-100'), ('есть', '-100'), ('помидоры', '-100'), ('есть', '-100'), ('и', '-100'), ('огурцы', '-100'), ('есть', '-100'), ('куда', '-100'), ('я', '-100'), ('буду', '-100'), ('мне', '-100'), ('ещё', '-100'), ('есть', '-100'), ('нельзя', '-100'), ('их', '-100'), ('а', '-100'), ('надо', '-100'), ('я', '-100'), ('куплю', '-100')]"
"[('смороды', 'D'), ('нонче', 'D'), ('как-то', '-100'), ('красненькой', '-100'), ('немножко', '-100'), ('вот', '-100'), ('накрыла', '-100'), ('этой', '-100'), ('тюлиной', 'D'), ('эту', '-100'), ('клюют', '-100'), ('пташки', '-100')]"
"[('такая', '-100'), ('старая', '-100'), ('тюлина', 'D'), ('была', '-100'), ('пойду', '-100'), ('думаю', '-100'), ('её', '-100'), ('чтоб', '-100'), ('они', '-100'), ('не', '-100'), ('лазили', '-100')]"
"[('компот', '-100'), ('может', '-100'), ('две', '-100'), ('банки', '-100'), ('две', '-100'), ('сделаю', 'D'), ('или', '-100'), ('сварю', '-100'), ('варенье', '-100')]"
"[('а', '-100'), ('не', '-100'), ('это', '-100'), ('делают', '-100'), ('эту', 'D'), ('как', '-100'), ('ее', '-100'), ('называется', '-100'), ('желе', 'D')]"
"[('а', '-100'), ('компот', '-100'), ('же', '-100'), ('как', '-100'), ('делаем', '-100'), ('тоже', '-100'), ('с', 'D'), ('косточкам', 'D')]"
"[('я', '-100'), ('делала', '-100'), ('не', '-100'), ('сливы', '-100'), ('когда', '-100'), ('бывают', '-100'), ('делают', '-100'), ('с', 'D'), ('яблок', 'D'), ('делаю', '-100')]"
"[('с', '-100'), ('смороды', '-100'), ('чёрной', '-100'), ('и', '-100'), ('красной', '-100'), ('когда', '-100'), ('сморода', '-100'), ('чёрная', 'D'), ('и', '-100'), ('с', '-100'), ('черникой', '-100'), ('вместе', '-100')]"
"[('вот', '-100'), ('до', '-100'), ('этого', '-100'), ('были', '-100'), ('да', '-100'), ('когда', '-100'), ('ещё', '-100'), ('до', '-100'), ('меня', '-100'), ('вот', '-100'), ('женилися', 'D'), ('с', '-100'), ('панова', 'D'), ('там', '-100'), ('у', '-100'), ('них', '-100'), ('лошади', '-100'), ('были', '-100'), ('запряжённые', '-100')]"
"[('эти', '-100'), ('звонки', '-100'), ('звенели', '-100'), ('венки', '-100'), ('сделано', 'D'), ('вот', '-100'), ('они', '-100'), ('на', '-100'), ('лошади', '-100'), ('ехали', '-100')]"
"[('это', '-100'), ('ещё', '-100'), ('так', '-100'), ('я', '-100'), ('дома', '-100'), ('не', '-100'), ('одевши', 'D'), ('так', '-100'), ('болтаюся', 'D'), ('что', '-100'), ('надо', '-100'), ('вот', '-100'), ('хотела', '-100'), ('на', '-100'), ('куфне', 'D'), ('помыть', '-100'), ('там', '-100'), ('надо', '-100'), ('шкафы', '-100'), ('отодвинуть', '-100'), ('все', '-100')]"
"[('всё', '-100'), ('такое', '-100'), ('давно', '-100'), ('не', '-100'), ('мылося', 'D')]"
"[('а', '-100'), ('вот', '-100'), ('у', '-100'), ('мене', 'D'), ('жила', '-100'), ('свёкр', '-100'), ('со', '-100'), ('свекровой', 'D'), ('они', '-100'), ('были', '-100'), ('однофамильцы', '-100')]"
"[('они', '-100'), ('не', '-100'), ('расписывались', '-100'), ('не', '-100'), ('расписавши', 'D'), ('так', '-100'), ('и', '-100'), ('прожили', '-100'), ('и', '-100'), ('умерли', '-100')]"
"[('там', '-100'), ('было', '-100'), ('народу', '-100'), ('и', '-100'), ('осталося', 'D'), ('всего', '-100'), ('ещё', '-100'), ('на', '-100'), ('столько', '-100'), ('народу', '-100'), ('и', '-100'), ('мы', '-100'), ('на', '-100'), ('второй', '-100'), ('день', '-100'), ('и', '-100'), ('раздавали', '-100'), ('по', '-100'), ('домам', '-100'), ('берите', '-100'), ('кому', '-100'), ('что', '-100'), ('надо', '-100'), ('кому', '-100'), ('берите', '-100'), ('было', 'D'), ('наготовлено', 'D'), ('и', '-100'), ('мы', '-100'), ('всё', '-100'), ('сами', '-100')]"
"[('всего', '-100'), ('наготовлено', 'D'), ('было', 'D'), ('было', '-100'), ('много', '-100'), ('приглашенных', '-100'), ('но', '-100'), ('не', '-100'), ('все', '-100'), ('приехали', '-100'), ('кому', '-100'), ('на', '-100'), ('работу', '-100'), ('кому', '-100'), ('что', '-100'), ('у', '-100'), ('каждого', '-100'), ('причина', '-100'), ('но', '-100'), ('осталось', '-100'), ('всё', '-100')]"
"[('где', '-100'), ('ты', '-100'), ('покушаешь', '-100'), ('ты', '-100'), ('одного', 'D'), ('покушал', '-100'), ('два', '-100'), ('и', '-100'), ('всё', '-100'), ('сыт', 'D'), ('уже', '-100'), ('ну', '-100')]"
"[('и', '-100'), ('она', '-100'), ('какой-то', '-100'), ('цезарь', '-100'), ('делает', '-100'), ('ой', '-100'), ('это', '-100'), ('что', '-100'), ('там', '-100'), ('не', '-100'), ('знамо', 'D')]"
"[('не', '-100'), ('не', '-100'), ('ездию', 'D'), ('не', '-100'), ('ездим', '-100'), ('мы', '-100')]"
"[('а', '-100'), ('в', '-100'), ('западную', '-100'), ('в', '-100'), ('западную', '-100'), ('ездию', 'D'), ('дочь', '-100')]"
"[('в', '-100'), ('западную', '-100'), ('тут', '-100'), ('как-то', '-100'), ('стригла', '-100'), ('приехадчи', 'D'), ('была', 'D'), ('знакомая', '-100'), ('ларисина', 'D')]"
"[('ой', '-100'), ('ууу', '-100'), ('укусит', '-100'), ('сразу', '-100'), ('такой', '-100'), ('был', '-100'), ('строгий', '-100'), ('потом', '-100'), ('он', '-100'), ('начальник', '-100'), ('поставила', 'D'), ('мыши', '-100'), ('появились', '-100'), ('на', '-100'), ('почте', '-100'), ('откуда', '-100'), ('не', '-100'), ('знаю', '-100'), ('она', '-100'), ('принесла', '-100'), ('с', '-100'), ('дому', '-100'), ('потравить', '-100'), ('тушенка', '-100'), ('там', '-100'), ('с', '-100'), ('чем-то', '-100'), ('у', '-100'), ('неё', '-100'), ('было', 'D'), ('а', '-100'), ('я-то', '-100'), ('не', '-100'), ('знала', '-100'), ('мы', '-100'), ('пришли', '-100'), ('на', '-100'), ('почту', '-100'), ('он', '-100'), ('шалык', 'D'), ('а', '-100'), ('он', '-100'), ('это', '-100'), ('съел', '-100'), ('это', '-100'), ('всё', '-100'), ('и', '-100'), ('как', '-100'), ('ему', '-100'), ('потом', '-100'), ('плохо', '-100'), ('он', '-100'), ('всё', '-100'), ('пил', '-100'), ('всё', '-100'), ('время', '-100'), ('и', '-100'), ('потом', '-100'), ('он', '-100'), ('умёр', '-100'), ('отравился', '-100')]"
"[('а', '-100'), ('мы', 'D'), ('я-то', '-100'), ('не', '-100'), ('была', '-100'), ('тогда', '-100'), ('во', '-100'), ('мху', 'D'), ('поехали', '-100'), ('в', 'D'), ('мох', 'D'), ('в', 'D'), ('клюкву', 'D'), ('далеко', '-100'), ('туда', '-100'), ('за', '-100'), ('за', '-100'), ('паново', 'D'), ('километров', '-100'), ('за', '-100'), ('восемь', '-100')]"
"[('так', '-100'), ('он', '-100'), ('и', '-100'), ('не', '-100'), ('пришёл', '-100'), ('я', '-100'), ('его', '-100'), ('полный', 'D'), ('месяц', '-100'), ('ждала', '-100'), ('думаю', '-100'), ('ой', 'D'), ('зашёл', '-100'), ('заблудился', '-100'), ('придёт-придёт', '-100'), ('выйду', '-100'), ('на', '-100'), ('дорогу', '-100'), ('нету', '-100'), ('выйду', '-100'), ('нету', '-100'), ('так', '-100'), ('он', '-100'), ('и', '-100'), ('не', '-100'), ('пришёл', '-100')]"
"[('ну', '-100'), ('вот', '-100'), ('мы', '-100'), ('на', '-100'), ('экскурсию', '-100'), ('у', 'D'), ('у', 'D'), ('брянск', 'D'), ('ездили', '-100'), ('в', '-100'), ('брест', '-100'), ('на', '-100'), ('экскурсию', '-100'), ('ездили', '-100')]"
"[('парни', '-100'), ('говорят', '-100'), ('что', '-100'), ('сидите', '-100'), ('купайтеся', 'D')]"
"[('хватанула', 'D'), ('водички', '-100'), ('немножко', '-100'), ('всё', '-100'), ('воды', '-100'), ('боюсь', '-100'), ('всё', '-100')]"
"[('у', '-100'), ('нас', '-100'), ('так', '-100'), ('одна', '-100'), ('девочка', '-100'), ('пошла', '-100'), ('в', '-100'), ('со', 'D'), ('школы', 'D'), ('купаться', '-100'), ('на', '-100'), ('речку', '-100'), ('и', '-100'), ('утонула', '-100'), ('это', '-100'), ('уже', '-100'), ('давно', '-100')]"
"[('хочете', 'D'), ('сходить', '-100')]"
"[('ой', '-100'), ('даже', '-100'), ('тебе', '-100'), ('не', '-100'), ('могу', '-100'), ('сказать', '-100'), ('я', '-100'), ('всё', '-100'), ('забыла', '-100'), ('сынок', '-100'), ('сколько', '-100'), ('это', '-100'), ('уже', '-100'), ('время', 'D'), ('прошло', '-100')]"
"[('некоторые', '-100'), ('ты', '-100'), ('знаешь', '-100'), ('как', '-100'), ('помнят', '-100'), ('хорошо', '-100'), ('у', '-100'), ('нас', '-100'), ('вот', '-100'), ('такой', '-100'), ('дед', '-100'), ('живёт', '-100'), ('в', '-100'), ('шетневе', 'D'), ('сомов', '-100'), ('называют', '-100'), ('его', '-100'), ('фамилия', '-100')]"
"[('в', '-100'), ('шетнево', 'D'), ('вот', '-100'), ('первый', '-100'), ('сразу', '-100'), ('идёшь', '-100'), ('крайний', '-100'), ('дом', '-100'), ('такой', '-100'), ('зелёный', '-100')]"
"[('он', '-100'), ('там', '-100'), ('работал', '-100'), ('там', '-100'), ('же', '-100'), ('все', '-100'), ('и', '-100'), ('запчастя', 'D'), ('были', '-100'), ('мы', '-100'), ('же', '-100'), ('ездили', '-100'), ('получить', '-100'), ('в', '-100'), ('старую', '-100'), ('торопу', 'D'), ('запчастя', 'D'), ('для', '-100'), ('техники', '-100')]"
"[('тут', '-100'), ('люди', '-100'), ('сидели', '-100'), ('машины', '-100'), ('а', '-100'), ('сейчас', '-100'), ('не', 'D')]"
"[('а', '-100'), ('сейчас', '-100'), ('вот', '-100'), ('в', '-100'), ('воскресенье', '-100'), ('никого', '-100'), ('не', '-100'), ('увидишь', '-100'), ('вообще', '-100'), ('сейчас', '-100'), ('хоть', '-100'), ('в', '-100'), ('магазин', '-100'), ('кто-то', '-100'), ('хлеб', '-100'), ('там', '-100'), ('или', '-100'), ('что', '-100'), ('а', '-100'), ('так', '-100'), ('посиди', '-100'), ('в', '-100'), ('воскресенье', '-100'), ('никого', '-100'), ('не', '-100'), ('увидишь', '-100'), ('как', '-100'), ('отмёрши', 'D'), ('деревня', '-100')]"
"[('тута', 'D'), ('был', '-100'), ('вот', '-100'), ('тута', 'D'), ('где', '-100'), ('сейчас', '-100'), ('тут', '-100'), ('построено', 'D'), ('дом', '-100'), ('такие', 'D'), ('такие', 'D'), ('большая', 'D'), ('эта', '-100'), ('свалка', '-100'), ('земле', 'D'), ('у', '-100'), ('такая', '-100'), ('как', '-100'), ('копёшка', 'D'), ('такая', '-100'), ('тут', '-100'), ('клуб', '-100'), ('стоял', '-100'), ('у', '-100'), ('нас', '-100'), ('деревянный', '-100'), ('был', '-100'), ('клуб', '-100')]"
"[('а', '-100'), ('когда', '-100'), ('построили', '-100'), ('новую', '-100'), ('тогда', '-100'), ('его', '-100'), ('потом', '-100'), ('наверно', '-100'), ('разобрали', '-100'), ('куда', '-100'), ('его', '-100'), ('я', '-100'), ('не', '-100'), ('знаю', '-100'), ('его', '-100'), ('сделали', '-100'), ('он', '-100'), ('старый', '-100'), ('стал', '-100'), ('вот', '-100'), ('мы', '-100'), ('стали', '-100'), ('уваливаться', 'D'), ('и', '-100')]"
"[('не', '-100'), ('новый', '-100'), ('не', '-100'), ('построили', '-100'), ('теперь', '-100'), ('у', '-100'), ('нас', '-100'), ('как', '-100'), ('едешь', '-100'), ('школа', '-100'), ('где', '-100'), ('школа', '-100'), ('была', '-100'), ('теперь', '-100'), ('школа', '-100'), ('закрылася', 'D'), ('а', '-100'), ('там', '-100'), ('в', '-100'), ('в', '-100'), ('одной', '-100'), ('школе', '-100'), ('клуб', '-100')]"
"[('у', '-100'), ('нас', '-100'), ('вот', '-100'), ('тут', '-100'), ('дом', '-100'), ('в', 'D'), ('этой', 'D'), ('стороны', 'D'), ('где', '-100'), ('баба', 'D'), ('нюра', '-100'), ('живёт', '-100'), ('через', '-100'), ('дорогу', '-100'), ('был', '-100'), ('дом', '-100'), ('сгорели', '-100'), ('дети', '-100'), ('двое', '-100')]"
"[('дети', '-100'), ('уже', '-100'), ('были', '-100'), ('большие', '-100'), ('ну', '-100'), ('как', '-100'), ('небольшенькие', 'D'), ('маленькие', '-100'), ('мамка', 'D'), ('куда-то', '-100'), ('вышла', '-100'), ('там', '-100'), ('к', '-100'), ('сестры', 'D'), ('или', '-100'), ('куда', '-100'), ('и', '-100'), ('оставила', '-100'), ('их', '-100'), ('одних', '-100'), ('дома', '-100'), ('как', '-100'), ('от', '-100'), ('чего', '-100'), ('они', '-100'), ('загорелись', '-100'), ('я', '-100'), ('даже', '-100'), ('не', '-100'), ('знаю', '-100')]"
"[('помню', '-100'), ('я', '-100'), ('ещё', '-100'), ('в', '-100'), ('школу', '-100'), ('ходила', '-100'), ('сюда', '-100'), ('в', '-100'), ('шетнево', 'D'), ('идём', '-100'), ('со', '-100'), ('школы', '-100'), ('огонь', '-100'), ('горят', 'D'), ('сгорели', '-100'), ('дом', '-100'), ('и', '-100'), ('дети', '-100'), ('сгорели', '-100')]"
"[('у', '-100'), ('нас', '-100'), ('во-первых', '-100'), ('понятия', '-100'), ('не', '-100'), ('было', '-100'), ('лазить', '-100'), ('по', '-100'), ('домам', '-100'), ('это', '-100'), ('сейчас', '-100'), ('у', '-100'), ('нас', '-100'), ('вот', '-100'), ('лежат', '-100'), ('дома', '-100'), ('старые', '-100'), ('стоят', '-100'), ('они', '-100'), ('все', '-100'), ('их', '-100'), ('облазиют', 'D'), ('всё', '-100'), ('что', '-100'), ('там', '-100'), ('есть', '-100'), ('унесут', '-100')]"
"[('не', '-100'), ('мы', '-100'), ('такого', '-100'), ('не', '-100'), ('ходили', '-100'), ('по', '-100'), ('домам', '-100'), ('стоит', '-100'), ('дом', '-100'), ('и', '-100'), ('стой', 'D'), ('он', '-100')]"
"[('по', '-100'), ('деревьям', '-100'), ('лазиют', 'D'), ('я', '-100'), ('один', 'D'), ('год', 'D'), ('пошла', '-100'), ('в', '-100'), ('эту', '-100'), ('самую', '-100'), ('в', 'D'), ('клюкву', 'D'), ('пошли', '-100'), ('с', '-100'), ('этим', '-100'), ('с', '-100'), ('мужика', '-100'), ('моего', '-100'), ('племянник', 'D'), ('он', '-100'), ('уже', '-100'), ('порядочный', '-100'), ('был', '-100')]"
"[('были', 'D'), ('санки', 'D'), ('такие', '-100'), ('сделаны', 'D'), ('вот', '-100'), ('самодельные', '-100')]"
"[('они', '-100'), ('же', '-100'), ('ж', '-100'), ('это', '-100'), ('с', 'D'), ('железа', 'D'), ('сделанные', '-100')]"
"[('это', '-100'), ('единственные', '-100'), ('санки', '-100'), ('были', '-100'), ('в', '-100'), ('это', '-100'), ('в', '-100'), ('деревне', '-100'), ('в', '-100'), ('щелкине', 'D'), ('там', '-100')]"
"[('да', '-100'), ('кузнец', 'D'), ('жил', '-100'), ('там', '-100'), ('в', '-100'), ('щелкине', 'D')]"
"[('и', '-100'), ('мы', '-100'), ('ходили', '-100'), ('со', '-100'), ('в', '-100'), ('школу', '-100'), ('ходили', '-100'), ('со', '-100'), ('щелкино', '-100'), ('у', 'D'), ('шетнево', 'D'), ('и', '-100'), ('брали', '-100'), ('с', '-100'), ('собой', '-100'), ('саночки', '-100'), ('саночки', '-100'), ('такие', '-100'), ('торговые', '-100')]"
"[('и', '-100'), ('вот', '-100'), ('там', '-100'), ('такая', '-100'), ('у', '-100'), ('нас', '-100'), ('гора', '-100'), ('крутая', '-100'), ('и', '-100'), ('с', '-100'), ('этой', '-100'), ('горы', '-100'), ('со', '-100'), ('школы', '-100'), ('санки', '-100'), ('бросали', '-100'), ('и', '-100'), ('с', '-100'), ('этой', '-100'), ('горы', '-100'), ('каталися', 'D')]"
"[('домой', '-100'), ('ишодчи', 'D'), ('а', '-100'), ('гора', '-100'), ('такая', '-100'), ('была', '-100'), ('трамплины', '-100'), ('были', '-100')]"
"[('вот', '-100'), ('таков', '-100'), ('как', '-100'), ('подымется', 'D'), ('кверху', '-100'), ('можешь', '-100'), ('и', '-100'), ('убиться', '-100'), ('даже', '-100')]"
"[('у', '-100'), ('кого', '-100'), ('торговые', '-100'), ('куплено', 'D'), ('были', '-100'), ('без', '-100'), ('задков', 'D'), ('только', '-100')]"
"[('без', '-100'), ('задков', 'D'), ('продаются', '-100'), ('и', '-100'), ('задок', 'D'), ('же', '-100'), ('сзаду', 'D'), ('а', '-100'), ('это', '-100'), ('просто', '-100'), ('так', '-100'), ('садишься', '-100'), ('на', '-100'), ('эту', '-100'), ('и', '-100'), ('просто', '-100'), ('так', '-100'), ('на', '-100'), ('коленки', '-100'), ('садишься', '-100'), ('и', '-100')]"
"[('ну', '-100'), ('они', '-100'), ('сделано', 'D'), ('были', 'D'), ('большие', '-100'), ('такие', '-100')]"
"[('ну', '-100'), ('догонялки', '-100'), ('да', '-100'), ('игралися', 'D')]"
"[('они', '-100'), ('ж', 'D'), ('знали', '-100'), ('что', '-100'), ('мы', '-100'), ('там', '-100'), ('уже', '-100'), ('это', '-100'), ('находимся', '-100'), ('не', '-100'), ('боялися', 'D')]"
"[('ну', '-100'), ('не', '-100'), ('ножницы', '-100'), ('такие', '-100'), ('большие', '-100'), ('вон', '-100'), ('у', '-100'), ('меня', '-100'), ('лариса', '-100'), ('стригёт', 'D'), ('у', '-100'), ('ней', '-100'), ('бывает', '-100'), ('тридцать', '-100'), ('штук', '-100'), ('всех', '-100')]"
"[('а', '-100'), ('раньше', '-100'), ('дочь', '-100'), ('это', '-100'), ('чесали', '-100'), ('шерсть', '-100'), ('пряли', '-100'), ('вязали', '-100'), ('сейчас', '-100'), ('всё', '-100'), ('заброшилось', 'D'), ('это', '-100')]"
"[('ездила', '-100'), ('за', '-100'), ('год', '-100'), ('за', '-100'), ('год', '-100'), ('контора', '-100'), ('на', '-100'), ('валенки', '-100'), ('брали', '-100'), ('там', '-100'), ('что', '-100'), ('они', '-100'), ('делали', '-100'), ('а', '-100'), ('сейчас', '-100'), ('не', 'D')]"
"[('куда-то', '-100'), ('ездили', '-100'), ('где', '-100'), ('чесалка', 'D'), ('шерсть', '-100'), ('чесать', '-100'), ('куда-то', '-100'), ('не', '-100'), ('здесь', '-100')]"
"[('а', '-100'), ('я', '-100'), ('как-то', '-100'), ('не', '-100'), ('знаю', '-100'), ('что', '-100'), ('я', '-100'), ('так', '-100'), ('располошилася', 'D'), ('я', '-100'), ('не', '-100'), ('знаю', '-100'), ('стала', '-100'), ('кидать', '-100'), ('шерсть', '-100'), ('на', '-100'), ('эту', '-100'), ('штуку', '-100'), ('и', '-100'), ('мне', '-100'), ('как', '-100'), ('эту', '-100'), ('руку', '-100'), ('ой-ай', '-100')]"
"[('ну', '-100'), ('теперь', '-100'), ('мы', '-100'), ('её', '-100'), ('да', '-100'), ('чесали', '-100'), ('а', '-100'), ('теперь', '-100'), ('не', 'D')]"
"[('всё', '-100'), ('стало', '-100'), ('ненадобно', 'D'), ('это', '-100'), ('всё', '-100'), ('это', '-100'), ('раньше', '-100'), ('это', '-100'), ('всё', '-100'), ('был', '-100'), ('спрос', '-100')]"
"[('она', '-100'), ('и', '-100'), ('чесала', '-100'), ('раньше', '-100'), ('такие', '-100'), ('чески', 'D'), ('были', '-100'), ('такие', '-100'), ('вот', '-100'), ('такая', '-100'), ('решётка', '-100'), ('такие', '-100'), ('гвоздики', '-100'), ('набито', 'D'), ('ручки', '-100'), ('такие', '-100'), ('они', '-100')]"
"[('раньше', '-100'), ('ж', '-100'), ('это', '-100'), ('всё', '-100'), ('к', '-100'), ('старости', '-100'), ('собиралися', 'D'), ('вот', '-100'), ('так', '-100'), ('вечерами', '-100'), ('пряли', '-100'), ('вязали', '-100'), ('посиделки', '-100'), ('называлися', 'D'), ('были', '-100')]"
"[('и', '-100'), ('заплатки', '-100'), ('вот', '-100'), ('порвался', 'D'), ('штанина', '-100'), ('заплатка', '-100')]"
"[('порвалось', '-100'), ('там', '-100'), ('где-то', '-100'), ('тута', 'D'), ('зашивали', '-100')]"
"[('я', '-100'), ('помню', '-100'), ('мне', '-100'), ('тётка', '-100'), ('прислала', '-100'), ('платье', '-100'), ('на', '-100'), ('выпускной', '-100'), ('вечер', '-100'), ('в', '-100'), ('степаньково', 'D'), ('в', '-100'), ('восьмой', '-100'), ('класс', '-100'), ('ходила', '-100'), ('я', '-100')]"
"[('зелёное', '-100'), ('помню', '-100'), ('и', '-100'), ('что', '-100'), ('я', '-100'), ('не', '-100'), ('понимавши', 'D'), ('взяла', '-100'), ('дай', '-100'), ('поглажу', '-100'), ('его', '-100')]"
"[('знакомая', '-100'), ('там', '-100'), ('работала', '-100'), ('от', '-100'), ('нас', '-100'), ('она', '-100'), ('с', '-100'), ('шетнево', 'D'), ('женщина', '-100'), ('поехала', '-100'), ('маша', '-100'), ('говорю', '-100'), ('как', '-100'), ('что', '-100'), ('мне', '-100'), ('делать', '-100'), ('ну', '-100'), ('вот', '-100'), ('выпускной', '-100'), ('теперь', '-100'), ('тута', 'D'), ('мне', '-100'), ('дырочка', '-100')]"
"[('поедем', '-100'), ('в', '-100'), ('торопец', 'D'), ('а', 'D'), ('какие', '-100'), ('мы', '-100'), ('ещё', '-100'), ('нигде', '-100'), ('не', '-100'), ('были', '-100'), ('лида', '-100'), ('поедем', '-100'), ('в', '-100'), ('торопец', 'D'), ('дали', '-100'), ('нам', '-100'), ('на', '-100'), ('туфли', '-100')]"
"[('а', '-100'), ('на', '-100'), ('каблучке', '-100'), ('у', '-100'), ('ей', 'D'), ('один', '-100'), ('рисунок', '-100'), ('у', '-100'), ('меня', '-100'), ('другой', '-100'), ('ну', '-100'), ('разные', '-100')]"
"[('а', '-100'), ('сейчас', '-100'), ('одежды', '-100'), ('хоть', '-100'), ('у', '-100'), ('мене', 'D'), ('полный', '-100'), ('шкаф', '-100')]"
"[('не', '-100'), ('хочу', '-100'), ('дома', '-100'), ('шлёпаешь', '-100'), ('тут', '-100'), ('ну', '-100'), ('разве', '-100'), ('будешь', '-100'), ('хорошую', '-100'), ('одевать', 'D'), ('что', '-100'), ('надо', '-100'), ('всё', '-100'), ('делать', '-100'), ('в', '-100'), ('огород', 'D'), ('той', 'D'), ('сюда', '-100')]"
"[('всё', '-100'), ('моя', '-100'), ('мама', '-100'), ('говорила', '-100'), ('покойная', '-100'), ('дочь', '-100'), ('я', '-100'), ('не', '-100'), ('хочу', '-100'), ('одеваться', '-100'), ('у', '-100'), ('меня', '-100'), ('много', '-100'), ('тоже', '-100'), ('одёжды', 'D'), ('было', '-100'), ('а', '-100'), ('я', '-100'), ('теперь', '-100'), ('не', '-100'), ('хочу', '-100'), ('была', '-100'), ('молодая', '-100'), ('одевалась', '-100'), ('а', '-100'), ('теперь', '-100'), ('я', '-100'), ('не', '-100'), ('хочу', '-100')]"
"[('у', '-100'), ('бабе', '-100'), ('этой', '-100'), ('нюрки', '-100'), ('вот', '-100'), ('у', '-100'), ('ей', 'D'), ('сколько', '-100'), ('детей', '-100')]"
"[('вот', '-100'), ('жили', '-100'), ('так', '-100'), ('умещалися', 'D')]"
"[('а', '-100'), ('я', '-100'), ('тоже', '-100'), ('вот', '-100'), ('холодные', '-100'), ('зимы', '-100'), ('были', '-100'), ('бывало', '-100'), ('прибегу', '-100'), ('с', '-100'), ('магазина', '-100'), ('ой', '-100'), ('холодно', '-100'), ('замерзши', 'D'), ('всё', '-100'), ('ой', '-100'), ('я', '-100'), ('не', '-100'), ('обедала', '-100'), ('я', '-100'), ('скорей', '-100'), ('на', '-100'), ('печку', '-100')]"
"[('мамка', 'D'), ('моя', '-100'), ('бывало', '-100'), ('придёт', '-100'), ('ко', '-100'), ('мне', '-100'), ('когда', '-100'), ('в', '-100'), ('воскресенье', '-100'), ('а', '-100'), ('я', '-100'), ('на', '-100'), ('печке', '-100'), ('днём', '-100'), ('ты', '-100'), ('всё', '-100'), ('на', '-100'), ('печке', '-100'), ('у', '-100'), ('тебе', 'D'), ('все', '-100'), ('мозги', '-100'), ('высохнут', '-100'), ('что', '-100'), ('ты', '-100'), ('делаешь', '-100'), ('а', '-100'), ('я', '-100'), ('не', '-100'), ('могу', '-100'), ('холодно', '-100')]"
"[('ещё', '-100'), ('у', '-100'), ('мене', 'D'), ('потолок', '-100'), ('высокий', '-100'), ('то', '-100'), ('не', '-100'), ('так', '-100'), ('а', '-100'), ('есть', '-100'), ('низко', '-100'), ('там', '-100'), ('это', '-100'), ('же', '-100'), ('как', '-100'), ('задыхаться', '-100'), ('можешь', '-100')]"
"[('была', '-100'), ('давно', '-100'), ('дочь', '-100'), ('там', '-100'), ('подруга', '-100'), ('моя', '-100'), ('замуж', 'D'), ('уходила', 'D'), ('не', '-100'), ('коськово', 'D'), ('а', '-100'), ('ой', '-100'), ('забыла', '-100'), ('как', '-100')]"
"[('пахоново', 'D'), ('по-моему', '-100'), ('один', '-100'), ('раз', '-100'), ('это', '-100'), ('давно', '-100'), ('ещё', '-100'), ('только', '-100'), ('сколько', '-100'), ('это', '-100'), ('прошло', '-100'), ('замуж', '-100'), ('она', '-100'), ('уходила', '-100'), ('молодая', '-100'), ('больше', '-100'), ('не', '-100'), ('была', '-100')]"
"[('нет', '-100'), ('у', '-100'), ('мене', 'D'), ('маленький', '-100'), ('дом', '-100')]"
"[('я', '-100'), ('сейчас', '-100'), ('скажу', '-100'), ('который', '-100'), ('сейчас', '-100'), ('отсюдова', 'D'), ('сейчас', '-100'), ('так', '-100'), ('раз', '-100'), ('старый', '-100'), ('дом', '-100'), ('два', '-100'), ('новый', '-100'), ('дом', '-100'), ('три', '-100'), ('четыре', '-100'), ('пятый', '-100'), ('дом', '-100'), ('такой', '-100'), ('построена', '-100'), ('пристройка', '-100'), ('такая', '-100'), ('жёлтая', '-100')]"
"[('а', '-100'), ('мы', '-100'), ('тут', '-100'), ('всю', '-100'), ('жизнь', '-100'), ('замерзаем', '-100'), ('он', '-100'), ('всий', 'D'), ('холодный', '-100')]"
"[('я', '-100'), ('сушила', '-100'), ('одежду', '-100'), ('ребята-то', '-100'), ('были', '-100'), ('маленькие', '-100'), ('один', '-100'), ('в', '-100'), ('ноябре', '-100'), ('родивши', 'D'), ('другая', '-100'), ('в', '-100'), ('декабре', '-100'), ('так', '-100')]"
"[('поставлена', '-100'), ('была', '-100'), ('к', '-100'), ('стенке', '-100'), ('жесть', 'D')]"
"[('памперсы', '-100'), ('мне', '-100'), ('купить', '-100'), ('не', '-100'), ('за', 'D'), ('что', '-100'), ('было', '-100'), ('сейчас', '-100'), ('памперс', '-100'), ('оденут', 'D'), ('и', '-100'), ('до', '-100'), ('утра', '-100')]"
"[('усушить', '-100'), ('только', '-100'), ('сейчас', '-100'), ('припеленаешь', 'D'), ('посмотришь', '-100'), ('уже', '-100'), ('мокрая', '-100'), ('ну', '-100'), ('а', '-100'), ('сейчас', '-100'), ('пять', '-100'), ('минут', '-100'), ('прошло', '-100'), ('уже', '-100'), ('весь', 'D'), ('мокрая', '-100'), ('где', '-100'), ('ты', '-100'), ('насушишься', 'D'), ('вот', '-100'), ('так', '-100')]"
"[('уже', '-100'), ('такой', '-100'), ('бывало', '-100'), ('большой', '-100'), ('идёшь', '-100'), ('а', '-100'), ('с', '-100'), ('тобой', '-100'), ('забежит', '-100'), ('наперёд', 'D'), ('на', '-100'), ('ручки', '-100')]"
"[('а', '-100'), ('люлька', '-100'), ('была', '-100'), ('у', '-100'), ('них', '-100'), ('вот', '-100'), ('туда', '-100'), ('вот', '-100'), ('такая', '-100'), ('была', '-100'), ('деревянная', '-100'), ('люлечка', 'D'), ('потом', '-100'), ('была', '-100'), ('коляска', '-100'), ('тоже', '-100')]"
"[('чтоб', '-100'), ('стенка', '-100'), ('она', 'D'), ('холодная', '-100'), ('делается', '-100'), ('обложку', 'D'), ('одеялом', '-100'), ('положу', '-100'), ('ребёнка', '-100'), ('сама', '-100'), ('с', '-100'), ('краю', '-100')]"
"[('хозяйство', 'D'), ('он', 'D'), ('на', '-100'), ('работу', '-100'), ('войдет', '-100'), ('надо', '-100'), ('корову', '-100'), ('подоить', '-100'), ('бросить', '-100'), ('не', '-100'), ('бросить', '-100'), ('пока', '-100'), ('заснёт', '-100'), ('тода', 'D'), ('бежишь', '-100')]"
"[('пока', '-100'), ('делаешь', '-100'), ('придёшь', '-100'), ('он', '-100'), ('уже', '-100'), ('вставши', 'D')]"
"[('вот', '-100'), ('таким', '-100'), ('таким', '-100'), ('часком', 'D'), ('и', '-100'), ('делалось', '-100'), ('все', '-100'), ('это', '-100'), ('когда', '-100'), ('спит', '-100'), ('только', '-100')]"
"[('и', '-100'), ('когда', '-100'), ('играет', '-100'), ('бывало', '-100'), ('половики', 'D'), ('обложишь', '-100'), ('половикам', 'D'), ('чтоб', '-100'), ('никуда', '-100')]"
"[('чашка', '-100'), ('такая', '-100'), ('не', 'D'), ('бившая', 'D'), ('вот', '-100'), ('и', '-100'), ('лязгает', '-100'), ('он', 'D'), ('там', '-100')]"
"[('ну', '-100'), ('в', '-100'), ('деревне', '-100'), ('може', 'D'), ('кто', '-100'), ('и', '-100'), ('делал', '-100'), ('а', 'D'), ('так', '-100')]"
"[('ломали', '-100'), ('у', '-100'), ('нас', '-100'), ('много', '-100'), ('было', '-100'), ('игрушек', '-100'), ('вот', '-100'), ('там', '-100'), ('у', '-100'), ('моего', '-100'), ('сына', '-100'), ('было', '-100'), ('много', '-100'), ('ту', 'D'), ('он', '-100'), ('сейчас', '-100'), ('играет', '-100'), ('видишь', '-100'), ('ломаное', 'D'), ('куда', '-100'), ('ты', '-100'), ('ломаешь', '-100')]"
"[('не', '-100'), ('вот', '-100'), ('тута', 'D'), ('вот', '-100'), ('у', '-100'), ('олега', '-100')]"
"[('вот', '-100'), ('там', '-100'), ('вот', '-100'), ('у', '-100'), ('их', 'D'), ('было', '-100'), ('много', '-100'), ('игрушек', '-100')]"
"[('а', '-100'), ('у', '-100'), ('его', 'D'), ('все', '-100'), ('разобрано', 'D'), ('и', '-100'), ('всё', '-100'), ('положено', 'D'), ('где', '-100'), ('гаечки', '-100'), ('все', '-100'), ('болтики', '-100'), ('всё', '-100'), ('к', '-100'), ('месту', '-100')]"
"[('и', '-100'), ('всё', '-100'), ('вот', '-100'), ('такая', 'D'), ('умел', 'D'), ('такое', '-100'), ('разбирать', '-100'), ('всё', '-100')]"
"[('горячие', '-100'), ('печка', '-100'), ('топится', '-100'), ('все', '-100'), ('поставлю', '-100'), ('чтоб', '-100'), ('прожарилися', 'D')]"
"[('раскрутили', '-100'), ('ребёночка', 'D'), ('маленький', '-100'), ('всё', '-100'), ('маленький', '-100'), ('перестелили', '-100'), ('в', '-100'), ('сухую', '-100'), ('одежду', '-100'), ('одели', '-100'), ('пока', '-100'), ('ехали', '-100'), ('мок', '-100'), ('и', '-100'), ('заснули', '-100'), ('и', '-100'), ('спать', '-100'), ('храпели', '-100'), ('только', '-100'), ('смотрю', '-100')]"
"[('вот', '-100'), ('а', 'D'), ('там', '-100'), ('же', '-100'), ('женщины', '-100'), ('говорили', '-100'), ('говорит', '-100'), ('когда', '-100'), ('ребёночек', 'D'), ('здоровый', '-100'), ('в', '-100'), ('войну', '-100'), ('рождалися', 'D'), ('по', '-100'), ('шестьсот', '-100'), ('грамм', '-100'), ('по', '-100'), ('семьсот', '-100'), ('по', '-100'), ('восемьсот', '-100'), ('и', '-100'), ('все', '-100'), ('выживали', '-100'), ('в', '-100'), ('войну', '-100')]"
"[('встречаюся', 'D'), ('говорит', '-100'), ('сейчас', '-100'), ('я', '-100'), ('с', '-100'), ('ними', '-100'), ('бывает', '-100')]"
"[('говорит', '-100'), ('кто', '-100'), ('лётчик', '-100'), ('кто', '-100'), ('да', '-100'), ('кто', '-100'), ('говорит', '-100'), ('такие', '-100'), ('дети', '-100'), ('умные', '-100'), ('такие', '-100'), ('маленькие', '-100'), ('родилися', 'D')]"
"[('кто-то', '-100'), ('мне', '-100'), ('колол', '-100'), ('девка', 'D'), ('как', '-100'), ('у', '-100'), ('нас', '-100'), ('там', '-100'), ('такая', '-100'), ('подруга', '-100'), ('моя', '-100')]"
"[('сначала', '-100'), ('начала', 'D'), ('такие', '-100'), ('простенькие', '-100'), ('были', '-100'), ('где-то', '-100'), ('а', '-100'), ('потом', '-100'), ('вот', '-100'), ('такие', '-100')]"
"[('а', '-100'), ('потом', '-100'), ('у', '-100'), ('мне', 'D'), ('уши', '-100'), ('заболели', '-100'), ('что-то', '-100'), ('от', '-100'), ('них', '-100'), ('стали', '-100'), ('гноиться', '-100'), ('то', '-100'), ('ли', '-100'), ('не', '-100'), ('пошло', '-100'), ('это', '-100'), ('самое', '-100'), ('этот', '-100'), ('материал', '-100'), ('может', '-100'), ('быть', '-100'), ('не', '-100'), ('пошёл', '-100')]"
"[('а', '-100'), ('что', '-100'), ('може', 'D'), ('и', '-100'), ('одной', '-100'), ('даже', '-100'), ('теперь', '-100'), ('не', '-100'), ('помню', '-100')]"
"[('а', '-100'), ('може', 'D'), ('и', '-100'), ('одной', 'D')]"
"[('а', '-100'), ('конечно', '-100'), ('наверное', '-100'), ('одной', 'D'), ('дочь', '-100'), ('.', '-100')]"
"[('тоже', '-100'), ('може', 'D'), ('во', '-100'), ('что', '-100'), ('макала', '-100'), ('теперь', '-100'), ('не', '-100'), ('это', '-100'), ('ж', '-100'), ('давно', '-100'), ('было', '-100')]"
"[('да', '-100'), ('помню', '-100'), ('у', '-100'), ('она', '-100'), ('дома', '-100'), ('к', '-100'), ('ей', 'D'), ('пришли', '-100'), ('она', '-100'), ('колола', '-100'), ('валя', '-100'), ('помню', '-100'), ('такая', '-100')]"
"[('я', '-100'), ('про', '-100'), ('стригание', 'D'), ('не', '-100'), ('знаю', '-100'), ('но', '-100'), ('я', '-100'), ('к', '-100'), ('своему', '-100'), ('мастеру', '-100'), ('еду', '-100'), ('и', '-100'), ('всё', '-100')]"
"[('я', '-100'), ('один', '-100'), ('раз', '-100'), ('и', '-100'), ('стригуся', 'D'), ('и', '-100'), ('у', '-100'), ('другой', '-100'), ('не', '-100'), ('будешь', '-100'), ('же', '-100'), ('ездить', '-100'), ('специально', '-100')]"
"[('я', '-100'), ('не', '-100'), ('сильно', 'D'), ('ем', '-100'), ('мне', '-100'), ('ж', '-100'), ('нельзя', '-100'), ('сахару', 'D'), ('мне', '-100'), ('есть', '-100')]"
"[('я', '-100'), ('хотела', '-100'), ('да', '-100'), ('я', '-100'), ('и', '-100'), ('тане', '-100'), ('было', '-100'), ('хотела', '-100'), ('пожарить', '-100'), ('как', '-100'), ('его', '-100'), ('гринки', 'D'), ('вам', '-100')]"
"[('есть', '-100'), ('такой', '-100'), ('ходит', '-100'), ('один', '-100'), ('как', '-100'), ('тигристый', 'D'), ('такой', '-100'), ('ходит', '-100'), ('черный', '-100'), ('такие', '-100'), ('полосы', '-100'), ('тигрястые', 'D'), ('всякий', 'D'), ('всякие', '-100'), ('коты', '-100'), ('есть', '-100')]"
"[('вот', '-100'), ('она', '-100'), ('сейчас', '-100'), ('худенькая', '-100'), ('она', '-100'), ('недавно', '-100'), ('котилася', 'D'), ('и', '-100'), ('она', '-100'), ('еще', '-100'), ('не', '-100'), ('набрала', '-100'), ('веса', '-100'), ('всего', '-100'), ('своего', 'D')]"
"[('она', '-100'), ('такая', '-100'), ('была', '-100'), ('она', '-100'), ('она', '-100'), ('такая', '-100'), ('была', '-100'), ('маленькая', '-100'), ('ой', '-100'), ('пройдошная', 'D'), ('а', '-100'), ('игривая', '-100'), ('какая', '-100')]"
"[('она', '-100'), ('ж', 'D'), ('небольшенька', 'D'), ('идёт', '-100'), ('и', '-100'), ('со', '-100'), ('мной', '-100'), ('ляжет', 'D'), ('хорошенькая', '-100')]"
"[('а', '-100'), ('тако', 'D'), ('в', '-100'), ('деревню', '-100'), ('ходит', '-100'), ('наверное', '-100'), ('туда', '-100'), ('к', '-100'), ('своим', '-100'), ('друзьям', '-100'), ('кошачьим', '-100')]"
"[('у', '-100'), ('нас', '-100'), ('один', 'D'), ('год', 'D'), ('такой', '-100'), ('ураган', '-100'), ('был', '-100'), ('ой', '-100'), ('деревья', '-100'), ('у', '-100'), ('нас', '-100'), ('давно', '-100'), ('была', 'D'), ('деревья', '-100'), ('с', '-100'), ('корнями', '-100'), ('всё', '-100'), ('были', '-100'), ('вырыто', '-100')]"
"[('дочь', '-100'), ('она', '-100'), ('знала', '-100'), ('я', '-100'), ('не', '-100'), ('знаю', '-100'), ('от', '-100'), ('испуга', '-100'), ('наверно', '-100'), ('знала', '-100'), ('чтоб', '-100'), ('человек', '-100'), ('спугавши', 'D'), ('примерно', '-100'), ('и', '-100'), ('какие', '-100'), ('она', '-100'), ('там', '-100'), ('я', '-100'), ('к', '-100'), ('ней', '-100'), ('никогда', '-100'), ('не', '-100'), ('ходила', '-100')]"
"[('а', '-100'), ('потом', '-100'), ('бабка', '-100'), ('там', '-100'), ('в', '-100'), ('щелкине', 'D'), ('жила', '-100'), ('но', '-100'), ('она', '-100'), ('давно', '-100'), ('уже', '-100'), ('умерши', 'D'), ('тая', 'D'), ('хорошо', '-100'), ('баба', '-100')]"
"[('она', '-100'), ('присекала', '-100'), ('назывался', '-100'), ('утин', 'D'), ('она', '-100'), ('даже', '-100'), ('и', '-100'), ('мне', '-100'), ('присекала', '-100'), ('она', '-100'), ('брала', '-100'), ('осиновое', '-100'), ('полено', '-100')]"
"[('потом', '-100'), ('она', '-100'), ('это', '-100'), ('всё', '-100'), ('поднимала', '-100'), ('это', '-100'), ('так', '-100'), ('вот', '-100'), ('всё', '-100'), ('поднимала', '-100'), ('потом', '-100'), ('и', '-100'), ('платком', '-100'), ('обвязывала', '-100'), ('чтоб', '-100'), ('на', '-100'), ('место', '-100'), ('стал', 'D')]"
"[('многого', 'D'), ('знала', '-100'), ('баба', 'D'), ('тая', 'D')]"
"[('давно', '-100'), ('уже', '-100'), ('умерши', 'D'), ('оне', 'D')]"
"[('мама', '-100'), ('моя', '-100'), ('с', 'D'), ('двадцать', '-100'), ('восьмого', '-100'), ('года', '-100'), ('была', '-100'), ('рождения', '-100'), ('папка', '-100'), ('с', 'D'), ('двадцать', '-100'), ('второго', '-100')]"
"[('ну', '-100'), ('мамка', 'D'), ('военные', '-100'), ('годы', '-100'), ('она', '-100'), ('там', '-100'), ('в', '-100'), ('окопы', '-100'), ('наверно', 'D'), ('рыли', '-100'), ('там', '-100'), ('землянки', '-100'), ('какие-то', '-100'), ('рыли', '-100'), ('где-то', '-100'), ('она', '-100'), ('говорила', '-100'), ('а', '-100'), ('папка', '-100'), ('он', '-100'), ('в', 'D'), ('войны', 'D'), ('наверное', '-100'), ('какой-то', '-100'), ('участвовал', '-100')]"
"[('так', '-100'), ('и', '-100'), ('я', '-100'), ('надеялась', '-100'), ('что', '-100'), ('придетё', 'D'), ('все', '-100'), ('говорю', '-100'), ('надо', '-100'), ('семь', '-100'), ('кружек', '-100'), ('ставить', '-100'), ('вас', '-100'), ('же', '-100'), ('семь', '-100'), ('по-моему', '-100'), ('да', '-100')]"
"[('ну', '-100'), ('семь', '-100'), ('кружек', '-100'), ('намыла', '-100'), ('думаю', '-100'), ('она', '-100'), ('там', '-100'), ('все', '-100'), ('ранцы', 'D'), ('запряглись', '-100')]"
"[('а', '-100'), ('мне', '-100'), ('олег', '-100'), ('говорит', '-100'), ('вон', 'D'), ('какие-то', '-100'), ('пришодчи', 'D'), ('к', '-100'), ('магазину', '-100'), ('молодежь', '-100'), ('наверное', '-100'), ('дачники', '-100'), ('отдыхают', '-100'), ('где-то', '-100'), ('наверное', '-100')]"
"[('я', '-100'), ('говорю', '-100'), ('у', '-100'), ('меня', '-100'), ('магазина', '-100'), ('у', '-100'), ('меня', '-100'), ('ключа', '-100'), ('нету', 'D'), ('воришки', '-100')]"
"[('сейчас', '-100'), ('огурцов', '-100'), ('нету', '-100'), ('я', '-100'), ('то', '-100'), ('их', '-100'), ('не', '-100'), ('сажала', '-100'), ('нонче', 'D'), ('а', '-100'), ('у', '-100'), ('мне', 'D'), ('сейчас', '-100'), ('ещё', '-100'), ('с', '-100'), ('прошлого', '-100'), ('года', '-100'), ('есть', '-100')]"
"[('да', '-100'), ('хочете', 'D'), ('дам', '-100'), ('банку', '-100'), ('вам', '-100')]"
"[('да', '-100'), ('по', '-100'), ('всей', '-100'), ('капусте', '-100'), ('по', '-100'), ('краям', '-100'), ('по', '-100'), ('всёму', 'D'), ('центру', '-100')]"
"[('пока', '-100'), ('чтоб', 'D'), ('она', '-100'), ('вмялась', '-100'), ('стала', '-100')]"
"[('сначала', '-100'), ('она', '-100'), ('в', '-100'), ('доме', '-100'), ('стоит', '-100'), ('чтоб', '-100'), ('тепло', '-100'), ('было', '-100'), ('потом', '-100'), ('её', '-100'), ('в', '-100'), ('коридор', '-100'), ('это', '-100'), ('уволакиваешь', 'D')]"
"[('ну', '-100'), ('я', '-100'), ('туда', '-100'), ('тазу', '-100'), ('режу', '-100'), ('складываю', '-100'), ('пока', '-100'), ('кастрюлька', '-100'), ('эта', '-100'), ('доничко', 'D'), ('тискаю', '-100'), ('и', '-100'), ('стоит', '-100'), ('она', '-100'), ('постоит', '-100'), ('там', '-100'), ('закиснет', '-100'), ('вижу', '-100'), ('кладу', '-100'), ('банки', '-100'), ('в', '-100'), ('холодильник', '-100')]"
"[('такая', '-100'), ('чем-то', '-100'), ('палка', '-100'), ('такая', '-100'), ('с', '-100'), ('чего', '-100'), ('там', '-100'), ('она', '-100'), ('протыкаешь', '-100'), ('дырки', '-100'), ('делаешь', '-100'), ('чтоб', 'D'), ('выходил', '-100'), ('газ', '-100'), ('этот', '-100'), ('там', '-100'), ('такой', '-100'), ('газ', '-100'), ('капустный', '-100'), ('будет', '-100'), ('неприятный', '-100'), ('он', '-100'), ('конечно', '-100'), ('по', 'D'), ('запах', 'D'), ('эта', '-100'), ('вся', '-100'), ('выходит', '-100'), ('горечь', '-100')]"
"[('а', '-100'), ('когда', '-100'), ('мы', '-100'), ('её', '-100'), ('на', '-100'), ('стол', '-100'), ('ставим', '-100'), ('капусту', '-100'), ('в', '-100'), ('тарелку', '-100'), ('накладаем', 'D'), ('лучинку', '-100'), ('меленько', 'D'), ('режем', '-100'), ('лучинку', '-100'), ('песочку', '-100'), ('чуть-чуть', '-100'), ('там', '-100'), ('по', '-100'), ('вкусу', '-100'), ('песочку', '-100'), ('сыпим', '-100'), ('маслица', '-100'), ('чуть-чуть', '-100')]"
"[('и', '-100'), ('что', '-100'), ('вот', '-100'), ('когда', '-100'), ('ты', '-100'), ('песочком', '-100'), ('посыпишь', 'D'), ('это', '-100'), ('объедение', '-100')]"
"[('борщ', '-100'), ('как', '-100'), ('картошину', 'D'), ('режу', '-100'), ('капусту', '-100'), ('жарю', '-100'), ('свёклу', '-100')]"
"[('свёклу', '-100'), ('жарю', '-100'), ('так', '-100'), ('чтоб', 'D'), ('она', '-100'), ('хорошо', '-100'), ('ужарилась', '-100')]"
"[('трёхлитровая', '-100'), ('или', '-100'), ('пятьлитровая', 'D'), ('банка', '-100')]"
"[('а', '-100'), ('в', '-100'), ('школу', '-100'), ('ходили', '-100'), ('а', '-100'), ('с', '-100'), ('подругой', '-100'), ('лежим', '-100'), ('у', '-100'), ('бабушки', '-100'), ('у', '-100'), ('бабушки', '-100'), ('в', '-100'), ('зале', '-100'), ('кровать', '-100'), ('стоит', '-100'), ('а', '-100'), ('в', '-100'), ('кровати', '-100'), ('постельник', '-100'), ('такой', '-100'), ('и', '-100'), ('набито', 'D'), ('соломой', '-100')]"
"[('говорит', '-100'), ('западная', '-100'), ('двина', '-100'), ('говорит', '-100'), ('западная', '-100'), ('двина', '-100'), ('с', '-100'), ('первого', '-100'), ('по', '-100'), ('такой-то', '-100'), ('класс', '-100'), ('занятия', '-100'), ('в', '-100'), ('школе', '-100'), ('отменяются', '-100'), ('мороз', 'D'), ('ой', '-100'), ('радушки', 'D'), ('мы', '-100'), ('радушки', 'D'), ('и', '-100'), ('ждём', '-100'), ('каждый', '-100'), ('день', '-100'), ('когда', '-100'), ('будут', '-100'), ('передавать', '-100'), ('это', '-100'), ('когда', '-100'), ('в', '-100'), ('школу', '-100'), ('не', '-100'), ('итить', 'D')]"
"[('эта', 'D'), ('была', '-100'), ('но', '-100'), ('как', '-100'), ('раньших', 'D'), ('нету', '-100'), ('раньше', '-100'), ('сугробы', '-100'), ('непролезные', 'D'), ('ой', '-100')]"
"[('окоченелый', '-100'), ('идёшь', '-100'), ('все', '-100'), ('залезавши', 'D'), ('все', '-100'), ('тебе', '-100'), ('холодно', '-100'), ('сейчас', '-100'), ('такого', '-100'), ('нету', '-100'), ('климат', '-100'), ('поменялся', '-100'), ('поменялись', '-100'), ('люди', '-100'), ('все', '-100'), ('поменялося', 'D'), ('всё', '-100'), ('и', '-100'), ('поменялся', 'D'), ('климат', '-100')]"
"[('а', '-100'), ('какие', '-100'), ('есть', '-100'), ('люди', '-100'), ('есть', '-100'), ('люди', '-100'), ('хорошие', '-100'), ('а', '-100'), ('есть', '-100'), ('люди', '-100'), ('злые', '-100'), ('есть', '-100'), ('люди', '-100'), ('есть', '-100'), ('люди', '-100'), ('как', '-100'), ('тебе', '-100'), ('сказать', '-100'), ('завистимые', 'D'), ('есть', '-100'), ('люди', '-100'), ('всякие', '-100'), ('ну', '-100'), ('так', '-100'), ('же', '-100'), ('нельзя', '-100')]"
"[('всё', '-100'), ('поменялося', 'D'), ('дочь', '-100'), ('а', '-100'), ('болезней', '-100'), ('каких', '-100'), ('теперь', '-100'), ('стало', '-100')]"
"[('ой', '-100'), ('дочь', '-100'), ('да', '-100'), ('наши', '-100'), ('делали', '-100'), ('ребяты', 'D'), ('да', '-100'), ('делали', '-100'), ('прятались', 'D'), ('туда', '-100'), ('рыли', '-100'), ('рыли', '-100'), ('рыли', '-100')]"
"[('каталися', 'D'), ('так', '-100'), ('была', '-100'), ('застывши', 'D'), ('залита', '-100'), ('была', '-100'), ('у', '-100'), ('него', '-100'), ('она', '-100')]"
"[('наложено', 'D'), ('снегу', '-100'), ('и', '-100'), ('залита', '-100'), ('вода', '-100'), ('там', '-100'), ('была', '-100'), ('или', '-100'), ('что', '-100'), ('не', '-100'), ('знаю', '-100'), ('и', '-100'), ('там', '-100'), ('мы', '-100'), ('каталися', 'D')]"
"[('ой', '-100'), ('всяко', 'D'), ('было', '-100')]"
"[('у', 'D'), ('хоккей', '-100'), ('играют', '-100'), ('вот', '-100'), ('тут', '-100'), ('была', '-100'), ('прудка', '-100'), ('она', '-100'), ('сейчас', '-100'), ('заросла', '-100'), ('ребяты', 'D'), ('бывало', '-100'), ('тут', '-100'), ('играют', '-100')]"
"[('на', '-100'), ('прудке', '-100'), ('на', '-100'), ('этой', '-100'), ('потом', '-100'), ('там', '-100'), ('была', '-100'), ('прудка', '-100'), ('тоже', '-100'), ('такая', '-100'), ('мойка', '-100'), ('там', '-100'), ('технику', '-100'), ('наверно', '-100'), ('воду', '-100'), ('мыли', '-100'), ('и', '-100'), ('там', '-100'), ('она', '-100'), ('застывала', '-100'), ('тоже', '-100'), ('там', '-100'), ('тоже', '-100'), ('катались', '-100'), ('ребяты', 'D'), ('вот', '-100')]"
"[('не', '-100'), ('на', '-100'), ('льдинах', '-100'), ('я', '-100'), ('не', '-100'), ('я', '-100'), ('вообще', '-100'), ('боюсь', '-100'), ('боюся', 'D')]"
"[('ну', '-100'), ('погнались', '-100'), ('что-то', '-100'), ('по', '-100'), ('очереди', '-100'), ('с', 'D'), ('коровам', 'D'), ('с', '-100'), ('колхозным', '-100')]"
"[('а', '-100'), ('я', '-100'), ('тоже', '-100'), ('такая', '-100'), ('шальная', '-100'), ('коров', 'D'), ('смотреть', '-100'), ('что', '-100')]"
"[('коровы', '-100'), ('съели', '-100'), ('егоные', 'D'), ('штаны', '-100')]"
"[('роги', '-100'), ('у', '-100'), ('мине', 'D'), ('спрашивают', '-100')]"
"[('когда', '-100'), ('вот', '-100'), ('так', '-100'), ('что', '-100'), ('надо', '-100'), ('купить', '-100'), ('такое', '-100'), ('а', '-100'), ('так', '-100'), ('не', '-100'), ('ездию', 'D'), ('а', '-100'), ('зачем', '-100')]"
"[('то', '-100'), ('у', '-100'), ('луки', '-100'), ('лекарства', '-100'), ('попрошу', '-100'), ('то', '-100'), ('у', '-100'), ('западную', '-100'), ('она', '-100'), ('по', '-100'), ('работ', 'D'), ('ездиет', 'D')]"
"[('раньше', '-100'), ('ж', '-100'), ('мы', '-100'), ('ездили', '-100'), ('вот', '-100'), ('в', '-100'), ('степаньково', 'D'), ('она', '-100'), ('ездила', '-100'), ('на', '-100'), ('машине', '-100'), ('торговать', '-100'), ('ездила', '-100'), ('там', '-100'), ('нафасуем', '-100'), ('там', '-100'), ('всяких', '-100'), ('продуктов', '-100'), ('она', '-100'), ('едет', '-100'), ('торговать', '-100'), ('а', '-100'), ('сейчас', '-100'), ('уже', '-100'), ('давно', '-100'), ('теперь', '-100'), ('не', '-100'), ('ездим', '-100'), ('туда', '-100'), ('мы', '-100')]"
"[('и', '-100'), ('это', '-100'), ('самое', '-100'), ('оно', '-100'), ('когда', '-100'), ('попросила', '-100'), ('меня', '-100'), ('так', '-100'), ('ну', '-100'), ('а', '-100'), ('потома', 'D'), ('я', '-100'), ('осталась', '-100'), ('там', '-100'), ('навсегда', '-100')]"
"[('ну', '-100'), ('а', '-100'), ('потом', '-100'), ('она', '-100'), ('я', 'D'), ('уже', '-100'), ('утянулась', 'D'), ('там', '-100'), ('работать', '-100')]"
"[('думаю', '-100'), ('как-то', '-100'), ('и', '-100'), ('не', '-100'), ('работала', '-100'), ('не', '-100'), ('в', '-100'), ('магазине', '-100'), ('не', '-100'), ('работала', '-100'), ('как-то', '-100'), ('дела', '-100'), ('и', '-100'), ('дома', '-100'), ('не', '-100'), ('спорилися', 'D'), ('пошла', '-100'), ('работать', '-100'), ('в', '-100'), ('магазин', '-100'), ('и', '-100'), ('тут', '-100'), ('стали', '-100'), ('дела', '-100'), ('спориться', 'D'), ('стала', '-100'), ('делать', '-100'), ('даже', '-100'), ('больше', '-100')]"
"[('ну', '-100'), ('так', '-100'), ('я', '-100'), ('и', '-100'), ('осталась', '-100'), ('они', '-100'), ('часто', '-100'), ('ездят', '-100'), ('за', '-100'), ('товаром', '-100'), ('ездят', '-100'), ('по', '-100'), ('работе', '-100'), ('и', '-100'), ('дома', '-100'), ('есть', '-100'), ('дела', '-100'), ('у', '-100'), ('ей', 'D'), ('мне', '-100'), ('жалко', '-100'), ('я', '-100'), ('просто', '-100'), ('жалеючи', 'D'), ('стала', '-100'), ('работать', '-100'), ('у', '-100'), ('йих', 'D')]"
"[('народу', '-100'), ('совсем', '-100'), ('маленько', 'D'), ('ту', 'D')]"
"[('люди', '-100'), ('такие', '-100'), ('без', '-100'), ('понятия', '-100'), ('думают', '-100'), ('мы', '-100'), ('сами', '-100'), ('цены', '-100'), ('назначаем', '-100'), ('на', '-100'), ('хлеб', '-100'), ('сколько', '-100'), ('хочем', 'D'), ('на', '-100'), ('конфеты', '-100'), ('сколько', '-100'), ('хочем', 'D'), ('вот', '-100'), ('такие', '-100'), ('есть', '-100'), ('люди', '-100'), ('понимают', '-100'), ('что', '-100'), ('это', '-100'), ('мы', '-100'), ('от', '-100'), ('себя', '-100'), ('делаем', '-100'), ('когда', '-100'), ('всё', '-100'), ('по', '-100'), ('документам', '-100'), ('делается', '-100'), ('а', '-100'), ('люди', '-100'), ('такие', '-100'), ('думают', '-100'), ('да', '-100'), ('во', 'D'), ('денег', '-100'), ('сколько', '-100'), ('у', '-100'), ('йих', 'D')]"
"[('тут', '-100'), ('за', '-100'), ('один', '-100'), ('свет', '-100'), ('только', '-100'), ('плотим', 'D'), ('девять', '-100'), ('тысяч', '-100'), ('девять', '-100'), ('рублей', '-100'), ('за', '-100'), ('киловатт', '-100'), ('в', '-100'), ('магазине', '-100'), ('плотим', 'D')]"
"[('а', '-100'), ('тут', '-100'), ('плотим', 'D'), ('мы', '-100'), ('два', '-100'), ('с', '-100'), ('чем-то', '-100'), ('два', '-100'), ('девяносто', '-100'), ('девять', '-100'), ('а', '-100'), ('в', '-100'), ('магазине', '-100'), ('девять', '-100'), ('а', '-100'), ('почему', '-100'), ('не', '-100'), ('знаю', '-100'), ('что', '-100'), ('это', '-100'), ('свет', '-100'), ('разный', '-100'), ('что', '-100'), ('ли', '-100')]"
"[('вот', '-100'), ('хлебный', '-100'), ('день', '-100'), ('а', '-100'), ('сегодня', '-100'), ('вон', '-100'), ('хлеба', '-100'), ('было', 'D'), ('заказано', 'D'), ('пятнадцать', '-100'), ('буханок', '-100'), ('только', '-100')]"
"[('из', 'D'), ('льна', '-100'), ('потом', '-100'), ('сами', '-100'), ('что-то', '-100'), ('делали', '-100')]"
"[('сейчас', '-100'), ('она', '-100'), ('мелкая', '-100'), ('совсем', '-100'), ('речка', '-100'), ('вроде', '-100'), ('или', '-100'), ('это', '-100'), ('у', '-100'), ('моста', '-100'), ('который', '-100'), ('между', '-100'), ('шетнево', 'D'), ('и', '-100'), ('макеево', 'D')]"
"[('она', '-100'), ('приходила', '-100'), ('из', '-100'), ('шетнево', 'D')]"
"[('там', '-100'), ('наверняка', '-100'), ('она', '-100'), ('самогон', 'D'), ('постоянно', '-100'), ('гонит', '-100')]"
"[('да-да', '-100'), ('оно', '-100'), ('такое', '-100'), ('оно', '-100'), ('приятное', '-100'), ('потому', '-100'), ('что', '-100'), ('много', '-100'), ('ж', 'D'), ('не', '-100'), ('кладёшь', '-100'), ('а', '-100'), ('на', '-100'), ('десять', '-100'), ('литров', '-100'), ('как', '-100'), ('раз', '-100'), ('только', '-100'), ('полторашечка', '-100'), ('и', '-100'), ('всё', '-100')]"
"[('это', '-100'), ('я', '-100'), ('может', '-100'), ('я', '-100'), ('страшно', '-100'), ('то', 'D'), ('эту', '-100'), ('рюмку', '-100'), ('эту', '-100'), ('отстаньте', '-100'), ('вы', '-100')]"
"[('а', '-100'), ('самогонку-то', '-100'), ('у', '-100'), ('меня', '-100'), ('ж', '-100'), ('тоже', '-100'), ('мужик', '-100'), ('с', '-100'), ('украины', '-100'), ('был', '-100')]"
"[('и', '-100'), ('вота', 'D'), ('вот', '-100'), ('был', '-100'), ('ой', 'D'), ('у', '-100'), ('свекрови', '-100'), ('папка', '-100'), ('живой', '-100'), ('ещё', '-100'), ('он', '-100'), ('такой', '-100'), ('мужик', '-100'), ('пожилой', '-100'), ('и', '-100'), ('он', '-100'), ('говорит', '-100'), ('дочь', '-100'), ('вот', '-100'), ('что', '-100'), ('я', '-100'), ('тебя', '-100'), ('буду', '-100'), ('просить', '-100'), ('только', '-100'), ('не', '-100'), ('пей', '-100'), ('ты', '-100'), ('эту', '-100'), ('самогонку', '-100'), ('она', '-100'), ('говорит', '-100'), ('враг', '-100'), ('такая', '-100'), ('смердючая', '-100'), ('говорит', '-100'), ('не', '-100'), ('пей', '-100'), ('ты', '-100'), ('ее', '-100')]"
"[('попробуй', '-100'), ('дочица', 'D'), ('попробуйте', '-100'), ('уто', 'D'), ('попробуй', '-100'), ('вы', '-100'), ('не', '-100'), ('маленькие', '-100'), ('уже', '-100'), ('попробуйте', '-100'), ('по', '-100'), ('одной-то', '-100'), ('рюмочка', 'D'), ('на', '-100'), ('три', '-100'), ('глотка', '-100')]"
"[('с', '-100'), ('малин', 'D'), ('тоже', '-100'), ('делают', '-100'), ('как', '-100'), ('хорошо', '-100'), ('тоже', '-100'), ('говорят', '-100'), ('вкусная', '-100')]"
"[('с', 'D'), ('смородины', 'D'), ('не', '-100'), ('делала', '-100'), ('тоже', '-100'), ('не', '-100'), ('делала', '-100')]"
"[('вот', '-100'), ('и', '-100'), ('я', '-100'), ('говорю', '-100'), ('только', '-100'), ('с', '-100'), ('этим', '-100'), ('вином', '-100'), ('наделала', '-100'), ('говорю', '-100'), ('ой-ой', '-100'), ('что', '-100'), ('это', '-100'), ('чем', '-100'), ('занимаюсь', '-100'), ('вина', '-100'), ('столько', '-100'), ('наделываю', 'D')]"
"[('конечно', '-100'), ('а', '-100'), ('сейчас', '-100'), ('из', '-100'), ('торговых', '-100'), ('пожалуйста', '-100'), ('раньше', '-100'), ('эту', '-100'), ('самогонку', '-100'), ('как', '-100'), ('было', '-100'), ('прятали', '-100'), ('эту', '-100'), ('самогонку', '-100'), ('господине', 'D'), ('давали', '-100'), ('ж', '-100'), ('гнать', '-100'), ('ой', '-100'), ('было', '-100'), ('поймают', '-100'), ('сразу', '-100'), ('штрафу', 'D')]"
"[('и', '-100'), ('взял', '-100'), ('мамку', 'D'), ('мою', '-100'), ('и', '-100'), ('свёз', 'D')]"
"[('даже', '-100'), ('я', '-100'), ('в', '-100'), ('школу', '-100'), ('ходила', '-100'), ('в', '-100'), ('торопу', 'D'), ('я', '-100'), ('было', 'D'), ('я', '-100'), ('несу', '-100'), ('туда', '-100'), ('у', '-100'), ('нас', '-100'), ('была', '-100'), ('женщина', '-100'), ('такая', '-100'), ('одна', '-100'), ('и', '-100'), ('она', '-100'), ('там', '-100'), ('в', '-100'), ('торопе', 'D'), ('это', '-100'), ('продавала', '-100'), ('кому', '-100'), ('надо', '-100'), ('самогонка', '-100'), ('эта', '-100')]"
"[('я', '-100'), ('было', '-100'), ('к', '-100'), ('этой', '-100'), ('женщине', '-100'), ('снесу', 'D'), ('было', '-100'), ('и', '-100'), ('всё', '-100'), ('мамка', '-100')]"
"[('да', '-100'), ('и', '-100'), ('это', '-100'), ('самое', '-100'), ('и', '-100'), ('пришёл', '-100'), ('и', '-100'), ('говорит', '-100'), ('на', '-100'), ('мамку', 'D'), ('собирались', '-100'), ('на', '-100'), ('утро', '-100'), ('с', '-100'), ('ней', '-100'), ('идти', '-100'), ('и', '-100'), ('снесём', 'D'), ('было', '-100'), ('эту', '-100'), ('самогонку', '-100'), ('а', '-100'), ('он', '-100'), ('пришёл', '-100'), ('и', '-100'), ('говорит', '-100'), ('ой', '-100'), ('тетя', '-100'), ('рита', '-100'), ('поедем', '-100'), ('говорит', '-100'), ('сейчас', '-100'), ('поеду', '-100'), ('в', '-100'), ('торопу', 'D'), ('я', '-100'), ('тебя', '-100'), ('и', '-100'), ('свезу', 'D'), ('заодно', '-100')]"
"[('договорился', '-100'), ('чтоб', 'D'), ('её', '-100'), ('сразу', '-100'), ('сырзавод', '-100'), ('как', '-100'), ('с', '-100'), ('торопы', 'D'), ('уезжаешь', '-100'), ('вот', '-100'), ('к', '-100'), ('нам', '-100'), ('сюда', '-100'), ('едешь', '-100'), ('раньше', '-100'), ('сырзавод', '-100'), ('был', '-100'), ('стоит', '-100'), ('вот', '-100'), ('такое', '-100'), ('здание', '-100'), ('это', '-100'), ('тут', '-100'), ('был', '-100'), ('сырзавод', '-100'), ('а', '-100'), ('тут', '-100'), ('были', '-100'), ('на', '-100'), ('этой', '-100'), ('стороне', '-100'), ('кусты', '-100'), ('большие', '-100'), ('были', '-100'), ('кусты', '-100')]"
"[('он-то', '-100'), ('ж', '-100'), ('специально', '-100'), ('тебя', '-100'), ('свёз', 'D')]"
"[('да', '-100'), ('дочь', '-100'), ('да', '-100'), ('какие', '-100'), ('раньше', '-100'), ('копейки', '-100'), ('сейчас', '-100'), ('не', '-100'), ('было', '-100'), ('денег', '-100'), ('отдадут', '-100'), ('всё', '-100'), ('это', '-100'), ('у', '-100'), ('нас', '-100'), ('хорошо', '-100'), ('папкин', '-100'), ('это', '-100'), ('работал', '-100'), ('в', '-100'), ('леспромхозе', '-100'), ('он', '-100'), ('сразу', '-100'), ('привез', '-100'), ('мамке', 'D'), ('сразу', '-100'), ('денег', '-100'), ('и', '-100'), ('говорит', '-100'), ('мамка', 'D'), ('заплатила', '-100'), ('и', '-100'), ('всё', '-100'), ('а', '-100'), ('так', '-100'), ('сажали', '-100'), ('у', '-100'), ('нас', '-100'), ('даже', '-100'), ('у', '-100'), ('одной', '-100'), ('женщины', '-100'), ('почти', '-100'), ('даже', '-100'), ('чуть', '-100'), ('ноги', '-100'), ('не', '-100'), ('отнялись', '-100'), ('да', '-100'), ('там', '-100'), ('тоже', '-100'), ('поймали', '-100'), ('с', '-100'), ('этой', '-100'), ('самогонкой', '-100'), ('и', '-100'), ('всё', '-100')]"
"[('да', '-100'), ('я', '-100'), ('говорю', '-100'), ('как', '-100'), ('одну', '-100'), ('женщину', '-100'), ('сажали', '-100'), ('вот', '-100'), ('эту', '-100'), ('если', '-100'), ('мы', '-100'), ('ее', 'D'), ('тогда', '-100'), ('сразу', '-100'), ('ноги', '-100'), ('отнялись', '-100'), ('у', '-100'), ('неё', '-100'), ('она', '-100'), ('спугалась', 'D')]"
"[('да', '-100'), ('доча', '-100'), ('в', '-100'), ('интернате', '-100'), ('так', '-100'), ('оно', '-100'), ('в', '-100'), ('школу', '-100'), ('ходили', '-100'), ('в', '-100'), ('торопу', 'D'), ('там', '-100'), ('уже', '-100'), ('был', '-100'), ('тоже', '-100'), ('интернат', '-100')]"
"[('да', '-100'), ('с', '-100'), ('понедельнику', 'D'), ('до', '-100'), ('субботы', '-100'), ('в', '-100'), ('субботу', '-100'), ('мы', '-100'), ('уже', '-100'), ('уходим', '-100'), ('домой', '-100'), ('идём', '-100'), ('домой', '-100'), ('всё', '-100')]"
"[('через', '-100'), ('это', 'D'), ('реку', '-100'), ('уже', '-100'), ('поход', '-100'), ('у', '-100'), ('нас', '-100'), ('был', '-100'), ('и', '-100'), ('на', '-100'), ('складки', '-100'), ('были', '-100'), ('всё', '-100'), ('у', '-100'), ('нас', '-100'), ('было', '-100'), ('вся', '-100'), ('дорога', '-100'), ('сюда', '-100'), ('была', '-100'), ('в', '-100'), ('торопу', 'D')]"
"[('у', '-100'), ('нас', '-100'), ('многие', '-100'), ('кончили', '-100'), ('тоже', '-100'), ('восемь', '-100'), ('классов', '-100'), ('тут', '-100'), ('в', '-100'), ('степанькове', 'D'), ('этом', '-100')]"
"[('ну', '-100'), ('далёко', '-100'), ('ж', '-100'), ('ходить', '-100'), ('было', '-100'), ('в', '-100'), ('степаньково', 'D'), ('вот', '-100'), ('попробуй', '-100'), ('идти', '-100'), ('на', 'D'), ('такую', '-100'), ('даль', '-100'), ('туда', '-100'), ('и', '-100'), ('назад', '-100'), ('это', '-100'), ('хорошо', '-100'), ('потом', '-100'), ('папка', 'D'), ('у', '-100'), ('меня', '-100'), ('работал', '-100'), ('шофёром', '-100'), ('он', '-100'), ('было', '-100'), ('за', '-100'), ('нами', '-100'), ('приезжает', '-100'), ('в', '-100'), ('степаньково', 'D'), ('приедет', '-100'), ('за', '-100'), ('нами', '-100'), ('и', '-100'), ('с', '-100'), ('нами', '-100'), ('тогда', '-100'), ('вот', '-100'), ('едет', '-100'), ('домой', '-100'), ('нас', '-100'), ('везёт', '-100'), ('со', '-100'), ('школы', '-100'), ('вот', '-100'), ('кого', '-100'), ('там', '-100')]"
"[('а', '-100'), ('когда', '-100'), ('если', '-100'), ('подопьёт', 'D'), ('мы', '-100'), ('домой', '-100'), ('приезжали', '-100'), ('только', '-100'), ('к', '-100'), ('вечеру', '-100'), ('пока', '-100'), ('папа', '-100'), ('проедет', '-100'), ('немножко', '-100'), ('поедет-проедет', '-100'), ('встанет', '-100'), ('нам', '-100'), ('песни', '-100'), ('поёт', '-100')]"
"[('удобрения', '-100'), ('я', '-100'), ('говорю', '-100'), ('весь', '-100'), ('завтрашний', '-100'), ('это', '-100'), ('самое', '-100'), ('это', '-100'), ('что-', 'D'), ('было', '-100'), ('удобрения', '-100'), ('было', 'D'), ('загруженное', 'D')]"
"[('он', '-100'), ('сразу', '-100'), ('на', '-100'), ('нас', '-100'), ('думает', '-100'), ('точно', '-100'), ('он', '-100'), ('наверное', '-100'), ('подумал', '-100'), ('что', '-100'), ('точно', '-100'), ('колька', '-100'), ('скажет', '-100'), ('свёз', 'D')]"
"[('во-первых', '-100'), ('говорит', '-100'), ('по', '-100'), ('дороге', '-100'), ('едь', 'D'), ('всегда', '-100'), ('по', '-100'), ('средней', '-100')]"
"[('не', '-100'), ('попадешь', '-100'), ('никуда', '-100'), ('и', '-100'), ('вот', '-100'), ('за', '-100'), ('всю', '-100'), ('жизнь', '-100'), ('работав', 'D'), ('шофёром', '-100'), ('столько', '-100'), ('никогда', '-100'), ('нигде', '-100'), ('не', '-100'), ('было', '-100'), ('ни', '-100'), ('аварии', '-100'), ('его', 'D'), ('ни', '-100'), ('а', '-100'), ('приезжал', '-100'), ('вываливался', 'D')]"
"[('и', '-100'), ('они', '-100'), ('с', '-100'), ('вот', '-100'), ('это', '-100'), ('шофёр', '-100'), ('другой', '-100'), ('был', '-100'), ('говорю', '-100'), ('был', '-100'), ('с', '-100'), ('деревни', '-100'), ('ванька', 'D'), ('тоже', '-100'), ('такой', '-100'), ('они', '-100'), ('поехали', '-100'), ('были', '-100'), ('уже', '-100'), ('подпивши', 'D'), ('и', '-100'), ('поехали', '-100'), ('в', '-100'), ('степаньково', 'D'), ('там', '-100'), ('же', '-100'), ('ж', 'D'), ('никола', '-100'), ('там', '-100'), ('еще', '-100'), ('подопьют', 'D')]"
"[('ну', '-100'), ('был', '-100'), ('магазин', '-100'), ('в', '-100'), ('степанькове', '-100'), ('и', '-100'), ('в', '-100'), ('степаньково', 'D'), ('привозили', '-100'), ('с', '-100'), ('пекарен', '-100'), ('хлеб', '-100'), ('такая', '-100'), ('была', '-100'), ('такая', '-100'), ('будочка', '-100'), ('была', '-100'), ('хлеб', '-100'), ('возили', '-100'), ('в', '-100'), ('этой', '-100'), ('будочке', '-100')]"
"[('а', '-100'), ('это', '-100'), ('папка', '-100'), ('мой', '-100'), ('это', '-100'), ('самое', '-100'), ('и', '-100'), ('друг', '-100'), ('егонный', 'D'), ('с', '-100'), ('деревни', '-100'), ('в', '-100'), ('ящике', '-100'), ('этом', '-100'), ('сидят', '-100'), ('не', '-100'), ('понимали', '-100'), ('даже', 'D'), ('они', '-100'), ('в', '-100'), ('машине', '-100')]"
"[('вот', '-100'), ('до', '-100'), ('чего', '-100'), ('допивались', '-100'), ('это', '-100'), ('я', '-100'), ('не', '-100'), ('знаю', '-100'), ('как', '-100'), ('только', '-100'), ('ехать', '-100'), ('а', '-100'), ('со', '-100'), ('степанькова', 'D'), ('ж', '-100'), ('ехать', '-100'), ('приехать', '-100'), ('домой', '-100'), ('как', '-100'), ('бы', '-100'), ('это', '-100'), ('хоть', '-100'), ('бы', '-100'), ('в', '-100'), ('чём', '-100'), ('ни', '-100'), ('бывало', '-100')]"
"[('ой', '-100'), ('тогда', '-100'), ('смеялись', '-100'), ('так', '-100'), ('над', '-100'), ('ним', '-100'), ('долго', '-100'), ('это', '-100'), ('ужас', '-100'), ('один', '-100'), ('было', 'D'), ('как', '-100'), ('только', '-100'), ('он', '-100'), ('в', '-100'), ('степаньково', 'D'), ('там', '-100'), ('все', '-100'), ('смеются', '-100')]"
"[('вот', '-100'), ('так', '-100'), ('что', '-100'), ('говорит', '-100'), ('никогда', '-100'), ('говорит', '-100'), ('по', '-100'), ('средней', '-100'), ('всегда', '-100'), ('дороге', '-100'), ('вот', '-100'), ('никогда', '-100'), ('не', '-100'), ('забуду', '-100'), ('всегда', '-100'), ('по', '-100'), ('средней', '-100'), ('едь', 'D'), ('никогда', '-100'), ('не', '-100'), ('попадешь', '-100'), ('никуда', '-100')]"
"[('вся', '-100'), ('в', '-100'), ('глыжах', 'D'), ('да', '-100'), ('по', '-100'), ('лесу', '-100'), ('было', '-100'), ('этому', '-100'), ('едут', '-100'), ('это', '-100'), ('сейчас', '-100'), ('что', '-100'), ('уже', '-100'), ('все', '-100'), ('теперь', '-100'), ('конечно', '-100'), ('разбили', '-100'), ('всю', '-100'), ('дорогу', '-100'), ('эту', '-100')]"
"[('господи', '-100'), ('ну', '-100'), ('а', '-100'), ('так', '-100'), ('в', '-100'), ('торопу', 'D'), ('ни', '-100'), ('дорог', '-100'), ('не', '-100'), ('было', '-100'), ('ничего', '-100'), ('было', '-100'), ('господи', '-100'), ('и', '-100'), ('то', '-100'), ('и', '-100'), ('ездили', '-100'), ('как-то', '-100'), ('я', '-100'), ('не', '-100'), ('знаю', '-100')]"
"[('сейчас', '-100'), ('же', '-100'), ('если', '-100'), ('дураки', '-100'), ('сбивают', '-100'), ('на', '-100'), ('остановках', '-100'), ('народ', '-100'), ('а', '-100'), ('что', '-100'), ('ж', '-100'), ('мы', '-100'), ('хочем', 'D'), ('конечно', '-100'), ('лихачи', '-100'), ('летят', '-100'), ('такие', '-100'), ('ну', '-100'), ('ужас', '-100'), ('один', '-100')]"
"[('вот', '-100'), ('как', '-100'), ('вся', '-100'), ('молодежь', '-100'), ('только', '-100'), ('была', '-100'), ('с', '-100'), ('полторашкам', 'D'), ('стоят', '-100'), ('все', '-100'), ('он', '-100'), ('терпеть-то', '-100'), ('не', '-100'), ('мог', '-100'), ('говорил', '-100'), ('я', '-100'), ('не', '-100'), ('знаю', '-100'), ('баб', '-100'), ('ты', '-100'), ('ж', '-100'), ('сам', '-100'), ('же', '-100'), ('а', '-100'), ('сам', '-100'), ('какой', '-100'), ('ты', '-100'), ('ты', '-100'), ('ж', '-100'), ('сам', '-100'), ('какой', '-100'), ('был', '-100')]"
"[('куда', '-100'), ('ж', '-100'), ('ты', '-100'), ('паразит', '-100'), ('едешь', '-100'), ('куда', '-100'), ('ж', '-100'), ('ты', '-100'), ('столько', '-100'), ('посадил', '-100'), ('ну', '-100'), ('коляске', 'D'), ('один', '-100'), ('на', '-100'), ('одном', '-100'), ('сидели', '-100'), ('бывало', '-100')]"
"[('как', '-100'), ('едешь', '-100'), ('в', '-100'), ('шетнево', 'D')]"
"[('если', '-100'), ('б', 'D'), ('не', '-100'), ('эти', '-100'), ('коряжи', 'D')]"
"[('вот', '-100'), ('что', '-100'), ('в', '-100'), ('врезалось', '-100'), ('в', '-100'), ('эти', '-100'), ('коряжи', 'D'), ('что', '-100'), ('не', '-100'), ('в', '-100'), ('дом', '-100'), ('попал', '-100'), ('ну', '-100')]"
"[('куда', '-100'), ('тут', '-100'), ('так', '-100'), ('ехать', '-100'), ('у', '-100'), ('нас', '-100'), ('тут', '-100'), ('и', '-100'), ('ребятенки', 'D'), ('там', '-100'), ('внизу', '-100'), ('маленькие', '-100'), ('они', '-100'), ('ж', 'D'), ('выбегают', '-100'), ('что', '-100'), ('даже', '-100'), ('не', '-100'), ('успеешь', '-100'), ('и', '-100'), ('глянуть', '-100'), ('как', '-100'), ('они', '-100'), ('выбегают', '-100'), ('на', '-100'), ('эту', '-100'), ('дорогу', '-100'), ('ну', '-100')]"
"[('вот', '-100'), ('от', '-100'), ('этого', '-100'), ('столба', '-100'), ('и', '-100'), ('вот', '-100'), ('и', '-100'), ('прям', '-100'), ('ну', '-100'), ('вот', '-100'), ('прям', '-100'), ('ну', '-100'), ('в', '-100'), ('дом', '-100'), ('если', '-100'), ('б', '-100'), ('только', '-100'), ('не', '-100'), ('эти', '-100'), ('коряжи', 'D')]"
"[('ой', '-100'), ('потом', '-100'), ('оксанка', 'D'), ('пошла', '-100'), ('говорит', '-100'), ('у', '-100'), ('кого', '-100'), ('хоть', '-100'), ('это', '-100'), ('ж', '-100'), ('у', '-100'), ('таньки', '-100'), ('у', '-100'), ('таньки', '-100'), ('ж', '-100'), ('всё', '-100'), ('это', '-100'), ('сбили', '-100'), ('своротили', 'D'), ('ну', '-100'), ('это', '-100'), ('летел', '-100'), ('бы', '-100'), ('а', '-100'), ('ребята', '-100'), ('на', '-100'), ('дороге', '-100')]"
"[('они', '-100'), ('в', '-100'), ('западной', '-100'), ('живут', '-100'), ('матка', 'D'), ('пьёт', '-100'), ('они', '-100'), ('все', '-100'), ('это', '-100'), ('и', '-100'), ('браты', 'D'), ('все', '-100'), ('пьют', '-100'), ('ну', '-100'), ('и', '-100'), ('он', '-100')]"
"[('во-первых', '-100'), ('как', '-100'), ('бы', '-100'), ('если', '-100'), ('б', '-100'), ('вызвали', '-100'), ('конечно', '-100'), ('свои', '-100'), ('думаю', '-100'), ('ну', '-100'), ('как', '-100'), ('вызывать', '-100'), ('сделают', '-100'), ('же', '-100'), ('небось', '-100'), ('ну', '-100'), ('а', '-100'), ('так', '-100'), ('бы', '-100'), ('вызвал', '-100'), ('бы', '-100'), ('ну', '-100'), ('и', '-100'), ('что', '-100'), ('этот', '-100'), ('бы', '-100'), ('карась', '-100'), ('бы', '-100'), ('прав', '-100'), ('бы', '-100'), ('лишился', '-100'), ('и', '-100'), ('машина-то', '-100'), ('его', '-100')]"
"[('раз', '-100'), ('он', '-100'), ('уже', '-100'), ('был', '-100'), ('выпивши', 'D'), ('зачем', '-100'), ('давал', '-100'), ('ты', 'D'), ('машину', '-100')]"
"[('ой', '-100'), ('господи', '-100'), ('как', '-100'), ('хорошо', '-100'), ('что', '-100'), ('это', '-100'), ('ворота', '-100'), ('а', '-100'), ('то', '-100'), ('б', '-100'), ('избы', '-100'), ('не', '-100'), ('было', '-100'), ('половина', 'D')]"
"[('это', '-100'), ('наш', '-100'), ('родительский', '-100'), ('дом', '-100'), ('тот', '-100'), ('там', '-100'), ('это', '-100'), ('был', '-100'), ('одному', '-100'), ('вот', '-100'), ('так', '-100'), ('москвичу', '-100'), ('продали', '-100'), ('а', '-100'), ('потом', '-100'), ('не', '-100'), ('стал', '-100'), ('ездить', '-100'), ('он', '-100'), ('четыре', '-100'), ('года', '-100'), ('не', '-100'), ('стал', '-100'), ('ездить', '-100'), ('говорю', '-100'), ('тань', '-100'), ('ну', '-100'), ('до', '-100'), ('конца', '-100'), ('мы', '-100'), ('избу', '-100'), ('она', '-100'), ('сгноит', '-100'), ('не', '-100'), ('топивши', '-100'), ('надо', '-100'), ('ж', '-100'), ('дом', '-100'), ('то', '-100'), ('ж', '-100'), ('топить-то', '-100'), ('деревянный', '-100')]"
"[('что', '-100'), ('ты', '-100'), ('говорю', '-100'), ('сам', '-100'), ('не', '-100'), ('топивши', 'D')]"
"[('по', '-100'), ('этому', '-100'), ('по', '-100'), ('печке', '-100'), ('она', '-100'), ('ж', '-100'), ('будет', '-100'), ('кирпичом', '-100'), ('всё', '-100'), ('это', '-100'), ('все', '-100'), ('это', '-100'), ('будет', '-100'), ('рухаться', 'D'), ('а', '-100'), ('топить', '-100'), ('я', '-100'), ('два', '-100'), ('раза', '-100'), ('в', '-100'), ('неделю', '-100'), ('топлю', '-100'), ('как', '-100'), ('танька', '-100'), ('теперь', '-100'), ('кончила', '-100'), ('работать', '-100'), ('а', '-100'), ('так', '-100'), ('всё', '-100'), ('каждый', '-100'), ('раз', '-100'), ('хожу', '-100'), ('топлю', '-100'), ('два', '-100'), ('раза', '-100'), ('топлю', '-100'), ('в', '-100'), ('это', '-100'), ('в', '-100'), ('неделю', '-100'), ('всё', '-100')]"
"[('ну', '-100'), ('всё', '-100'), ('равно', '-100'), ('не', '-100'), ('ты', '-100'), ('понимаешь', '-100'), ('вот', '-100'), ('придешь', '-100'), ('не', '-100'), ('топлено', 'D'), ('как', '-100'), ('не', '-100'), ('топлено', 'D'), ('зайдешь', '-100'), ('в', '-100'), ('дом', '-100'), ('вот', '-100'), ('сразу', '-100'), ('ж', '-100'), ('чувствуешь', '-100'), ('что', '-100'), ('вот', '-100'), ('сырости', '-100'), ('всё', '-100'), ('это', '-100'), ('всё', '-100'), ('это', '-100'), ('сырое', '-100'), ('всё', '-100'), ('сыростью', '-100'), ('пахнет', '-100')]"
"[('хорошо', '-100'), ('хоть', '-100'), ('тут', '-100'), ('эти', '-100'), ('приехадчи', 'D'), ('эти', '-100'), ('хоть', '-100'), ('помогают', '-100')]"
"[('ой', '-100'), ('я', '-100'), ('говорю', '-100'), ('надумалась', 'D'), ('куда', '-100'), ('ж', '-100'), ('я', '-100'), ('его', '-100'), ('так', '-100'), ('меленько', 'D'), ('поближе', '-100'), ('б', '-100'), ('его', '-100'), ('посадить', '-100'), ('это', '-100'), ('ж', '-100'), ('закрыла', '-100'), ('помню', '-100'), ('и', '-100'), ('тут', '-100'), ('света', '-100'), ('не', '-100'), ('было', '-100'), ('что', '-100'), ('приду', '-100'), ('ну', '-100'), ('всё', '-100'), ('начинается', '-100'), ('фиолетовым', '-100'), ('уже', '-100'), ('становится', '-100')]"
"[('тогда', '-100'), ('еще', 'D'), ('туда-сюда', '-100'), ('ещё', '-100'), ('хоть', '-100'), ('там', '-100'), ('немножко', '-100'), ('пройдёшь', '-100'), ('а', '-100'), ('тыркали', 'D'), ('всего', '-100'), ('а', '-100'), ('завались', '-100'), ('всё', '-100'), ('со', '-100'), ('мной', '-100'), ('сразу', '-100'), ('по', '-100'), ('бревну', '-100'), ('сюда', '-100'), ('ногам', '-100'), ('не', '-100'), ('повернутся', '-100'), ('быстро', '-100'), ('ой', '-100'), ('господи', '-100')]"
"[('так', '-100'), ('где', '-100'), ('я', '-100'), ('была', 'D'), ('оставлены', 'D'), ('вот', '-100'), ('у', 'D'), ('краих', 'D'), ('от', 'D'), ('забору', 'D')]"
"[('ну', '-100'), ('она', '-100'), ('я', '-100'), ('говорю', '-100'), ('давай', '-100'), ('там', '-100'), ('посодим', 'D'), ('пока', '-100')]"
"[('а', '-100'), ('так', '-100'), ('о', '-100'), ('у', '-100'), ('огороде', '-100'), ('посодишь', 'D'), ('у', '-100'), ('нас', '-100'), ('раннее', '-100'), ('посожено', 'D'), ('тут', '-100')]"
"[('а', '-100'), ('нынче', '-100'), ('ж', '-100'), ('пришлось', '-100'), ('так', '-100'), ('что', '-100'), ('поздно', '-100'), ('сажали', '-100'), ('залило', '-100'), ('там', '-100'), ('дождям', 'D')]"
"[('все', '-100'), ('никак', '-100'), ('было', '-100'), ('не', '-100'), ('двадцать', '-100'), ('восьмого', '-100'), ('апреля', '-100'), ('мы', '-100'), ('уже', '-100'), ('посодим', 'D'), ('ранней', '-100'), ('картошки', '-100')]"
"[('а', '-100'), ('на', '-100'), ('работу', '-100'), ('бывало', '-100'), ('идут', '-100'), ('а', '-100'), ('было', '-100'), ('сена', '-100'), ('там', '-100'), ('покосили', '-100'), ('это', '-100'), ('пологи', 'D'), ('это', '-100'), ('ж', '-100')]"
"[('сколько', '-100'), ('там', '-100'), ('было', '-100'), ('косаков', 'D'), ('это', '-100'), ('было', '-100'), ('двадцать', 'D'), ('пять', '-100'), ('только', '-100'), ('одних', '-100'), ('косаков', 'D'), ('было', '-100')]"
"[('и', '-100'), ('все', '-100'), ('пологи', 'D'), ('выкашивались', '-100'), ('так', '-100'), ('как', '-100'), ('вот', '-100'), ('дорога', '-100')]"
"[('простор', 'D'), ('был', '-100'), ('мы', '-100'), ('один', '-100'), ('год', '-100'), ('накосили', '-100'), ('двадцать', '-100'), ('пять', '-100'), ('адонков', 'D'), ('стояло', '-100'), ('у', '-100'), ('нас', '-100')]"
"[('двадцать', '-100'), ('пять', '-100'), ('адонков', '-100'), ('вот', '-100'), ('раньше', '-100'), ('как', '-100'), ('сейчас', '-100'), ('вот', '-100'), ('такие', '-100'), ('вот', '-100')]"
"[('и', '-100'), ('метали', '-100'), ('было', '-100'), ('я', '-100'), ('не', '-100'), ('знаю', '-100'), ('как', '-100'), ('это', '-100'), ('метали', '-100'), ('сено', '-100'), ('с', '-100'), ('обеда', '-100'), ('надо', '-100'), ('же', '-100'), ('метать', '-100'), ('его', '-100'), ('было', '-100'), ('эти', '-100'), ('адонки', 'D')]"
"[('а', '-100'), ('если', '-100'), ('она', '-100'), ('с', '-100'), ('адонков', 'D')]"
"[('я', '-100'), ('приду', '-100'), ('в', '-100'), ('девять', '-100'), ('часов', '-100'), ('вечера', '-100'), ('метавши', 'D')]"
"[('нет', '-100'), ('это', '-100'), ('тюки', '-100'), ('это', '-100'), ('сейчас', '-100'), ('тюкуешь', 'D'), ('тюки', '-100'), ('а', '-100'), ('это', '-100'), ('были', '-100'), ('адонки', 'D'), ('высокие', '-100')]"
"[('да', '-100'), ('потому', '-100'), ('что', '-100'), ('делаешь', '-100'), ('адонище', 'D')]"
"[('я', '-100'), ('не', '-100'), ('дометаю', '-100'), ('адонок', 'D')]"
"[('ты', '-100'), ('погляжи', 'D'), ('девять', '-100'), ('часов', '-100'), ('вечера', '-100'), ('нам', '-100'), ('еще', '-100'), ('надо', '-100'), ('корову', '-100'), ('доить', '-100')]"
"[('в', '-100'), ('тридцать', '-100'), ('девять', '-100'), ('лет', '-100'), ('он', '-100'), ('мне', 'D'), ('помер', '-100')]"
"[('всё', '-100'), ('хозяйство', '-100'), ('это', '-100'), ('вот', '-100'), ('до', '-100'), ('последнего', '-100'), ('вот', '-100'), ('нынче', '-100'), ('тока', 'D'), ('первый', '-100'), ('год', '-100'), ('она', '-100'), ('заругалась', '-100'), ('потому', '-100'), ('что', '-100'), ('она', '-100'), ('говорит', '-100'), ('видит', '-100'), ('вот', '-100'), ('подчас', '-100'), ('не', '-100'), ('показываю', 'D'), ('как', '-100'), ('не', '-100'), ('могу', '-100'), ('идти', '-100')]"
"[('и', '-100'), ('я', '-100'), ('не', '-100'), ('знаю', '-100'), ('b', 'E'), ('yадо', 'E'), ('еще', '-100'), ('дома', '-100'), ('убирать', '-100'), ('надо', '-100'), ('всё', '-100'), ('то', 'D')]"
"[('вот', '-100'), ('как', '-100'), ('было', '-100'), ('ой', '-100'), ('это', '-100'), ('что-то', '-100'), ('как', '-100'), ('такая', '-100'), ('пора', '-100'), ('вот', '-100'), ('как', '-100'), ('раз', '-100'), ('пока', '-100'), ('что', '-100'), ('сено', '-100'), ('это', '-100'), ('это', '-100'), ('ж', '-100'), ('еще', '-100'), ('хуже', '-100'), ('это', '-100'), ('ж', '-100'), ('еще', '-100'), ('лишей', 'D'), ('тяжело', '-100'), ('как', '-100')]"
"[('придешь', '-100'), ('домой', '-100'), ('переоденешься', '-100'), ('и', '-100'), ('туда', '-100'), ('не', '-100'), ('спавши', 'D'), ('сразу', '-100')]"
"[('а', '-100'), ('чего', '-100'), ('ты', '-100'), ('с', '-100'), ('голыми', '-100'), ('голым', 'D'), ('ногам', 'D'), ('даже', '-100')]"
"[('ребята', '-100'), ('так', '-100'), ('маленькие', '-100'), ('бежать', '-100'), ('бегом', '-100'), ('прибегли', 'D'), ('все', '-100'), ('говорят', '-100'), ('а', '-100'), ('что', '-100'), ('случилось', '-100'), ('испугалась', '-100'), ('что', '-100'), ('маленькая', '-100'), ('девочка', '-100'), ('ну', '-100'), ('три', '-100'), ('годика', '-100'), ('ну', '-100'), ('танина', '-100'), ('внучка', '-100')]"
"[('ой', '-100'), ('говорит', '-100'), ('бабушка', '-100'), ('ну', '-100'), ('все', '-100'), ('нас', '-100'), ('заело', '-100'), ('мы', '-100'), ('говорит', '-100'), ('не', '-100'), ('могли', '-100'), ('там', '-100'), ('больше', '-100'), ('быть', '-100'), ('мы', '-100'), ('в', '-100'), ('реку', '-100'), ('впрудку', 'D'), ('спустились', '-100'), ('а', '-100'), ('с', '-100'), ('прудки', '-100'), ('говорит', '-100'), ('вылезли', '-100')]"
"[('ну', '-100'), ('такой', '-100'), ('был', '-100'), ('нападок', '-100'), ('ну', '-100'), ('потом', '-100'), ('правда', '-100'), ('к', '-100'), ('вечеру', '-100'), ('дождь', '-100'), ('пошел', '-100'), ('потому', '-100'), ('что', '-100'), ('перед', '-100'), ('дождем', '-100'), ('все', '-100'), ('говорят', '-100'), ('были', '-100'), ('ну', '-100'), ('нынче', '-100'), ('они', '-100'), ('и', '-100'), ('не', '-100'), ('перед', '-100'), ('дождем', '-100'), ('они', '-100'), ('так', '-100'), ('ну', '-100'), ('так', '-100'), ('кусанут', 'D'), ('ну', '-100'), ('нет', '-100'), ('терпенья', '-100')]"
"[('вот', '-100'), ('а', '-100'), ('не', '-100'), ('могу', '-100'), ('я', '-100'), ('в', '-100'), ('такую', '-100'), ('жару', '-100'), ('не', '-100'), ('могу', '-100'), ('я', '-100'), ('ей', '-100'), ('было', '-100'), ('когда', '-100'), ('она', '-100'), ('меня', '-100'), ('свезла', 'D'), ('меня', '-100'), ('два', '-100'), ('раза', '-100')]"
"[('но', '-100'), ('машин', 'D'), ('несёт', '-100'), ('по', '-100'), ('этой', '-100'), ('воде', '-100'), ('это', '-100'), ('что-то', '-100')]"
"[('и', '-100'), ('нет', '-100'), ('ни', '-100'), ('работы', '-100'), ('толком', '-100'), ('ни', '-100'), ('денег', '-100'), ('этых', 'D'), ('ну', '-100'), ('что', '-100'), ('это', '-100')]"
"[('не', '-100'), ('подымется', 'D'), ('на', '-100'), ('гора', '-100'), ('у', '-100'), ('нас', '-100'), ('мы', '-100'), ('на', 'D'), ('горы', 'D'), ('живем', '-100')]"
"[('не', '-100'), ('там', '-100'), ('народ', '-100'), ('совсем', '-100'), ('другой', '-100'), ('не', '-100'), ('мы', '-100'), ('шетневские', 'D')]"
"[('наши', '-100'), ('шетневские', 'D'), ('все', '-100'), ('отличают', '-100'), ('нас', '-100')]"
"[('у', '-100'), ('нас', '-100'), ('москвичи', '-100'), ('так', '-100'), ('ну', '-100'), ('в', '-100'), ('макееве', '-100'), ('не', '-100'), ('покупают', '-100'), ('дома', '-100'), ('понимаешь', '-100'), ('не', '-100'), ('покупали', '-100'), ('ничего', '-100'), ('у', '-100'), ('нас', '-100'), ('только', '-100'), ('в', '-100'), ('шетневе', 'D'), ('все', '-100'), ('у', '-100'), ('нас', '-100'), ('всё', '-100'), ('шетнево', 'D'), ('был', '-100'), ('заселён', '-100'), ('одними', '-100'), ('москвичами', '-100')]"
"[('вот', '-100'), ('наше', '-100'), ('шетнево', 'D'), ('все', '-100'), ('любят', '-100')]"
"[('а', '-100'), ('наши', '-100'), ('все', '-100'), ('такие', '-100'), ('приёмчистые', 'D'), ('все', '-100'), ('люди', '-100'), ('совсем', '-100'), ('другие', '-100')]"
"[('как', '-100'), ('это', '-100'), ('так', '-100'), ('а', '-100'), ('у', '-100'), ('их', 'D'), ('такая', '-100'), ('все', '-100'), ('зависть', '-100'), ('вот', '-100'), ('они', '-100'), ('лядят', 'E')]"
"[('даже', '-100'), ('клочек', 'E'), ('земли', '-100'), ('этой', '-100'), ('несчастной', '-100')]"
"[('а', '-100'), ('у', '-100'), ('нас', '-100'), ('у', '-100'), ('нас', '-100'), ('спокон', '-100'), ('веков', '-100'), ('как', '-100'), ('же', '-100'), ('какие', '-100'), ('мы', '-100'), ('были', '-100'), ('ещё', '-100'), ('маленькие', '-100'), ('у', '-100'), ('нас', '-100'), ('было', '-100'), ('понятий', '-100'), ('нету', '-100'), ('как', '-100'), ('это', '-100'), ('иметь', '-100'), ('межу', 'D')]"
"[('я', '-100'), ('буду', '-100'), ('иметь', '-100'), ('межу', 'D')]"
"[('всё', '-100'), ('она', '-100'), ('тоже', '-100'), ('не', '-100'), ('сажали', '-100'), ('картошку', '-100'), ('пока', '-100'), ('они', '-100'), ('не', '-100'), ('ссодют', 'D'), ('тогда', '-100'), ('тоже', '-100'), ('они', '-100'), ('сажают', '-100')]"
"[('чтоб', 'D'), ('всё', '-100'), ('вот', '-100'), ('какие', '-100'), ('так', '-100'), ('вот', '-100'), ('это', '-100'), ('макеевские', 'D'), ('такие', '-100')]"
"[('да', '-100'), ('игорь', '-100'), ('и', '-100'), ('ветврач', 'D'), ('да', '-100'), ('они', '-100'), ('учились', '-100'), ('вместе', '-100'), ('с', '-100'), ('ней', '-100'), ('в', '-100'), ('этой', '-100'), ('в', '-100'), ('осташкове', 'D')]"
"[('а', '-100'), ('здоровье', '-100'), ('грыжи', '-100'), ('большие', '-100'), ('повылезали', '-100'), ('другая', '-100'), ('ещё', '-100'), ('оставши', 'D')]"
"[('а', '-100'), ('так', '-100'), ('бы', '-100'), ('он', '-100'), ('ту', 'D'), ('ой', '-100'), ('сломался', '-100')]"
"[('устроивши', 'D'), ('это', '-100'), ('столько', '-100'), ('было', '-100'), ('заказов', '-100'), ('бывало', '-100')]"
"[('потому', '-100'), ('что', '-100'), ('не', '-100'), ('сможет', '-100'), ('попробуй', '-100'), ('так', '-100'), ('все', '-100'), ('на', '-100'), ('коленочках', '-100'), ('как', '-100'), ('это', '-100'), ('вот', '-100'), ('я', '-100'), ('говрю', 'E'), ('строил', '-100'), ('всё', '-100'), ('всё', '-100'), ('вот', '-100'), ('всё', '-100'), ('так', '-100'), ('вприсядку', '-100')]"
"[('каждое', '-100'), ('брёвнышко', '-100'), ('так', '-100'), ('обделаное', 'E')]"
"[('так', '-100'), ('обрубанено', 'D'), ('что', '-100'), ('это', '-100'), ('просто', '-100')]"
"[('о', 'D'), ('господи', '-100'), ('там', '-100'), ('так', '-100'), ('отшлифовано', '-100')]"
"[('тут', '-100'), ('ребяты', 'D'), ('все', '-100'), ('бегают', '-100'), ('как', '-100'), ('в', '-100'), ('этом', '-100'), ('беспокойстве', '-100'), ('а', '-100'), ('там', '-100'), ('было', '-100'), ('пойдет', '-100')]"
"[('там', '-100'), ('будет', '-100'), ('спать', '-100'), ('говрит', 'E'), ('всё', '-100'), ('теперь', '-100'), ('вот', '-100'), ('мое', '-100'), ('место', '-100'), ('где', '-100'), ('ищите', '-100'), ('телевизор', '-100'), ('уже', '-100'), ('поставленый', 'E')]"
"[('он', '-100'), ('так', '-100'), ('вычистил', '-100'), ('дружбу', '-100'), ('что', '-100'), ('даже', '-100'), ('ни', '-100'), ('одной', '-100'), ('там', '-100'), ('опилочинки', 'D'), ('не', '-100'), ('было', '-100'), ('в', '-100'), ('дружбе', '-100'), ('и', '-100'), ('вот', '-100'), ('говорит', '-100'), ('дед', '-100'), ('поэтому', '-100'), ('я', '-100'), ('тебе', '-100'), ('так', '-100'), ('дружбу', '-100'), ('тебе', '-100'), ('вычищу', 'D')]"
"[('я', '-100'), ('ему', '-100'), ('говорим', 'D'), ('нет', '-100'), ('а', '-100'), ('он', '-100'), ('говорит', '-100'), ('видишь', '-100'), ('говорю', '-100'), ('нет', '-100'), ('же', '-100'), ('ж', 'D'), ('ключей', '-100'), ('не', '-100'), ('лежат', '-100'), ('же', '-100'), ('ключи', '-100')]"
"[('мужик', '-100'), ('или', '-100'), ('баба', '-100'), ('она', '-100'), ('у', '-100'), ('тебе', 'D'), ('кто', '-100'), ('она', '-100')]"
"[('там', '-100'), ('что', '-100'), ('не', '-100'), ('что', '-100'), ('нет', '-100'), ('там', '-100'), ('никого', '-100'), ('там', '-100'), ('нового', '-100'), ('сейчас', '-100'), ('нет', '-100'), ('там', '-100'), ('никого', '-100'), ('в', '-100'), ('этом', '-100'), ('терехове', 'D')]"
"[('на', 'D'), ('нет', '-100'), ('там', '-100'), ('они', '-100'), ('старые', '-100'), ('доча', 'D'), ('ой', 'D'), ('это', '-100'), ('сколько', '-100'), ('этой', '-100'), ('избе', '-100'), ('это', '-100'), ('там', '-100'), ('лет', '-100'), ('это', '-100'), ('мы', '-100'), ('туда', '-100'), ('на', '-100'), ('гулянки', '-100'), ('ходили', '-100'), ('там', '-100'), ('ж', '-100'), ('это', '-100'), ('гуляли', '-100'), ('там', '-100'), ('в', '-100'), ('этой', '-100'), ('избе', '-100')]"
"[('какие', '-100'), ('мы', '-100'), ('еще', '-100'), ('вот', '-100'), ('ходили', '-100'), ('мы', '-100'), ('на', '-100'), ('гулянки', '-100'), ('уже', '-100'), ('ходили', '-100'), ('там', '-100'), ('эта', '-100'), ('была', '-100'), ('изба', '-100'), ('ихняя', 'D'), ('большая', '-100'), ('была', '-100'), ('изба', '-100'), ('ихняя', 'D'), ('большая', '-100')]"
"[('а', '-100'), ('как', '-100'), ('вот', '-100'), ('так', '-100'), ('нет', '-100'), ('вой', 'D'), ('как', '-100'), ('не', '-100'), ('тихо', '-100'), ('выйдешь', '-100'), ('ну', '-100'), ('чисто', '-100'), ('нет', '-100'), ('никого', '-100')]"
"[('у', '-100'), ('нас', '-100'), ('народу', '-100'), ('у', '-100'), ('нас', '-100'), ('молодежи', '-100'), ('бы', '-100'), ('было', '-100'), ('не', '-100'), ('то', '-100'), ('что', '-100'), ('у', '-100'), ('таньки', '-100'), ('у', '-100'), ('мене', 'D'), ('даже', '-100'), ('бы', '-100'), ('было', '-100')]"
"[('зато', '-100'), ('я', '-100'), ('люблю', '-100'), ('народ', '-100'), ('все', '-100'), ('время', '-100'), ('с', '-100'), ('народом', '-100'), ('люблю', '-100'), ('что', 'E'), ('бы', 'E'), ('мне', '-100'), ('народ', '-100'), ('бы', 'D'), ('был', '-100')]"
"[('у', '-100'), ('нас', '-100'), ('не', '-100'), ('застолья', '-100'), ('были', '-100'), ('не', '-100'), ('выходили', '-100'), ('столы', '-100'), ('а', '-100'), ('там', '-100'), ('у', '-100'), ('таньки', 'D'), ('таб', 'E'), ('была', '-100'), ('вся', '-100'), ('молодежь', '-100'), ('там', '-100'), ('была', '-100')]"
"[('я', '-100'), ('не', '-100'), ('знаю', '-100'), ('бегают', '-100'), ('погляди', '-100'), ('как', '-100'), ('они', '-100'), ('бегают', '-100'), ('ну', 'E'), ('ка', 'E'), ('дук', 'D'), ('дук', 'D'), ('дук', 'D'), ('дук', 'D'), ('я', '-100'), ('не', '-100'), ('знаю', '-100'), ('что', '-100'), ('у', '-100'), ('нее', '-100'), ('за', '-100'), ('пятки', '-100')]"
"[('дверь', '-100'), ('вниз', '-100'), ('вот', '-100'), ('пришлось', '-100'), ('новую', '-100'), ('ставить', '-100'), ('но', '-100'), ('как', '-100'), ('ведь', '-100'), ('зима', '-100'), ('придет', '-100'), ('надо', '-100'), ('ж', 'D'), ('новую', 'E'), ('то', 'E'), ('ставить', '-100')]"
"[('в', '-100'), ('шетневе', 'D'), ('нет', '-100'), ('там', '-100'), ('где', '-100'), ('охотохозяйство', '-100'), ('построен', 'D'), ('за', '-100'), ('мостом', '-100')]"
"[('а', '-100'), ('где', '-100'), ('вы', '-100'), ('в', '-100'), ('шетневе', 'D'), ('живёте', '-100')]"
"[('на', '-100'), ('недельку', '-100'), ('уехадчи', 'D'), ('и', '-100'), ('там', '-100'), ('ещё', '-100'), ('тётя', '-100'), ('маруся', '-100'), ('дояркой', '-100'), ('работала', '-100'), ('у', '-100'), ('нас', '-100'), ('в', '-100'), ('хозяйстве', '-100'), ('и', '-100'), ('это', '-100'), ('всё', '-100'), ('в', '-100'), ('москве', '-100')]"
"[('юрик', '-100'), ('мой', '-100'), ('родной', '-100'), ('брат', '-100'), ('умерши', 'D'), ('сейчас', '-100')]"
"[('тётя', '-100'), ('зина', '-100'), ('жила', '-100'), ('такая', '-100'), ('они', '-100'), ('жили', '-100'), ('сначала', '-100'), ('в', '-100'), ('копае', 'D'), ('потом', '-100'), ('в', '-100'), ('трехкомнатную', '-100'), ('квартиру', '-100'), ('в', '-100'), ('пушкино', '-100'), ('я', '-100'), ('на', '-100'), ('свадьбу-то', '-100'), ('ездил', '-100'), ('пушкино', '-100'), ('когда', '-100'), ('ж', '-100'), ('с', '-100'), ('тамаркой', '-100'), ('жил', '-100')]"
"[('вот', '-100'), ('в', '-100'), ('пушкино', 'D'), ('свадьба', '-100'), ('была', '-100'), ('да', '-100'), ('я', '-100'), ('не', '-100'), ('буду', '-100'), ('говорить', '-100'), ('что', '-100'), ('такой', '-100'), ('сильно', '-100'), ('умный', '-100'), ('а', '-100'), ('потом', '-100'), ('я', '-100'), ('как', '-100'), ('и', '-100'), ('зятьями', 'D'), ('знакомился', 'D'), ('сруб', '-100'), ('рубили', '-100'), ('ездили', '-100'), ('как', '-100'), ('тебе', '-100'), ('сказать', '-100')]"
"[('и', '-100'), ('тут', '-100'), ('работала', '-100'), ('это', '-100'), ('всё', '-100'), ('сокращение', '-100'), ('шло', '-100'), ('в', '-100'), ('старице', 'D'), ('ну', '-100'), ('а', '-100'), ('потом', '-100'), ('она', '-100'), ('работала', '-100'), ('как', '-100'), ('бы', '-100'), ('там', '-100'), ('подрабатывала', '-100'), ('мамка', 'D'), ('лежит', '-100'), ('ну', '-100'), ('а', '-100'), ('ты', '-100'), ('как', '-100'), ('колхозы', '-100'), ('туда', '-100'), ('молоком', '-100'), ('снабжал', '-100'), ('засчёт', '-100'), ('хозяйства', '-100'), ('я', '-100'), ('жил', '-100'), ('короче', '-100')]"
"[('у', '-100'), ('меня', '-100'), ('зять', '-100'), ('работает', '-100'), ('сейчас', '-100'), ('вот', '-100'), ('в', '-100'), ('хозяйстве', '-100'), ('в', '-100'), ('этох', 'D'), ('охотхозяйство', '-100'), ('володька', '-100'), ('зять', '-100')]"
"[('всё', '-100'), ('рухается', 'D'), ('а', '-100'), ('надо', '-100'), ('что-нибудь', '-100')]"
"[('ну', '-100'), ('мы', '-100'), ('доехали', '-100'), ('женщина', '-100'), ('такая', '-100'), ('молодая', '-100'), ('женщина', '-100'), ('сидела', '-100'), ('так', '-100'), ('говорю', '-100'), ('ту', 'D'), ('блять', '-100'), ('это', '-100'), ('с', 'D'), ('москвы', 'D'), ('до', '-100'), ('ужура', 'D'), ('ужур', 'D')]"
"[('а', '-100'), ('хорошо', '-100'), ('эта', '-100'), ('женщина', '-100'), ('сидела', '-100'), ('говорит', '-100'), ('мальцы', 'D'), ('езжайте', '-100'), ('домой', '-100'), ('она', '-100'), ('женщина', '-100'), ('такая', '-100'), ('молодая', '-100'), ('всё', '-100'), ('говорила', '-100'), ('бля', '-100'), ('а', '-100'), ('куда', '-100'), ('есть', '-100'), ('у', '-100'), ('вас', '-100'), ('знакомые', '-100'), ('там', '-100')]"
"[('и', '-100'), ('по', '-100'), ('лесу', '-100'), ('хожу', '-100'), ('ту', 'D'), ('сам', '-100'), ('себе', '-100'), ('хозяин', '-100')]"
"[('а', '-100'), ('я', '-100'), ('девочки', '-100'), ('вам', '-100'), ('скажу', '-100'), ('вот', '-100'), ('моя', '-100'), ('тёща', '-100'), ('и', '-100'), ('моя', '-100'), ('хозяйка', '-100'), ('так', '-100'), ('ездит', '-100'), ('вот', '-100'), ('она', '-100'), ('деревня', '-100'), ('аксентьево', 'D'), ('за', '-100'), ('пятнадцать', '-100'), ('километров', '-100'), ('девки', 'D'), ('ездят', '-100'), ('хорошо', '-100'), ('машина', '-100'), ('своя', '-100'), ('есть', '-100'), ('всё', '-100'), ('обкосят', '-100'), ('всё', '-100'), ('подберут', '-100')]"
"[('травки', '-100'), ('сеят', 'E'), ('цветочки', '-100'), ('там', '-100'), ('в', '-100'), ('шетневе', 'D'), ('ж', '-100'), ('игорь', '-100'), ('тоже', '-100'), ('сеет', '-100')]"
"[('вы', '-100'), ('ж', '-100'), ('приехадчи', 'D')]"
"[('в', '-100'), ('шетнево', 'D'), ('приехадчи', 'D')]"
"[('да', '-100'), ('на', '-100'), ('торопе', 'D'), ('они', '-100'), ('останавливались', '-100'), ('ну', '-100'), ('и', '-100'), ('так', '-100'), ('сколько', '-100'), ('лет', '-100'), ('ой', '-100')]"
"[('чернику', '-100'), ('она', '-100'), ('наскреботала', 'D'), ('этим', '-100'), ('комбайном', '-100')]"
"[('наверное', '-100'), ('тут', '-100'), ('сейчас', '-100'), ('приехадчи', 'D'), ('да', '-100')]"
"[('ну', '-100'), ('вас', '-100'), ('много', '-100'), ('приехадчи', 'D')]"
"[('вот', '-100'), ('у', '-100'), ('нас', '-100'), ('таджики', '-100'), ('тут', '-100'), ('есть', '-100'), ('они', '-100'), ('и', '-100'), ('то', '-100'), ('пропавши', 'D'), ('где-то', '-100'), ('уехадчи', 'D'), ('сейчас', '-100'), ('где-то', '-100'), ('они', '-100'), ('может', '-100'), ('воруют', '-100'), ('может', '-100'), ('калымят', 'D')]"
"[('в', '-100'), ('питере', '-100'), ('рядом', '-100'), ('всё', '-100'), ('есть', '-100'), ('поликлиника', '-100'), ('тоже', '-100'), ('в', '-100'), ('детское', '-100'), ('отделение', '-100'), ('устроивши', 'D'), ('ну', '-100'), ('и', '-100'), ('они', '-100'), ('переучиваются', '-100'), ('их', '-100'), ('заставляют', '-100'), ('как', '-100'), ('место', '-100'), ('работы', '-100'), ('меняешь', '-100'), ('так', '-100')]"
"[('одна', '-100'), ('с', '-100'), ('украины', '-100'), ('приехадчи', 'D'), ('ну', '-100'), ('живут', '-100'), ('наверное', '-100'), ('уехали', '-100')]"
"[('а', '-100'), ('эти', '-100'), ('не', '-100'), ('пустят', '-100'), ('они', '-100'), ('они', '-100'), ('закрывши', 'D'), ('спрятавши', 'D'), ('вот', '-100'), ('что', '-100'), ('с', '-100'), ('людьми', '-100'), ('становится', '-100')]"
"[('в', '-100'), ('церкву', 'D'), ('подался', '-100'), ('всё', '-100'), ('сейчас', '-100'), ('по', '-100'), ('всей', '-100'), ('россии', '-100')]"
"[('в', '-100'), ('голову', '-100'), ('давши', 'D'), ('это', '-100'), ('заходит', '-100'), ('же', '-100'), ('видно', '-100'), ('ж', '-100')]"
"[('раньше', '-100'), ('знал', '-100'), ('его', '-100'), ('да', '-100'), ('так', '-100'), ('чистый', '-100'), ('всё', '-100'), ('побрит', 'D'), ('а', '-100'), ('это', '-100'), ('борода', '-100'), ('такая', '-100'), ('чёрная', '-100'), ('стоит', '-100'), ('это', '-100')]"
"[('да', '-100'), ('это', '-100'), ('ужас', '-100'), ('старикам', '-100'), ('мы', '-100'), ('сегодня', '-100'), ('заходили', '-100'), ('у', '-100'), ('нас', '-100'), ('в', '-100'), ('шетнево', 'D'), ('есть', '-100'), ('баба', 'D'), ('маня', '-100')]"
"[('ребяты', 'D')]"
"[('а', '-100'), ('когда', '-100'), ('не', '-100'), ('завесишь', '-100'), ('тогда', '-100'), ('дюже', 'D')]"
"[('чтоб', '-100'), ('не', '-100'), ('нагорать', 'D')]"
"[('да', '-100'), ('тогда', '-100'), ('не', '-100'), ('уходили', '-100'), ('за', 'D'), ('семнадцать', '-100')]"
"[('и', '-100'), ('нажилася', 'D')]"
"[('что', '-100'), ('каются', 'D'), ('ну', '-100'), ('вот', '-100')]"
"[('вот', '-100'), ('я', '-100'), ('каюсь', 'D'), ('что', '-100'), ('замужем', '-100'), ('а', '-100'), ('ты', '-100'), ('ткаешься', 'D'), ('замуж', '-100')]"
"[('а', '-100'), ('вы', '-100'), ('ткаетесь', 'D')]"
"[('у', '-100'), ('нас', '-100'), ('было', '-100'), ('у', '-100'), ('мамки', 'D'), ('пять', '-100'), ('девок', 'D'), ('два', '-100'), ('мальца', 'D')]"
"[('помогали', '-100'), ('мамке', 'D'), ('работали', '-100')]"
"[('хотела', '-100'), ('мамка', 'D'), ('ехать', '-100')]"
"[('мамка', 'D'), ('в', '-100'), ('положении', '-100'), ('была', '-100')]"
"[('ну', '-100'), ('говорит', '-100'), ('лежали', '-100'), ('лежали', '-100'), ('пока', '-100'), ('близко', '-100'), ('подошли', '-100'), ('потом', '-100'), ('вглядимся', 'D'), ('наши', '-100'), ('говорит', '-100'), ('два', '-100'), ('офицера', '-100')]"
"[('а', '-100'), ('с', 'D'), ('стороны', '-100'), ('козелок', '-100'), ('вышел', 'D'), ('машина', '-100'), ('вышли', '-100'), ('люди', '-100'), ('взорвали', '-100')]"
"[('была', '-100'), ('изобка', 'D')]"
"[('у', 'D'), ('немцах', 'D'), ('был', '-100')]"
"[('тая', 'D'), ('старшая', '-100'), ('с', 'D'), ('тридцатого', 'D'), ('года', 'D'), ('тая', 'D'), ('пять', '-100'), ('классов', '-100'), ('окончила', '-100')]"
"[('с', '-100'), ('шестьдесят', '-100'), ('девятого', '-100'), ('году', 'D')]"
"[('говорит', '-100'), ('мы', '-100'), ('пришли', '-100'), ('у', '-100'), ('его', 'D'), ('ботинки', '-100'), ('купленные', 'D'), ('напишешь', '-100'), ('нам', '-100'), ('справку', '-100'), ('чтобы', '-100'), ('получить', '-100'), ('паспорт', '-100')]"
"[('снег', 'D'), ('сойдет', '-100'), ('сбегаем', '-100'), ('ягоды', '-100'), ('в', 'D'), ('клюквы', 'D')]"
"[('в', '-100'), ('колхоз', '-100'), ('итити', 'D'), ('а', '-100'), ('они', '-100'), ('не', '-100'), ('пошли', '-100')]"
"[('считай', '-100'), ('папка', 'D'), ('мамка', 'D'), ('и', '-100'), ('т', '-100'), ('два', '-100'), ('мальца', 'D'), ('родились', '-100')]"
"[('брат', '-100'), ('младший', '-100'), ('помер', 'D')]"
"[('а', '-100'), ('вот', '-100'), ('я', '-100'), ('жива', '-100'), ('брат', 'D'), ('то', 'D'), ('живёт', '-100'), ('в', '-100'), ('пскове', '-100')]"
"[('кто', '-100'), ('оставши', 'D')]"
"[('с', '-100'), ('тридцатого', '-100'), ('году', 'D')]"
"[('с', '-100'), ('тридцатого', '-100'), ('году', 'D'), ('вот', '-100'), ('и', '-100'), ('эта', '-100')]"
"[('я', '-100'), ('с', '-100'), ('тридцать', '-100'), ('второго', '-100'), ('сестра', '-100'), ('вот', '-100'), ('помершая', 'D'), ('с', '-100'), ('тридцать', 'D')]"
"[('ну', '-100'), ('да', '-100'), ('дада', 'E'), ('да', '-100'), ('да', '-100'), ('да', '-100'), ('да', '-100'), ('да', '-100')]"
"[('да', '-100'), ('мы', '-100'), ('ходил', 'D'), ('в', '-100'), ('один', '-100'), ('класс', '-100')]"
"[('мамка', 'D'), ('папки', 'D'), ('не', '-100'), ('было', '-100')]"
"[('мамка', 'D'), ('была', '-100')]"
"[('и', '-100'), ('этот', '-100'), ('брат', '-100'), ('был', '-100'), ('с', 'D'), ('тридцатого', 'D'), ('году', 'D')]"
"[('и', '-100'), ('девку', 'D'), ('дома', '-100'), ('с', 'D'), ('свекровой', 'D')]"
"[('и', '-100'), ('я', '-100'), ('на', '-100'), ('кровати', '-100'), ('лежу', '-100'), ('а', '-100'), ('она', '-100'), ('спращивает', 'E'), ('у', '-100'), ('свекрови', '-100'), ('а', '-100'), ('где', '-100'), ('манька', 'D')]"
"[('уже', '-100'), ('война', '-100'), ('была', '-100'), ('кончивши', 'D'), ('женщина', '-100'), ('померла', 'D'), ('тоже', '-100'), ('в', '-100'), ('торопе', 'D'), ('делали', '-100')]"
"[('и', '-100'), ('померла', 'D'), ('в', '-100'), ('макееве', 'D')]"
"[('ванька', '-100'), ('небольшой', '-100'), ('малец', 'D')]"
"[('дом', '-100'), ('был', 'D'), ('накрыто', 'D'), ('щепой', '-100')]"
"[('в', '-100'), ('деревне', '-100'), ('у', '-100'), ('нас', '-100'), ('было', 'D'), ('праздники', '-100')]"
"[('теперь', 'E'), ('то', 'E'), ('никого', '-100'), ('не', '-100'), ('стало', '-100'), ('а', '-100'), ('во', 'D'), ('какая', '-100'), ('деревня', '-100'), ('была', '-100')]"
"[('и', '-100'), ('к', '-100'), ('тебе', '-100'), ('будут', '-100'), ('хорошо', '-100'), ('относится', 'E')]"
"[('стала', 'D'), ('и', '-100'), ('попивать', 'D'), ('стали', '-100')]"
"[('не', '-100'), ('не', '-100'), ('нене', 'E'), ('вот', '-100'), ('насчет', '-100'), ('этого', '-100')]"
"[('пришедши', 'D'), ('с', '-100'), ('работы', '-100'), ('придёшь', '-100'), ('или', '-100'), ('надо', '-100'), ('хозяйство', '-100'), ('это', '-100')]"
"[('надо', '-100'), ('тебе', '-100'), ('и', '-100'), ('песку', 'D'), ('возьмешь', '-100'), ('и', '-100'), ('хлеба', '-100'), ('там', '-100'), ('и', '-100'), ('на', '-100'), ('улочку', 'D'), ('или', '-100'), ('еще', '-100'), ('что', '-100')]"
"[('раньше', '-100'), ('я', '-100'), ('было', 'D'), ('набраная', 'E')]"
"[('уже', '-100'), ('наверное', '-100'), ('годов', 'D'), ('тридцать', 'D'), ('три', 'D')]"
"[('дочка', 'D'), ('работает', '-100'), ('на', '-100'), ('кране', '-100')]"
"[('не', '-100'), ('дома', '-100'), ('а', '-100'), ('не', '-100'), ('дуже', 'D'), ('кладут', '-100'), ('в', '-100'), ('больницу', '-100')]"
"[('бродила', 'D'), ('меня', '-100'), ('ухаживала', '-100')]"
"[('приехадчи', 'D'), ('со', '-100'), ('своей', '-100'), ('с', '-100'), ('девушкой', '-100')]"
"[('и', '-100'), ('это', '-100'), ('приезжали', '-100'), ('с', '-100'), ('торопца', 'D')]"
"[('правнук', '-100'), ('говорит', '-100'), ('я', '-100'), ('хочу', '-100'), ('в', '-100'), ('шетнево', 'D'), ('съездить', '-100')]"
"[('им', 'D'), ('тут', '-100'), ('много', '-100'), ('было', '-100'), ('этих', '-100')]"
"[('она', '-100'), ('померла', 'D')]"
"[('ни', '-100'), ('при', '-100'), ('любке', '-100'), ('никогда', '-100'), ('матом', '-100'), ('не', '-100'), ('ругалася', 'D')]"
"[('она', '-100'), ('была', '-100'), ('с', 'D'), ('тридцать', 'D'), ('первого', 'D'), ('году', 'D')]"
"[('тоже', 'D'), ('с', 'D'), ('одной', '-100'), ('деревни', '-100')]"
"[('с', 'D'), ('макеево', 'D'), ('и', '-100'), ('замуж', '-100'), ('вышли', '-100'), ('сюда', '-100')]"
"[('тогда', '-100'), ('как-то', '-100'), ('и', '-100'), ('правда', '-100'), ('теперь', '-100'), ('уже', '-100'), ('какое', '-100'), ('веселье', '-100'), ('уже', '-100'), ('век', '-100'), ('живши', 'D')]"
"[('мы', '-100'), ('не', '-100'), ('ругалися', 'D'), ('матом', '-100')]"
"[('гляжу', '-100'), ('прёт', 'D')]"
"[('сколько', 'E'), ('то', 'E'), ('видит', '-100')]"
"[('пришёдчи', 'D'), ('одеялом', '-100'), ('стирает', 'D'), ('простыни', '-100')]"
"[('задницу', '-100'), ('стирает', '-100'), ('с', '-100'), ('туалета', '-100'), ('пришедши', 'D')]"
"[('я', '-100'), ('бы', 'D'), ('умри', 'D'), ('не', '-100'), ('надела', '-100')]"
"[('голова', 'D'), ('здоровая', 'D'), ('нету', 'D'), ('голова', '-100'), ('эта', '-100'), ('болит', '-100')]"
"[('не', '-100'), ('хочу', '-100'), ('сегодня', '-100'), ('мучалася', 'D'), ('всю', '-100'), ('ночь', '-100')]"
"[('катаемся', '-100'), ('поехали', '-100'), ('с', '-100'), ('этой', '-100'), ('горы', '-100'), ('и', '-100'), ('врезалися', 'D'), ('в', '-100'), ('сосну', '-100')]"
"[('перевернуло', 'D')]"
"[('в', '-100'), ('больнице', '-100'), ('сотрясение', '-100'), ('было', '-100'), ('наверное', '-100'), ('осталося', 'D'), ('так', '-100')]"
"[('там', '-100'), ('белый', '-100'), ('налив', '-100'), ('так', '-100'), ('вот', '-100'), ('такие', '-100'), ('меленькие', 'D')]"
"[('выучишься', '-100'), ('немножко', '-100'), ('потом', '-100'), ('много', '-100'), ('не', '-100'), ('сразу', '-100'), ('же', '-100'), ('мы', '-100'), ('все', '-100'), ('училися', 'D')]"
"[('вот', '-100'), ('встретилися', 'D')]"
"[('да', '-100'), ('сейчас', '-100'), ('я', '-100'), ('хочу', '-100'), ('слепней', '-100'), ('добить', 'D'), ('которых', '-100'), ('пустила', '-100')]"
"[('ну', '-100'), ('пошел', '-100'), ('от', 'E'), ('сюда', 'E')]"
"[('а', '-100'), ('нам', '-100'), ('уже', '-100'), ('говорили', '-100'), ('эту', '-100'), ('фразу', '-100'), ('но', '-100'), ('мы', '-100'), ('ее', '-100'), ('не', '-100'), ('понимаем', '-100'), ('что', '-100'), ('это', '-100'), ('значит', '-100'), ('что', '-100'), ('значит', '-100'), ('ткаются', 'D')]"
"[('нет', '-100'), ('что', '-100'), ('значит', '-100'), ('ткаются', 'D'), ('что', '-100'), ('это', '-100'), ('значит', '-100')]"
"[('а', '-100'), ('до', '-100'), ('пятиусово', 'D'), ('далеко', '-100'), ('идти', '-100')]"
"[('мы', '-100'), ('вот', '-100'), ('девяносто', 'D'), ('седьмой', 'D'), ('девяносто', 'D'), ('восьмой', 'D'), ('год', 'D'), ('родились', '-100')]"
"[('то', '-100'), ('есть', '-100'), ('если', '-100'), ('тот', '-100'), ('которому', '-100'), ('восемнадцать', 'D')]"
"[('я', '-100'), ('просто', '-100'), ('чи', 'D'), ('смотрела', 'D'), ('видео', '-100')]"
"[('а', 'D'), ('алёна', '-100'), ('с', 'D'), ('ленинграда', 'D')]"
"[('а', '-100'), ('вы', '-100'), ('в', '-100'), ('баню', '-100'), ('ходите', '-100'), ('или', '-100'), ('сейчас', '-100'), ('уж', 'D'), ('нет', '-100')]"
"[('нам', '-100'), ('вот', '-100'), ('рассказывала', '-100'), ('галина', '-100'), ('из', '-100'), ('макеева', 'D'), ('что', '-100'), ('у', '-100'), ('всех', '-100'), ('вот', '-100'), ('коров', '-100'), ('было', '-100'), ('имя', '-100'), ('своё', '-100'), ('дано', '-100'), ('у', '-100'), ('вас', '-100'), ('у', '-100'), ('у', '-100'), ('коровы', '-100'), ('было', '-100'), ('имя', '-100')]"
"[('там', '-100'), ('где', '-100'), ('михеи', 'D'), ('ещё', '-100'), ('много', '-100'), ('домов', '-100')]"
"[('пол', 'E'), ('пятого', 'E')]"
"[('жарко', '-100'), ('очень', '-100'), ('а', '-100'), ('мы', '-100'), ('итак', 'E'), ('чай', '-100'), ('пьем', '-100')]"
"[('ну', '-100'), ('там', '-100'), ('на', '-100'), ('свалке', '-100'), ('это', '-100'), ('куда-то', '-100'), ('увозят', '-100'), ('забирают', '-100'), ('или', '-100'), ('нет', '-100'), ('так', '-100'), ('и', '-100'), ('лежит', '-100'), ('в', '-100'), ('макеево', 'D')]"
"[('а', '-100'), ('вы', '-100'), ('как', '-100'), ('до', '-100'), ('торопы', 'D')]"
"[('сколько', '-100'), ('наверное', '-100'), ('сорок', '-100'), ('километров', '-100'), ('от', '-100'), ('нашей', '-100'), ('торопец', 'D')]"
"[('теперь', '-100'), ('шагу', '-100'), ('шагнуть', '-100'), ('не', '-100'), ('хочем', 'D'), ('так', '-100'), ('надо', '-100'), ('на', '-100'), ('машине', '-100')]"
"[('мне', '-100'), ('беда', '-100'), ('ж', '-100'), ('тут', '-100'), ('худа', 'D'), ('я', '-100'), ('не', '-100'), ('могу', '-100'), ('переносить', '-100'), ('жару', '-100')]"
"[('сегодня', '-100'), ('кто-то', '-100'), ('был', 'D'), ('приехадчи', 'D'), ('сын', '-100'), ('какой-то', '-100'), ('этот', '-100')]"
"[('прям', 'D'), ('в', '-100'), ('торопце', '-100'), ('есть', '-100'), ('сын', '-100')]"
"[('а', '-100'), ('в', '-100'), ('у', '-100'), ('торопы', 'D')]"
"[('моя', '-100'), ('мамка', 'D'), ('в', '-100'), ('девяносто', '-100'), ('семь', '-100'), ('лет', '-100'), ('померла', 'D')]"
"[('папка', '-100'), ('помер', 'D'), ('семьдесят', 'D'), ('лет', '-100'), ('было', '-100')]"
"[('ну', '-100'), ('а', '-100'), ('что', '-100'), ('мама', '-100'), ('жила', '-100'), ('тоже', '-100'), ('без', '-100'), ('родителей', '-100'), ('родителей', '-100'), ('не', '-100'), ('было', '-100'), ('у', 'D'), ('ей', 'D'), ('жила', '-100'), ('с', '-100'), ('дядей', '-100')]"
"[('мамка', 'D'), ('говорит', '-100'), ('рано', '-100'), ('умерла', '-100'), ('папа', '-100'), ('тоже', '-100'), ('умер', '-100'), ('вот', '-100'), ('так', '-100'), ('она', '-100'), ('и', '-100'), ('жила', '-100'), ('с', '-100'), ('дядей', '-100')]"
"[('вот', '-100'), ('там', '-100'), ('вот', '-100'), ('осташково', 'D'), ('деревня', '-100'), ('там', '-100'), ('ещё', '-100'), ('кондратово', 'D'), ('они', '-100'), ('там', '-100'), ('жили', '-100'), ('на', '-100'), ('хуторе', '-100'), ('за', '-100'), ('осташковом', 'D'), ('её', '-100'), ('дядя', '-100'), ('взял', '-100'), ('так', '-100'), ('она', '-100'), ('и', '-100'), ('жила', '-100'), ('с', '-100'), ('дядей', '-100')]"
"[('ей', 'D'), ('за', 'E'), ('муж', 'E'), ('так', '-100'), ('она', '-100'), ('шла', '-100')]"
"[('он', '-100'), ('говорит', '-100'), ('ладно', '-100'), ('ну', '-100'), ('они', '-100'), ('легли', '-100'), ('а', '-100'), ('он', '-100'), ('в', '-100'), ('торопу', 'D'), ('привёл', '-100'), ('карательный', '-100'), ('отряд', '-100'), ('и', '-100'), ('расстреляли', '-100'), ('их', '-100'), ('этих', '-100'), ('партизан', '-100')]"
"[('у', '-100'), ('них', '-100'), ('так', '-100'), ('дом', '-100'), ('стоял', '-100'), ('и', '-100'), ('они', '-100'), ('как', '-100'), ('выбегли', 'D'), ('один', '-100'), ('на', '-100'), ('дорогу', '-100'), ('другой', '-100'), ('сюда', '-100'), ('на', '-100'), ('дорогу', '-100'), ('и', '-100'), ('сколько', '-100'), ('наверное', '-100'), ('дней', '-100'), ('пять', '-100'), ('не', '-100'), ('давали', '-100'), ('хоронить', '-100'), ('так', '-100'), ('они', '-100'), ('лежали', '-100'), ('на', '-100'), ('улице', '-100')]"
"[('все', '-100'), ('документы', '-100'), ('так', '-100'), ('им', '-100'), ('папка', 'D'), ('и', '-100'), ('показал', '-100')]"
"[('а', '-100'), ('немцы', '-100'), ('когда', '-100'), ('отступали', '-100'), ('был', 'D'), ('староста', 'D'), ('выбрано', 'D'), ('по', '-100'), ('всей', '-100'), ('деревне', '-100'), ('да', '-100')]"
"[('а', '-100'), ('им', '-100'), ('сказали', '-100'), ('немцы', '-100'), ('что', '-100'), ('надо', '-100'), ('вот', '-100'), ('столько-то', '-100'), ('людей', '-100'), ('чтоб', '-100'), ('на', '-100'), ('конях', '-100'), ('отвозить', '-100'), ('немцев', '-100'), ('в', '-100'), ('торопу', 'D'), ('вот', '-100'), ('папку', 'D'), ('отправили', '-100'), ('с', 'D'), ('торопы', 'D'), ('их', '-100'), ('возили', '-100'), ('до', '-100'), ('девяти', '-100'), ('месяцев', '-100'), ('возил', '-100'), ('зато', '-100'), ('было', '-100'), ('их', '-100'), ('там', '-100'), ('тогда', '-100'), ('тоже', '-100'), ('были', '-100'), ('начальники', '-100')]"
"[('папка', 'D'), ('говорит', '-100'), ('стали', '-100'), ('уходить', '-100'), ('все', '-100'), ('согласились', '-100'), ('один', '-100'), ('с', 'D'), ('орловской', 'D'), ('области', 'D'), ('а', '-100'), ('другой', '-100'), ('забыла', 'D'), ('откуда', '-100'), ('папка', '-100'), ('говорит', '-100'), ('втроем', '-100'), ('хлеба', '-100'), ('говорит', '-100')]"
"[('да', '-100'), ('дошли', '-100'), ('дотуда', 'D'), ('да', '-100')]"
"[('милиция', 'D'), ('вызвали', '-100'), ('сельсовет', '-100'), ('где', '-100'), ('сейчас', '-100'), ('вот', '-100'), ('этот', '-100'), ('ларёк', '-100')]"
"[('документов', '-100'), ('говорит', '-100'), ('мол', '-100'), ('ты', '-100'), ('у', '-100'), ('немцев', '-100'), ('был', '-100'), ('ничего', '-100'), ('потом', '-100'), ('папка', '-100'), ('и', '-100'), ('работать', '-100'), ('стал', '-100'), ('ничего', '-100'), ('показал', '-100'), ('все', '-100'), ('документы', '-100'), ('что', '-100'), ('ему', '-100'), ('дали', '-100'), ('на', '-100'), ('фронте', '-100'), ('всяко', 'D'), ('досталось-то', '-100')]"
"[('нету-нету', '-100'), ('папки', 'D'), ('потом', '-100'), ('прибег', 'D')]"
"[('девять', '-100'), ('душ', '-100'), ('семь', '-100'), ('ребят', '-100'), ('и', '-100'), ('папка', 'D'), ('с', '-100'), ('мамкой', 'D')]"
"[('плохо', '-100'), ('было', '-100'), ('а', '-100'), ('были', '-100'), ('все', '-100'), ('дома', '-100'), ('с', '-100'), ('мамкой', 'D')]"
"[('в', '-100'), ('сорок', '-100'), ('пятом', '-100'), ('как', '-100'), ('война', '-100'), ('окончилась', 'D'), ('да', '-100'), ('ну', '-100'), ('вот', '-100'), ('раньше', '-100'), ('нас', '-100'), ('это', 'D'), ('район', '-100'), ('освободили', '-100')]"
"[('приносил', '-100'), ('с', '-100'), ('торопы', 'D'), ('и', '-100'), ('сказал', '-100'), ('что', '-100'), ('кончилась', '-100'), ('война', '-100')]"
"[('ну', '-100'), ('а', '-100'), ('папка', '-100'), ('пришёл', '-100'), ('восенью', 'D')]"
"[('мамка', 'D'), ('говорит', '-100'), ('схожу', '-100'), ('посмотреть', '-100'), ('пришла', '-100'), ('у', '-100'), ('них', '-100'), ('печка', '-100'), ('топится', '-100'), ('не', '-100'), ('дровами', '-100'), ('а', '-100'), ('жерди', 'D'), ('наложено', 'D'), ('сваливши', 'D'), ('на', '-100'), ('полу', '-100'), ('горят', '-100'), ('ну', '-100'), ('я', '-100'), ('говорю', '-100'), ('показываю', '-100'), ('горит', '-100'), ('матка-матка', 'D'), ('вон-вон', 'D')]"
"[('тогда', '-100'), ('даже', '-100'), ('уже', '-100'), ('я', '-100'), ('попозже', '-100'), ('в', '-100'), ('годы', '-100'), ('у', '-100'), ('меня', '-100'), ('были', '-100'), ('эти', '-100'), ('внуки', '-100'), ('награда', '-100'), ('пошла', '-100'), ('в', '-100'), ('торопу', 'D')]"
"[('пойдешь', '-100'), ('я', '-100'), ('дояркой', '-100'), ('ходила', '-100'), ('к', '-100'), ('свекрову', 'D'), ('подоить', '-100'), ('корову', '-100'), ('утром', '-100'), ('пойду', '-100'), ('к', '-100'), ('вечеру', '-100'), ('прихожу', '-100'), ('мешок', '-100'), ('принесу', '-100'), ('вот', '-100'), ('деньги', '-100'), ('надо', '-100'), ('было', '-100'), ('где-то', '-100'), ('взять', '-100'), ('тут', '-100'), ('то', '-100'), ('я', '-100'), ('на', '-100'), ('стройку', '-100'), ('это', '-100'), ('сейчас', '-100'), ('можно', '-100'), ('всё', '-100'), ('взять', '-100'), ('а', '-100'), ('тогда', '-100'), ('не', '-100'), ('было', '-100'), ('ничего', '-100')]"
"[('колхозный', '-100'), ('давали', '-100'), ('свет', '-100'), ('но', '-100'), ('немного', '-100'), ('было', '-100'), ('погорит', 'D'), ('нету', 'D'), ('больше', '-100')]"
"[('а', '-100'), ('тогда', '-100'), ('некоторых', '-100'), ('судили', '-100'), ('за', '-100'), ('ли', 'D'), ('что', '-100'), ('не', '-100'), ('выработана', '-100')]"
"[('у', '-100'), ('меня', '-100'), ('сорок', '-100'), ('один', '-100'), ('год', '-100'), ('стажу', 'D')]"
"[('с', '-100'), ('четырнадцати', '-100'), ('лет', '-100')]"
"[('вот', '-100'), ('примерно', '-100'), ('год', '-100'), ('или', '-100'), ('два', '-100'), ('будешь', '-100'), ('работать', '-100'), ('дарма', 'D'), ('ни', '-100'), ('ничего', '-100'), ('вот', '-100')]"
"[('да', '-100'), ('я', '-100'), ('тут', '-100'), ('никуда', '-100'), ('не', '-100'), ('хожу', '-100'), ('куда', '-100'), ('я', '-100'), ('пойду', '-100'), ('не', '-100'), ('знавши', 'D')]"
"[('где-то', '-100'), ('тут', '-100'), ('спряталши', 'D')]"
"[('а', '-100'), ('мы', '-100'), ('её', '-100'), ('возим', '-100'), ('с', '-100'), ('собой', '-100'), ('вот', '-100'), ('уже', '-100'), ('я', '-100'), ('третий', '-100'), ('раз', '-100'), ('приехала', '-100'), ('и', '-100'), ('у', '-100'), ('нас', '-100'), ('там', '-100'), ('приехали', '-100'), ('на', '-100'), ('улицу', '-100'), ('машину', '-100'), ('открыла', '-100'), ('дверку', 'D'), ('и', '-100'), ('она', '-100'), ('ходом', 'D'), ('и', '-100'), ('пошла', '-100'), ('сюда', '-100'), ('в', '-100'), ('сени', '-100')]"
"[('а', '-100'), ('был', '-100'), ('сруб', '-100'), ('это', '-100'), ('сколько', '-100'), ('брёвен', '-100'), ('пять', '-100'), ('вот', '-100'), ('так', '-100'), ('сложено', '-100'), ('и', '-100'), ('они', '-100'), ('влезут', '-100'), ('и', '-100'), ('ходят', '-100'), ('по', '-100'), ('по', '-100'), ('йом', 'D'), ('да', '-100'), ('ой', 'D'), ('такие', '-100')]"
"[('чёрному', '-100'), ('белому', '-100'), ('всяко', 'D'), ('называли', '-100'), ('у', '-100'), ('нас', '-100'), ('была', '-100'), ('утрёха', 'D')]"
"[('москвич', '-100'), ('поджёг', '-100'), ('траву', '-100'), ('а', '-100'), ('ветер', '-100'), ('был', '-100'), ('сильный', '-100'), ('как', '-100'), ('схватил', '-100'), ('а', '-100'), ('был', '-100'), ('толью', 'D'), ('покрытый', '-100'), ('изба', '-100'), ('сразу', '-100'), ('загорелся', '-100')]"
"[('ни', '-100'), ('в', '-100'), ('макееве', 'D'), ('нету', '-100'), ('ни', '-100'), ('в', '-100'), ('шетневе', 'D')]"
"[('все', '-100'), ('померли', 'D')]"
"[('тая', 'D'), ('старше', '-100'), ('меня', '-100'), ('с', 'D'), ('тридцатого', 'D'), ('года', 'D')]"
"[('тоже', '-100'), ('она', '-100'), ('в', '-100'), ('деревне', '-100'), ('там', '-100'), ('дом', '-100'), ('ейный', 'D'), ('и', '-100'), ('живет', '-100'), ('у', '-100'), ('дочки', '-100'), ('там', '-100')]"
"[('вот', '-100'), ('она', '-100'), ('старше', '-100'), ('меня', '-100'), ('с', 'D'), ('тридцатого', 'D'), ('году', 'D')]"
"[('у', '-100'), ('меня', '-100'), ('сестра', '-100'), ('была', '-100'), ('с', 'D'), ('тридцатого', 'D'), ('года', 'D'), ('померши', 'D')]"
"[('третья', '-100'), ('первая', '-100'), ('померла', 'D'), ('третья', '-100'), ('померла', 'D'), ('и', '-100'), ('четвертая', '-100'), ('померла', 'D'), ('сестра', '-100')]"
"[('брат', '-100'), ('самый', '-100'), ('младший', '-100'), ('помер', 'D'), ('сорок', 'D'), ('восьмого', 'D'), ('году', 'D')]"
"[('а', 'D'), ('сорок', 'D'), ('второго', 'D'), ('году', 'D'), ('оставши', 'D'), ('брат', '-100')]"
"[('сестра', '-100'), ('первой', '-100'), ('померла', 'D'), ('ей', '-100'), ('было', '-100'), ('семьдесят', '-100'), ('девять', '-100')]"
"[('тоже', 'D'), ('неправильно', '-100'), ('кто', '-100'), ('родился', '-100'), ('того', '-100'), ('перёд', 'D'), ('по', '-100'), ('очереди', '-100'), ('так', '-100'), ('бы', '-100'), ('помирал', '-100'), ('бы', '-100')]"
"[('жена', '-100'), ('уехала', '-100'), ('в', '-100'), ('больницу', '-100'), ('и', '-100'), ('он', '-100'), ('пошёл', '-100'), ('её', '-100'), ('провожать', '-100'), ('пришёл', '-100'), ('и', '-100'), ('помер', 'D')]"
"[('вот', '-100'), ('тоже', '-100'), ('сын', '-100'), ('молодой', '-100'), ('помер', 'D')]"
"[('на', '-100'), ('заводе', '-100'), ('работал', 'D'), ('пришли', '-100'), ('обедать', '-100'), ('-', '-100'), ('и', '-100'), ('всё', '-100')]"
"[('а', '-100'), ('с', '-100'), ('торопы', 'D'), ('по', '-100'), ('сколько', '-100'), ('три', '-100'), ('дня', '-100')]"
"[('раньше', '-100'), ('в', '-100'), ('ленинград', '-100'), ('ходил', '-100'), ('сквозной', '-100'), ('с', 'D'), ('торопы', 'D'), ('и', '-100'), ('до', '-100'), ('ленинграда', '-100'), ('ездила', '-100'), ('прицепной', '-100'), ('вагон', '-100'), ('было', '-100'), ('сядешь', '-100'), ('спокойно', '-100'), ('приедешь', '-100'), ('и', '-100'), ('я', '-100'), ('ездила', '-100'), ('оттуда', '-100'), ('к', '-100'), ('дочке', '-100'), ('в', '-100'), ('торопе', 'D'), ('сяду', '-100'), ('едешь', '-100'), ('и', '-100'), ('домой', '-100'), ('и', '-100'), ('они', '-100'), ('потом', '-100'), ('они', '-100'), ('стали', '-100'), ('так', '-100'), ('ходить', '-100')]"
"[('в', '-100'), ('шетневе', 'D')]"
"[('мой', '-100'), ('дом', '-100'), ('в', '-100'), ('макееве', 'D'), ('но', '-100'), ('там', '-100'), ('я', '-100'), ('не', '-100'), ('много', '-100'), ('жила', '-100'), ('двадцать', 'D'), ('три', 'D'), ('года', '-100'), ('а', '-100'), ('тут', '-100'), ('уже', '-100'), ('живу', '-100'), ('сколько', '-100'), ('значит', '-100'), ('этот', '-100'), ('дом', '-100'), ('мой', '-100')]"
"[('насобирает', '-100'), ('люба', 'D'), ('смороду', 'D'), ('чёрную', '-100'), ('красную', '-100'), ('у', '-100'), ('нас', '-100'), ('есть', '-100'), ('варит', '-100'), ('компот', '-100')]"
"[('маленькие', '-100'), ('это', '-100'), ('у', '-100'), ('нас', '-100'), ('это', '-100'), ('белый', '-100'), ('налив', '-100'), ('сладкий', '-100'), ('маленькие', '-100'), ('такенькие', 'D')]"
"[('у', '-100'), ('меня', '-100'), ('вырастут', '-100'), ('как', '-100'), ('бы', '-100'), ('дождь', '-100'), ('бы', '-100'), ('был', '-100'), ('полил', '-100'), ('бы', '-100'), ('в', 'E'), ('дождя', 'D'), ('нету', '-100'), ('сухие', '-100'), ('валятся', '-100')]"
"[('звонила', '-100'), ('в', '-100'), ('западной', '-100'), ('племянница', '-100'), ('говорила', '-100'), ('у', '-100'), ('них', '-100'), ('такой', '-100'), ('был', '-100'), ('дождь', '-100'), ('ужас', '-100'), ('говорит', '-100'), ('вечер', '-100'), ('вот', '-100'), ('не', '-100'), ('дюже', 'D'), ('как', '-100'), ('позавчера', '-100'), ('а', '-100'), ('у', '-100'), ('нас', '-100'), ('я', '-100'), ('говорю', '-100'), ('не', '-100'), ('было', '-100')]"
"[('попрыскал', 'D'), ('чуть-чутеньки', 'D'), ('вчера', '-100')]"
"[('и', '-100'), ('тоже', '-100'), ('такая', '-100'), ('гроза', '-100'), ('была', '-100'), ('всё', '-100'), ('мы', '-100'), ('коров', '-100'), ('пасли', '-100'), ('а', '-100'), ('там', '-100'), ('парень', '-100'), ('пас', '-100'), ('овец', '-100'), ('и', '-100'), ('гроза', '-100'), ('стали', 'D'), ('сарай', '-100'), ('был', '-100'), ('он', '-100'), ('с', '-100'), ('одной', '-100'), ('стороны', '-100'), ('стал', 'D'), ('мы', '-100'), ('с', '-100'), ('другой', '-100')]"
"[('толшее', 'D'), ('тогда', '-100'), ('вот', '-100'), ('такая', '-100'), ('стала', '-100'), ('и', '-100'), ('она', '-100'), ('была', '-100'), ('пушистой', '-100'), ('обрубили', '-100'), ('все', '-100'), ('суки', '-100')]"
"[('чу', 'D'), ('рядом', '-100'), ('я', '-100'), ('вода', 'D'), ('не', '-100'), ('принесу', '-100'), ('рядом', '-100')]"
"[('а', '-100'), ('вчера', '-100'), ('верно', '-100'), ('этот', '-100'), ('михей', 'D'), ('мылся', '-100'), ('провод', '-100'), ('отсоединил', '-100'), ('люба', '-100'), ('пошла', '-100'), ('за', '-100'), ('водой', '-100'), ('говорит', '-100'), ('нету', 'D'), ('у', '-100'), ('нас', '-100'), ('воды', '-100'), ('у', '-100'), ('нас', '-100'), ('проведено', 'D')]"
"[('то', 'D'), ('игорь', '-100'), ('увидел', '-100'), ('дал', '-100'), ('бы', '-100'), ('трёпки', '-100')]"
"[('сёстры', '-100'), ('это', '-100'), ('две', '-100'), ('в', '-100'), ('торопе', 'D'), ('одна', '-100'), ('работала', '-100'), ('на', '-100'), ('железной', '-100'), ('дороге', '-100'), ('вторая', '-100'), ('работала', '-100'), ('двадцать', '-100'), ('лет', '-100'), ('в', '-100'), ('магазине', '-100'), ('завмагом', '-100')]"
"[('браты', 'D'), ('один', '-100'), ('ветврач', '-100')]"
"[('колхоз', '-100'), ('тогда', '-100'), ('с', 'D'), ('колхоза', '-100'), ('не', '-100'), ('давали', '-100'), ('паспорт', '-100'), ('стандартную', '-100'), ('справку', '-100'), ('не', '-100'), ('давали', '-100'), ('паспорт', '-100'), ('а', '-100'), ('без', '-100'), ('паспорта', '-100'), ('не', '-100'), ('брали', '-100'), ('ж', '-100')]"
"[('раньше', '-100'), ('присылали', '-100'), ('вот', '-100'), ('на', '-100'), ('тракториста', '-100'), ('в', '-100'), ('колхозы', 'D'), ('разных', 'D'), ('учились', '-100'), ('где-то', '-100'), ('на', '-100'), ('трактор', '-100'), ('и', '-100'), ('присылали', '-100'), ('вот', '-100'), ('сестря', 'E'), ('у', '-100'), ('сестры', '-100'), ('моей', '-100'), ('тоже', '-100'), ('был', 'D'), ('приехадчи', 'D'), ('с', '-100'), ('этой', '-100'), ('с', 'D'), ('этой', '-100'), ('с', 'D'), ('осетии', 'D')]"
"[('завмаг', '-100'), ('пакет', '-100'), ('ссыпет', 'D'), ('нам', '-100'), ('печенья', '-100'), ('пакет', '-100'), ('я', '-100'), ('говорю', '-100'), ('нам', '-100'), ('не', '-100'), ('надо', '-100'), ('она', '-100'), ('берите', '-100'), ('я', '-100'), ('говорю', '-100'), ('надо', '-100'), ('за', '-100'), ('деньги', '-100'), ('валя', '-100'), ('говорит', '-100'), ('сестра', '-100'), ('берите', '-100'), ('говорит', '-100'), ('у', '-100'), ('них', '-100'), ('принято', '-100'), ('так', '-100'), ('ты', '-100'), ('гость', '-100')]"
"[('сейчас', '-100'), ('стыдно', '-100'), ('ему', '-100'), ('пить', '-100'), ('два', '-100'), ('внука', '-100'), ('вот', '-100'), ('у', '-100'), ('него', '-100'), ('вчера', '-100'), ('были', 'D'), ('приехадчи', 'D'), ('маленькие', '-100'), ('господи', '-100'), ('держатся', '-100'), ('как', '-100'), ('его', '-100')]"
"[('был', 'D'), ('приехадчи', 'D'), ('я', '-100'), ('говорит', 'D'), ('бабушка', '-100'), ('плаваю', '-100'), ('под', '-100'), ('водой', '-100')]"
"[('не', '-100'), ('я', '-100'), ('на', '-100'), ('один', '-100'), ('балкон', '-100'), ('посижу', '-100'), ('на', '-100'), ('одном', '-100'), ('на', '-100'), ('другом', '-100'), ('два', '-100'), ('балкона', '-100'), ('у', '-100'), ('неё', '-100'), ('вот', '-100'), ('на', '-100'), ('кухне', '-100'), ('там', '-100'), ('в', '-100'), ('комнатах', '-100'), ('день', '-100'), ('проходит', '-100'), ('она', '-100'), ('пойдёт', '-100'), ('на', '-100'), ('работу', '-100'), ('зять', 'D'), ('на', '-100'), ('рыбу', '-100')]"
"[('не', '-100'), ('я', '-100'), ('когда', '-100'), ('дома', '-100'), ('была', '-100'), ('у', '-100'), ('меня', '-100'), ('все', '-100'), ('мои', '-100'), ('были', '-100'), ('выполоты', 'D'), ('чисты', '-100')]"
"[('травы', '-100'), ('нарубишь', '-100'), ('картошки', '-100'), ('мучицы', 'D'), ('и', '-100'), ('даёшь', '-100'), ('вот', '-100')]"
"[('говорю', '-100'), ('люб', '-100'), ('уже', '-100'), ('есть', '-100'), ('одна', '-100'), ('пришёдчи', 'D')]"
"[('а', '-100'), ('помидоры', '-100'), ('посажено', 'D'), ('пятилитровые', 'D'), ('банки', 'D'), ('вот', '-100'), ('эти', '-100'), ('вот', '-100'), ('пластмассу', '-100'), ('отрезали', '-100')]"
"[('а', '-100'), ('так', '-100'), ('вон', '-100'), ('ушодчи', 'D'), ('не', '-100'), ('знаю', '-100'), ('куда', '-100')]"
"[('на', '-100'), ('нас', '-100'), ('вчера', '-100'), ('такой', '-100'), ('крупный', '-100'), ('чутеньки', 'D'), ('побыл', '-100'), ('и', '-100'), ('вот', '-100'), ('всё', '-100')]"
"[('так', '-100'), ('это', '-100'), ('у', '-100'), ('ей', 'D'), ('была', '-100'), ('спина', '-100'), ('вся', '-100'), ('разъедена', '-100')]"
"[('бывало', 'D'), ('чулки', '-100'), ('одеты', 'D'), ('так', '-100'), ('они', '-100'), ('все', '-100'), ('в', '-100'), ('крови', '-100'), ('укусят', '-100'), ('в', '-100'), ('кровь', '-100'), ('вот', '-100'), ('много', '-100'), ('было', '-100'), ('вон', '-100'), ('туда', '-100'), ('ходили', '-100'), ('на', '-100'), ('реку', '-100')]"
"[('это', '-100'), ('сейчас', '-100'), ('я', '-100'), ('говорила', '-100'), ('как', '-100'), ('я', '-100'), ('б', '-100'), ('косила', '-100'), ('сейчас', '-100'), ('бы', '-100'), ('умри', 'D'), ('не', '-100'), ('могла', '-100'), ('б', '-100')]"
"[('и', '-100'), ('мошкары', 'D'), ('было', 'D'), ('этой', 'D'), ('ужас', '-100'), ('сколько', '-100'), ('мошки', '-100')]"
"[('не', '-100'), ('продышаться', '-100'), ('ну', '-100'), ('много', '-100'), ('было', '-100'), ('ужас', 'D')]"
"[('и', '-100'), ('мух', '-100'), ('много', '-100'), ('было', '-100'), ('у', '-100'), ('нас', '-100'), ('даже', '-100'), ('как-то', '-100'), ('у', '-100'), ('мамки', 'D'), ('было', '-100'), ('такой', '-100'), ('мешок', '-100'), ('они', '-100'), ('туда', '-100'), ('залетали', '-100'), ('эти', '-100'), ('мухи', '-100')]"
"[('их', '-100'), ('у', '-100'), ('нас', '-100'), ('две', '-100'), ('было', '-100'), ('на', '-100'), ('окно', '-100'), ('повешано', 'D'), ('на', '-100'), ('крыльцо', '-100'), ('чёрно', '-100'), ('было', '-100'), ('наляпивши', 'D')]"
"[('и', '-100'), ('он', '-100'), ('сначала', '-100'), ('возил', '-100'), ('туда', '-100'), ('в', '-100'), ('торопу', 'D'), ('там', '-100'), ('у', '-100'), ('их', 'D'), ('а', '-100'), ('стали', '-100'), ('говорить', '-100'), ('зачем', '-100'), ('ты', '-100'), ('возишь', '-100'), ('у', '-100'), ('нас', '-100'), ('своих', '-100'), ('хватает', '-100'), ('вот', '-100'), ('складываем', '-100'), ('в', '-100'), ('это', '-100'), ('в', '-100'), ('хлев', '-100'), ('и', '-100'), ('он', '-100'), ('отвозит', '-100'), ('ванька', '-100')]"
"[('ну', '-100'), ('ещё', '-100'), ('не', '-100'), ('замужем', '-100'), ('и', '-100'), ('вот', '-100'), ('ванька', 'D'), ('мой', '-100'), ('и', '-100'), ('были', '-100'), ('все', '-100'), ('в', '-100'), ('этой', '-100'), ('машине', '-100'), ('ехали', '-100'), ('в', '-100'), ('сторопы', 'D')]"
"[('да', '-100'), ('ванька', '-100'), ('был', '-100'), ('мои', '-100'), ('ноги', '-100'), ('были', '-100'), ('гворит', 'E'), ('это', '-100'), ('на', '-100'), ('улице', '-100')]"
"[('на', '-100'), ('по-моему', '-100'), ('на', '-100'), ('мнльчине', 'E'), ('вот', '-100')]"
"[('и', '-100'), ('роману', '-100'), ('таблетки', '-100'), ('мне', '-100'), ('прописались', 'D')]"
"[('да', '-100'), ('мне', '-100'), ('роман', '-100'), ('в', '-100'), ('жары', 'D'), ('не', '-100'), ('выходите', 'D')]"
"[('а', '-100'), ('мы', '-100'), ('пеший', 'D'), ('ходили', '-100'), ('двенадцать', 'D'), ('километров', '-100')]"
"[('ну', '-100'), ('во', 'D'), ('как', '-100')]"
"[('подоила', '-100'), ('тута', 'D')]"
"[('грабили', 'D'), ('граблям', 'D')]"
"[('погода', '-100'), ('была', '-100'), ('така', 'D'), ('жарища', '-100'), ('господи', '-100')]"
"[('чу', 'D'), ('где', '-100'), ('в', '-100'), ('колхозе', '-100'), ('так', '-100'), ('на', '-100'), ('поле', '-100')]"
"[('кислицу', 'D'), ('знаете', '-100'), ('таку', 'D'), ('кислицу', 'D'), ('щавель', '-100')]"
"[('в', '-100'), ('ягоды', '-100'), ('была', '-100'), ('как', '-100'), ('есть', '-100'), ('времечко', 'D'), ('так', '-100'), ('сбегаешь', '-100')]"
"[('ещё', '-100'), ('не', '-100'), ('хочешь', '-100'), ('знакомиться', '-100'), ('с', '-100'), ('девкой', 'D')]"
"[('бывало', '-100'), ('с', 'D'), ('песням', 'D'), ('ходим', '-100'), ('с', '-100'), ('ним', '-100'), ('по', '-100'), ('деревне', '-100'), ('как', '-100'), ('раньше', '-100')]"
"[('а', '-100'), ('в', '-100'), ('огороде', '-100'), ('бывало', '-100'), ('сидишь', '-100'), ('полешь', 'D')]"
"[('ну', '-100'), ('так', '-100'), ('у', '-100'), ('меня', '-100'), ('може', 'D'), ('и', '-100'), ('давление', '-100'), ('поднялось', '-100')]"
"[('чу', 'D'), ('конечно', '-100'), ('не', '-100'), ('будешь', '-100'), ('его', '-100')]"
"[('не', '-100'), ('хотела', '-100'), ('она', '-100'), ('идтить', 'D'), ('на', '-100'), ('работу', '-100')]"
"[('приехадчи', 'D'), ('были', 'D'), ('наверное', '-100')]"
"[('церковь', '-100'), ('только', '-100'), ('в', 'D'), ('торопы', 'D')]"
"[('ну', '-100'), ('торопа', 'D'), ('так', '-100'), ('попробуй', '-100'), ('до', '-100'), ('торопы', 'D'), ('пеший', 'D'), ('идтись', 'D')]"
"[('ну', '-100'), ('у', '-100'), ('нас', '-100'), ('не', '-100'), ('праздновали', '-100'), ('праздновали', '-100'), ('там', '-100'), ('в', '-100'), ('деревне', '-100'), ('в', '-100'), ('юшково', 'D'), ('може', 'D'), ('слышали', '-100')]"
"[('може', 'D'), ('вот', '-100'), ('знали', '-100')]"
"[('но', '-100'), ('а', '-100'), ('тут', '-100'), ('девки', '-100'), ('ходили', '-100'), ('к', '-100'), ('ей', 'D')]"
"[('вот', '-100'), ('я', '-100'), ('говорю', '-100'), ('девки', '-100'), ('погодите', '-100'), ('мине', 'D')]"
"[('она', '-100'), ('сразу', '-100'), ('меня', '-100'), ('за', '-100'), ('руки', '-100'), ('ухватила', 'D')]"
"[('и', '-100'), ('вот', '-100'), ('девки', 'D'), ('тогда', '-100'), ('ещё', '-100'), ('они', '-100'), ('говорили', '-100'), ('боже', '-100'), ('мой', '-100'), ('зина', '-100'), ('она', '-100'), ('тебя', '-100'), ('узнала', '-100')]"
"[('я', '-100'), ('никогда', '-100'), ('не', '-100'), ('забуду', '-100'), ('когда', '-100'), ('ты', '-100'), ('ходила', '-100'), ('с', 'D'), ('песням', 'D')]"
"[('мужики', '-100'), ('которые', '-100'), ('работали', '-100'), ('со', '-100'), ('мной', '-100'), ('на', 'D'), ('фермы', 'D')]"
"[('бывало', '-100'), ('сказывают', 'D'), ('зин', '-100'), ('дочь', '-100'), ('зайдите', '-100'), ('лишний', '-100'), ('раз', '-100'), ('за', '-100'), ('сеном', '-100')]"
"[('всё', '-100'), ('угроблена', 'D')]"
"[('и', '-100'), ('тая', 'D'), ('сторона', '-100'), ('и', '-100'), ('туда', '-100')]"
"[('и', '-100'), ('вот', '-100'), ('школа', '-100'), ('там', '-100'), ('было', 'D')]"
"[('а', '-100'), ('там', '-100'), ('вот', '-100'), ('щёлкино', 'D'), ('вы', '-100'), ('уже', '-100'), ('знаете', '-100')]"
"[('москвичи', '-100'), ('понаехадчи', 'D')]"
"[('нет', '-100'), ('была', '-100'), ('в', '-100'), ('шетневе', 'D')]"
"[('я', '-100'), ('в', '-100'), ('восьмой', '-100'), ('собралась', '-100'), ('идтить', 'D')]"
"[('тут', '-100'), ('дома', '-100'), ('была', '-100'), ('мамка', 'D'), ('не', '-100'), ('работала', '-100'), ('нет', '-100')]"
"[('вот', '-100'), ('я', '-100'), ('самая', '-100'), ('малая', 'D')]"
"[('нас', '-100'), ('четверо', '-100'), ('девок', 'D'), ('и', '-100'), ('малец', 'D'), ('один', '-100')]"
"[('а', '-100'), ('я', '-100'), ('вот', '-100'), ('слышал', '-100'), ('что', '-100'), ('сено', '-100'), ('специально', '-100'), ('как-то', '-100'), ('собирали', '-100'), ('такая', '-100'), ('жердь', 'D'), ('ставилась', '-100'), ('было', '-100'), ('такое', '-100')]"
"[('ну', '-100'), ('да', '-100'), ('что', '-100'), ('там', '-100'), ('как', '-100'), ('кого', '-100'), ('помниите', 'E'), ('может', '-100'), ('быть', '-100'), ('в', '-100'), ('школе', '-100')]"
"[('скажили', 'E'), ('а', '-100'), ('были', '-100'), ('раньше', '-100'), ('люди', '-100'), ('такие', '-100'), ('которые', '-100'), ('умели', '-100'), ('заговаривать', '-100'), ('от', '-100'), ('змей', '-100'), ('деревню', '-100'), ('или', '-100'), ('такое', '-100')]"
"[('а', '-100'), ('он', '-100'), ('ни', '-100'), ('разу', '-100'), ('не', '-100'), ('был', '-100'), ('у', '-100'), ('меня', '-100'), ('тута', 'D')]"
"[('и', '-100'), ('приедет', '-100'), ('с', '-100'), ('девкой', 'D')]"
"[('будут', '-100'), ('жениться', '-100'), ('оны', 'D'), ('вот', '-100')]"
"[('не', '-100'), ('он', '-100'), ('уже', '-100'), ('отслуживши', 'D'), ('в', '-100'), ('армии', '-100')]"
"[('внучке', '-100'), ('у', '-100'), ('мене', 'D'), ('вот', '-100'), ('этой', 'D'), ('трое', '-100'), ('их', '-100')]"
"[('я', 'E'), ('ее', '-100'), ('перекладывать', '-100'), ('надо', '-100')]"
"[('не', '-100'), ('мы', '-100'), ('жили', '-100'), ('у', '-100'), ('одной', '-100'), ('изба', 'D'), ('наша', '-100'), ('на', 'D'), ('той', '-100'), ('стороны', 'D'), ('стояла', '-100')]"
"[('а', '-100'), ('тута', 'D'), ('сваты', '-100'), ('наши', '-100'), ('жили', '-100'), ('в', 'D'), ('этой', '-100'), ('избы', 'D')]"
"[('это', '-100'), ('же', '-100'), ('она', '-100'), ('села', '-100'), ('теперя', 'D')]"
"[('чу', 'D'), ('я', '-100'), ('думаю', '-100'), ('больше', '-100')]"
"[('вот', '-100'), ('привезли', '-100'), ('тута', 'D'), ('мне', '-100'), ('дров', '-100')]"
"[('каждый', '-100'), ('год', '-100'), ('он', '-100'), ('глядел', '-100'), ('говорит', '-100'), ('тебе', '-100'), ('и', '-100'), ('старых', '-100'), ('дров', '-100'), ('може', 'D'), ('хватит', '-100')]"
"[('ну', '-100'), ('с', '-100'), ('печкой-то', '-100'), ('присутопишь', 'D')]"
"[('ну', '-100'), ('а', '-100'), ('что', '-100'), ('теперя', 'D'), ('у', '-100'), ('мене', 'D'), ('картошка', '-100')]"
"[('оно', '-100'), ('у', '-100'), ('мене', 'D'), ('этот', 'D'), ('что', '-100'), ('я', '-100'), ('не', '-100'), ('могу', '-100'), ('тоже', '-100'), ('без', '-100'), ('этого', '-100'), ('ну', '-100'), ('мне', '-100'), ('надо', '-100'), ('всё', '-100'), ('копаться', '-100'), ('а', '-100'), ('вот', '-100'), ('постарше', '-100'), ('всё', '-100'), ('теперь', '-100')]"
"[('вот', '-100'), ('всё', '-100'), ('то', '-100'), ('полола', 'D'), ('ну', '-100'), ('и', '-100'), ('давление', '-100'), ('поднялось', '-100')]"
"[('у', '-100'), ('мене', 'D')]"
"[('а', '-100'), ('так', '-100'), ('же', '-100'), ('и', '-100'), ('девки', '-100'), ('у', '-100'), ('йих', 'D'), ('уже', '-100'), ('и', '-100'), ('дачи', '-100'), ('есть', '-100'), ('ну', '-100'), ('вот', '-100'), ('оны', 'D'), ('тоже', '-100'), ('сажают', '-100'), ('всё', '-100'), ('тама', 'D')]"
"[('бывало', '-100'), ('всё', '-100'), ('варенье', '-100'), ('варю', '-100'), ('со', 'D'), ('слив', 'D')]"
"[('девки', '-100'), ('там-то', '-100'), ('оны', 'D'), ('их', '-100'), ('поставили', '-100'), ('ну', '-100'), ('приедут', '-100'), ('сделаешь', '-100'), ('а', '-100'), ('где', '-100'), ('тута', 'D'), ('всё', '-100'), ('лягешься', 'D')]"
"[('веселей', '-100'), ('конечно', '-100'), ('и', '-100'), ('тут', '-100'), ('поможут', 'D'), ('всё', '-100')]"
"[('оны', 'D'), ('вовсе', '-100'), ('говорили', '-100'), ('мам', '-100'), ('тебе', '-100'), ('не', '-100'), ('надо', '-100')]"
"[('ну', '-100'), ('надо', '-100'), ('ж', '-100'), ('тобе', 'D'), ('что', '-100'), ('мы', '-100'), ('тобе', 'D'), ('всё', '-100'), ('привезём', '-100')]"
"[('ну', '-100'), ('куды', 'D'), ('мне', '-100'), ('эты', 'D'), ('огурцы', '-100'), ('им', '-100'), ('не', '-100'), ('надо', '-100'), ('ничего', '-100')]"
"[('ну', '-100'), ('так', '-100'), ('раздала', '-100'), ('людям', '-100'), ('всим', 'D'), ('и', '-100'), ('всё', '-100'), ('соседям', '-100')]"
"[('вот', '-100'), ('сейчас', '-100'), ('оны', 'D'), ('у', '-100'), ('тут', '-100'), ('светильница', '-100'), ('рядом', '-100')]"
"[('это', '-100'), ('тут', '-100'), ('вси', 'D'), ('ходят', '-100'), ('ко', '-100'), ('мне', '-100'), ('тут', '-100'), ('соседка', '-100'), ('рядом', '-100'), ('живёт', '-100')]"
"[('и', '-100'), ('тута', 'D'), ('девка', 'D'), ('опекуном', '-100'), ('мене', 'D'), ('взята', 'D')]"
"[('они', '-100'), ('все', '-100'), ('разъехадчи', 'D')]"
"[('кто', '-100'), ('умерши', 'D'), ('кто', '-100'), ('живой', '-100')]"
"[('разъехадчи', 'D'), ('тоже', '-100')]"
"[('никого', '-100'), ('нет', 'D'), ('с', '-100'), ('которыми', '-100'), ('тута', 'D')]"
"[('половина', '-100'), ('разъехадчи', 'D'), ('людей', '-100'), ('половина', '-100')]"
"[('а', '-100'), ('собе', 'D'), ('мужика', '-100'), ('такого', '-100'), ('взяла', '-100'), ('блять', '-100'), ('во', '-100'), ('простите', '-100'), ('меня', '-100')]"
"[('а', '-100'), ('прожили', '-100'), ('пятьдесят', '-100'), ('лета', 'D'), ('во', 'D'), ('как', '-100'), ('я', '-100'), ('жила', '-100')]"
"[('у', '-100'), ('мене', 'D'), ('было', '-100'), ('много', '-100'), ('мальцев', 'D'), ('ухажеров', '-100')]"
"[('а', '-100'), ('два', '-100'), ('мальца', 'D'), ('меня', '-100'), ('хотели', '-100'), ('всё', '-100'), ('замуж', '-100'), ('как', '-100'), ('взять', '-100')]"
"[('не', '-100'), ('а', '-100'), ('радио', '-100'), ('у', '-100'), ('мене', 'D'), ('нету', 'D')]"
"[('вот', '-100'), ('сейчас', '-100'), ('вот', '-100'), ('я', '-100'), 
('тоже', '-100'), ('ездиала', 'E'), ('на', '-100'), ('автобусе', '-100'), ('ну', '-100'), ('но', '-100'), ('уже', '-100'), ('наверно', 'D'), ('с', '-100'), ('месяц', '-100'), ('не', '-100'), ('ездию', 'D'), ('ну', '-100')]"
"[('да', '-100'), ('сейчас', '-100'), ('не', '-100'), ('ездию', 'D'), ('неа', '-100'), ('и', '-100'), ('спина', '-100'), ('у', '-100'), ('меня', '-100'), ('болит', '-100'), ('ну', '-100'), ('вот', '-100')]"
"[('ну', '-100'), ('конечно', '-100'), ('что', '-100'), ('ты', '-100'), ('будешь', '-100'), ('делать', '-100'), ('один', '-100'), ('раз', '-100'), ('в', '-100'), ('неделю', '-100'), ('ездиет', 'D')]"
"[('в', '-100'), ('западную', '-100'), ('даже', '-100'), ('можно', '-100'), ('съездить', '-100'), ('тогда', '-100'), ('возят', '-100'), ('вот', '-100'), ('в', '-100'), ('четверг', '-100'), ('приезжают', '-100'), ('с', '-100'), ('торопы', 'D'), ('привезут', '-100'), ('утром', '-100'), ('вот', '-100'), ('в', '-100'), ('один', '-100'), ('часов', 'D')]"
"[('и', '-100'), ('пожалуйста', '-100'), ('в', '-100'), ('одинадцать', 'D'), ('часов', '-100'), ('едь', 'D'), ('в', '-100'), ('западную', '-100'), ('в', '-100'), ('пять', '-100'), ('часов', '-100'), ('привозют', 'D')]"
"[('ну', '-100'), ('вот', '-100'), ('я', '-100'), ('вышла', '-100'), ('тама', 'D'), ('это', '-100'), ('в', '-100'), ('только', '-100'), ('подхожу', '-100'), ('на', '-100'), ('тут', '-100'), ('у', '-100'), ('нас', '-100'), ('мужик', '-100'), ('один', '-100'), ('гляжу', 'D'), ('мешок', '-100'), ('понёс', '-100'), ('зерна', '-100')]"
"[('я', '-100'), ('говорю', '-100'), ('ты', '-100'), ('куды', 'D'), ('пошёл', '-100'), ('блять', '-100'), ('ну', '-100')]"
"[('эх', '-100'), ('он', '-100'), ('верть', 'D'), ('это', '-100'), ('я', '-100')]"
"[('пришодчи', 'D'), ('в', '-100'), ('ногах', '-100'), ('валялся', '-100'), ('чтобы', '-100'), ('я', '-100'), ('никому', '-100'), ('не', '-100'), ('сказала', '-100')]"
"[('я', '-100'), ('говорю', '-100'), ('есть', '-100'), ('в', '-100'), ('тебе', '-100'), ('совесть', '-100'), ('какая', '-100'), ('человеческая', '-100'), ('иль', 'D'), ('не', '-100'), ('а', '-100')]"
"[('и', '-100'), ('тогда', '-100'), ('она', '-100'), ('что', '-100'), ('мене', 'D'), ('знают', '-100'), ('это', '-100'), ('в', '-100'), ('западной', '-100'), ('начальство', '-100'), ('ну', '-100'), ('такая', '-100'), ('женщина', '-100'), ('галя', '-100'), ('ну', '-100')]"
"[('она', '-100'), ('бывало', '-100'), ('говорит', '-100'), ('тётя', '-100'), ('зина', '-100'), ('ты', '-100'), ('туда', '-100'), ('не', '-100'), ('не', '-100'), ('лезь', '-100'), ('в', '-100'), ('контору', '-100'), ('свою', '-100'), ('я', '-100'), ('сама', '-100'), ('разберусь', '-100'), ('с', '-100'), ('йим', 'D')]"
"[('да', '-100'), ('ой', '-100'), ('вот', '-100'), ('оны', 'D'), ('себе', '-100'), ('небось', '-100'), ('пенсию', '-100'), ('начислили', '-100')]"
"[('оны', 'D'), ('уже', '-100'), ('это', '-100'), ('сейчас', '-100'), ('живы', '-100'), ('вот', '-100'), ('в', '-100'), ('клубе', '-100'), ('тута', 'D'), ('у', '-100'), ('нас', '-100'), ('концерт', '-100'), ('был', '-100'), ('ну', '-100'), ('и', '-100'), ('вот', '-100'), ('э', '-100'), ('бухгалтер', '-100'), ('старший', '-100'), ('что', '-100'), ('она', '-100'), ('живая', '-100'), ('и', '-100'), ('вот', '-100'), ('пришла', '-100'), ('ко', '-100'), ('мне', '-100'), ('села', '-100'), ('ай', '-100'), ('здравствуй', '-100'), ('милая', '-100'), ('николаевна', '-100'), ('ну', '-100'), ('как', '-100'), ('ты', '-100')]"
"[('може', 'D'), ('мне', '-100'), ('дает', '-100'), ('бог', '-100'), ('здоровья', '-100'), ('вот', '-100')]"
"[('есть', '-100'), ('тама', 'D'), ('есть', '-100')]"
"[('нынче', '-100'), ('тут', '-100'), ('у', '-100'), ('нас', '-100'), ('говорят', '-100'), ('бродются', 'D'), ('медведи', '-100')]"
"[('може', 'D'), ('люди', '-100'), ('где', '-100'), ('и', '-100'), ('знали', '-100'), ('что', '-100'), ('но', '-100'), ('у', '-100'), ('нас', '-100'), ('так', '-100'), ('не', '-100'), ('слышно', '-100'), ('было', '-100')]"
"[('да', '-100'), ('вот', '-100'), ('эта', '-100'), ('медичка', 'D'), ('про', '-100'), ('которую', '-100'), ('вам', '-100'), ('рассказывала', '-100'), ('ивановна', '-100'), ('вот', '-100'), ('она', '-100'), ('медичка', 'D'), ('была', '-100'), ('у', '-100'), ('нас', '-100'), ('работала', '-100'), ('она', '-100'), ('тоже', '-100'), ('работала', '-100'), ('много', '-100'), ('лет', '-100'), ('тут', '-100'), ('у', '-100'), ('нас', '-100'), ('а', '-100'), ('потом', '-100'), ('сын', '-100'), ('был', '-100'), ('на', '-100'), ('украине', '-100'), ('её', '-100'), ('забрал', '-100'), ('туда', '-100'), ('вот', '-100'), ('а', '-100'), ('она', '-100'), ('заболевши', 'D'), ('и', '-100'), ('там', '-100'), ('она', '-100'), ('и', '-100'), ('и', '-100'), ('батька', 'D'), ('умёр', 'D'), ('тама', 'D'), ('и', '-100'), ('она', '-100'), ('умерла', '-100'), ('у', '-100'), ('их', '-100'), ('а', '-100'), ('не', '-100'), ('тута', 'D')]"
"[('так', '-100'), ('пойдешь', '-100'), ('хоть', '-100'), ('купишь', '-100'), ('кое-что', '-100'), ('хлеба', '-100'), ('а', '-100'), ('так', '-100'), ('може', 'D'), ('хлеб', '-100'), ('возили', '-100'), ('б', '-100'), ('в', '-100'), ('деревню', '-100'), ('чтобы', '-100'), ('на', '-100'), ('макееве', 'D'), ('тама', 'D'), ('как', '-100'), ('её', '-100')]"
"[('ну', '-100'), ('макееево-то', 'D'), ('тама', 'D'), ('и', '-100'), ('лучше', '-100'), ('машины', '-100'), ('которые', '-100'), ('ездиют', 'D'), ('там', '-100'), ('останавливаются', '-100'), ('и', '-100'), ('магазин', '-100'), ('тамошний', '-100'), ('вот', '-100'), ('ещё', '-100'), ('были', '-100'), ('автобусы', '-100'), ('рейсовые', '-100'), ('ходят', '-100')]"
"[('ну', '-100'), ('редко', '-100'), ('они', '-100'), ('ездиют', 'D')]"
"[('да', '-100'), ('не', '-100'), ('ту', 'D'), ('редко', '-100')]"
"[('сейчас', '-100'), ('магазин', '-100'), ('вот', '-100'), ('когда', '-100'), ('магазина', '-100'), ('не', '-100'), ('было', '-100'), ('приезжали', '-100'), ('а', '-100'), ('сейчас', '-100'), ('магазин', '-100'), ('тут', '-100'), ('наберутся', '-100'), ('и', '-100'), ('всё', '-100'), ('в', '-100'), ('торопу', 'D'), ('ездиют', 'D'), ('ну', '-100')]"
"[('а', '-100'), ('я', '-100'), ('говорю', '-100'), ('тута', 'D'), ('а', '-100'), ('сейчас', '-100'), ('в', '-100'), ('торопу', 'D')]"
"[('вот', '-100'), ('теперь', '-100'), ('его', '-100'), ('тама', 'D'), ('сосед', '-100'), ('купил', '-100'), ('там', '-100'), ('сейчас', '-100'), ('не', '-100'), ('работает', '-100'), ('уже', '-100'), ('но', '-100'), ('стоял', '-100')]"
"[('вот', '-100'), ('теперь', '-100'), ('его', '-100'), ('купил', '-100'), ('тама', 'D'), ('верно', '-100'), ('гаражи', '-100'), ('делает', '-100')]"
"[('ну', '-100'), ('делали', '-100'), ('как-то', '-100'), ('оны', 'D')]"
"[('а', '-100'), ('потом', '-100'), ('уже', '-100'), ('стали', '-100'), ('платить', '-100'), ('тама', 'D'), ('копейки', '-100')]"
"[('ну', '-100'), ('оны', 'D'), ('так', '-100'), ('не', '-100'), ('пели', '-100')]"
"[('ту', 'D'), ('а', '-100'), ('я', '-100'), ('ездила', '-100'), ('где', '-100'), ('редко', '-100'), ('на', 'D'), ('ей', 'D')]"
"[('верхом', '-100'), ('ещё', '-100'), ('мне', '-100'), ('садиться', '-100'), ('на', '-100'), ('ея', 'D')]"
"[('вот', '-100'), ('ничего', '-100'), ('я', '-100'), ('вам', '-100'), ('не', '-100'), ('скажу', '-100'), ('нынче', 'D'), ('плохо', '-100'), ('слышу', '-100'), ('и', '-100'), ('плохо', '-100'), ('чувствую', '-100'), ('себе', 'D')]"
"[('а', '-100'), ('где', '-100'), ('вы', '-100'), ('остановивши', 'D')]"
"[('откудаво', 'D')]"
"[('в', '-100'), ('конце', '-100'), ('макеева', '-100'), ('как', '-100'), ('заезжаешь', '-100'), ('в', '-100'), ('макеево', '-100'), ('тама', 'D'), ('была', '-100'), ('деревня', '-100'), ('родина', '-100')]"
"[('вот', '-100'), ('там', '-100'), ('я', '-100'), ('родивши', 'D')]"
"[('а', '-100'), ('она', '-100'), ('откуда-то', '-100'), ('оттудаво', 'D')]"
"[('за', '-100'), ('селянями', 'D'), ('вот', '-100'), ('тама', 'D'), ('она', '-100'), ('оттуда', '-100'), ('родивши', 'D')]"
"[('она', '-100'), ('воспитывалась', '-100'), ('с', '-100'), ('дядем', 'D'), ('родители', '-100'), ('рано', '-100'), ('умерли', '-100')]"
"[('ходили', '-100'), ('вот', '-100'), ('четыре', '-100'), ('класса', '-100'), ('кончила', 'D'), ('война', '-100'), ('была', '-100'), ('кончивши', 'D')]"
"[('вот', '-100'), ('жили', '-100'), ('где', '-100'), ('эта', '-100'), ('лида', '-100'), ('живёт', '-100'), ('тройчук', '-100'), ('вот', '-100'), ('там', '-100'), ('дом', '-100'), ('там', '-100'), ('учитель', '-100'), ('жил', '-100'), ('там', '-100'), ('оны', 'D'), ('жили', '-100')]"
"[('это', '-100'), ('сейчас', '-100'), ('не', '-100'), ('слушаются', '-100'), ('а', '-100'), ('мы', '-100'), ('слушалися', 'D')]"
"[('у', '-100'), ('нашей', '-100'), ('екатерины', '-100'), ('васильевны', '-100'), ('такая', '-100'), ('книжка', '-100'), ('была', '-100'), ('если', '-100'), ('чути', 'D'), ('как', '-100'), ('дась', 'D'), ('через', '-100'), ('лоб', '-100'), ('всё', '-100'), ('никому', '-100'), ('не', '-100'), ('пожалишься', 'D')]"
"[('а', '-100'), ('йон', 'D'), ('все', '-100'), ('все', '-100'), ('уроки', '-100'), ('менялися', 'D')]"
"[('оны', 'D'), ('с', '-100'), ('женой', '-100'), ('были', '-100'), ('вдвоём', '-100'), ('вот', '-100'), ('они', '-100'), ('вели', '-100'), ('у', '-100'), ('нас', '-100'), ('уроки', '-100'), ('один', '-100'), ('одно', '-100'), ('другой', '-100'), ('другое', '-100'), ('первый', '-100'), ('второй', '-100'), ('класс', '-100'), ('третий', '-100'), ('четвёртый', '-100'), ('вот', '-100'), ('так', '-100')]"
"[('вот', '-100'), ('такая', '-100'), ('была', '-100'), ('парта', '-100'), ('с', 'D'), ('тёсу', 'D'), ('сбита', '-100'), ('и', '-100'), ('за', '-100'), ('этой', '-100'), ('этым', 'D'), ('партым', 'D'), ('сидели', '-100')]"
"[('оны', 'D'), ('всюду', '-100'), ('поучилися', 'D'), ('школа', '-100'), ('сгорела', '-100'), ('в', '-100'), ('доме', '-100'), ('учились', '-100')]"
"[('а', '-100'), ('тут', '-100'), ('вот', '-100'), ('за', '-100'), ('за', '-100'), ('игорем', '-100'), ('изобка', 'D'), ('было', 'D'), ('в', '-100'), ('этой', '-100'), ('изобке', 'D'), ('учились', '-100')]"
"[('потом', '-100'), ('построили', '-100'), ('сарай', '-100'), ('василий', '-100'), ('никонорович', '-100'), ('корову', '-100'), ('держал', '-100'), ('сено', '-100'), ('ложил', 'D')]"
"[('во', '-100'), ('и', '-100'), ('хочум', 'D'), ('чтоб', '-100'), ('всё', 'D'), ('здоровые', '-100'), ('были', '-100'), ('не', '-100')]"
"[('жердь', '-100'), ('а', '-100'), ('тута', 'D'), ('железка', '-100'), ('такая', '-100'), ('и', '-100'), ('косили', '-100')]"
"[('а', '-100'), ('ну', '-100'), ('это', '-100'), ('адонки', 'D'), ('большие', '-100'), ('сено', '-100')]"
"[('одно', '-100'), ('и', '-100'), ('то', '-100'), ('же', '-100'), ('или', '-100'), ('стог', 'D'), ('или', '-100'), ('адонок', 'D'), ('вот', '-100')]"
"[('всё', '-100'), ('было', '-100'), ('в', '-100'), ('колхозе', '-100'), ('сейчас', '-100'), ('ничего', '-100'), ('не', '-100'), ('остало', 'D')]"
"[('я', '-100'), ('на', '-100'), ('фермы', 'D'), ('работала', '-100'), ('возила', '-100'), ('этот', '-100'), ('позём', 'D'), ('от', '-100'), ('коровы', '-100')]"
"[('вот', '-100'), ('а', 'D'), ('что', '-100'), ('делать', '-100')]"
"[('вот', '-100'), ('ты', '-100'), ('мя', 'D'), ('погади', 'E'), ('мария', '-100'), ('я', '-100'), ('напишу', '-100'), ('в', '-100'), ('москву', '-100'), ('и', '-100'), ('он', '-100'), ('написал', '-100'), ('в', '-100'), ('москву', '-100')]"
"[('а', '-100'), ('у', '-100'), ('нас', '-100'), ('тама', 'D'), ('гумно', '-100'), ('было', '-100'), ('это', '-100'), ('молотили', '-100'), ('зерно', '-100'), ('и', '-100'), ('были', '-100'), ('партизаны', '-100'), ('то', '-100'), ('ли', '-100'), ('отставши', 'D'), ('были', '-100'), ('от', '-100'), ('части', '-100'), ('то', '-100'), ('ли', '-100'), ('так', '-100'), ('ушли', '-100')]"
"[('и', '-100'), ('оны', 'D'), ('ходили', '-100'), ('чтоб', '-100'), ('вот', '-100'), ('это', '-100'), ('поись', 'D')]"
"[('и', '-100'), ('пришли', '-100'), ('вот', '-100'), ('к', '-100'), ('папке', '-100'), ('папка', '-100'), ('ходил', '-100'), ('но', '-100'), ('по', '-100'), ('своим', '-100'), ('знакомым', '-100'), ('только', '-100'), ('собирал', '-100'), ('и', '-100'), ('носил', '-100'), ('туда', '-100'), ('вот', '-100'), ('гумно', '-100'), ('кормил', '-100'), ('йих', 'D'), ('этих', '-100')]"
"[('а', '-100'), ('йон', 'D'), ('нет', '-100'), ('поедет', '-100'), ('йон', 'D'), ('так', '-100'), ('папка', '-100'), ('и', '-100'), ('поехал', '-100')]"
"[('ну', '-100'), ('ну', '-100'), ('втроём', '-100'), ('у', '-100'), ('и', '-100'), ('он', '-100'), ('был', '-100'), ('у', '-100'), ('немцах', '-100'), ('ещё', '-100'), ('был', '-100'), ('там', '-100'), ('отседава', 'D'), ('с', '-100'), ('шетнева', '-100'), ('тоже', '-100'), ('мужчина', '-100')]"
"[('ну', '-100'), ('папка', '-100'), ('говорит', '-100'), ('давай', '-100'), ('сень', 'D'), ('уходить', '-100'), ('ну', '-100')]"
"[('а', '-100'), ('говорит', '-100'), ('женщина', '-100'), ('работала', '-100'), ('поваром', '-100'), ('и', '-100'), ('говорит', '-100'), ('ребяты', 'D'), ('кто', '-100'), ('будет', '-100'), ('уходить', '-100'), ('сегодня', '-100'), ('будут', '-100'), ('караулить', '-100')]"
"[('папка', '-100'), ('не', '-100'), ('пошёл', '-100'), ('и', '-100'), ('не', '-100'), ('стал', '-100'), ('с', '-100'), ('йим', 'D')]"
"[('вот', '-100'), ('помнишь', '-100'), ('один', '-100'), ('говорил', '-100'), ('с', '-100'), ('свердловской', '-100'), ('областью', '-100'), ('другой', '-100'), ('забыла', 'D'), ('откуда', '-100'), ('вот', '-100'), ('оны', 'D'), ('уходили', '-100')]"
"[('сам', '-100'), ('повесился', '-100'), ('как', '-100'), ('на', '-100'), ('пристань', '-100'), ('идешь', '-100'), ('направо', '-100'), ('вот', '-100'), ('тута', 'D'), ('сосна', '-100'), ('была', '-100'), ('и', '-100'), ('повесился', '-100'), ('вот', '-100')]"
"[('не', '-100'), ('не', '-100'), ('не', '-100'), ('сидел', '-100'), ('папка', 'D'), ('у', '-100'), ('немцах', 'D')]"
"[('у', '-100'), ('его', 'D'), ('медали', '-100'), ('были', '-100'), ('у', '-100'), ('папки', '-100'), ('почётные', '-100'), ('грамоты', '-100')]"
"[('ребяты', 'D'), ('играли', '-100'), ('не', '-100'), ('понимали', '-100'), ('что', '-100'), ('это', '-100'), ('не', '-100'), ('надо', '-100')]"
"[('все', '-100'), ('егоные', 'D'), ('и', '-100'), ('расскидали', 'D'), ('и', '-100'), ('медали', '-100'), ('и', '-100'), ('всё', '-100'), ('вот', '-100')]"
"[('с', '-100'), ('им', 'D'), ('там', '-100'), ('американцы', '-100'), ('встречались', '-100'), ('на', '-100'), ('эльбы', 'D'), ('и', '-100'), ('оны', 'D'), ('там', '-100'), ('встречались', '-100'), ('папка', '-100'), ('там', '-100'), ('был', '-100'), ('вот', '-100')]"
"[('ну', '-100'), ('не', '-100'), ('вот', '-100'), ('папка', '-100'), ('он', '-100'), ('уже', '-100'), ('в', '-100'), ('в', '-100'), ('строевую', '-100'), ('негож', 'D'), ('был', '-100'), ('у', '-100'), ('его', 'D'), ('одна', '-100'), ('нога', '-100'), ('была', '-100'), ('короче', '-100'), ('ну', '-100'), ('ну', '-100'), ('вот', '-100'), ('поэтому', '-100'), ('он', '-100'), ('там', '-100'), ('наверное', '-100'), ('и', '-100'), ('возил', '-100'), ('этих', '-100'), ('раненых', '-100'), ('вывозил', '-100'), ('с', '-100')]"
"[('она', '-100'), ('кормит', '-100'), ('их', '-100'), ('ну', '-100'), ('остаётся', '-100'), ('выливать', '-100'), ('она', '-100'), ('выливает', '-100'), ('там', '-100'), ('у', '-100'), ('её', 'D'), ('поставлена', '-100'), ('чашка', '-100'), ('оны', 'D'), ('и', '-100'), ('придут', '-100'), ('поедят', '-100'), ('пойдут', '-100'), ('вот', '-100')]"
"[('а', '-100'), ('сын', '-100'), ('говорит', '-100'), ('на', '-100'), ('мине', 'D'), ('я', '-100'), ('говорю', '-100'), ('уходи', '-100'), ('ванька', 'D'), ('говорит', '-100'), ('сын', '-100'), ('мам', 'D'), ('пускай', '-100'), ('живёт', '-100'), ('говорит', '-100'), ('будешь', '-100'), ('жить', '-100'), ('пускай', '-100'), ('живёт', '-100')]"
"[('в', '-100'), ('самую', '-100'), ('под', '-100'), ('ушёл', '-100'), ('никого', '-100'), ('нету', 'D'), ('жек', '-100'), ('помёр', '-100'), ('всё', '-100')]"
"[('да', '-100'), ('вот', '-100'), ('мама', '-100'), ('жила', '-100'), ('после', '-100'), ('его', 'D'), ('больше', '-100'), ('тридцати', '-100'), ('лет', '-100'), ('вот', '-100')]"
"[('ну', '-100'), ('в', '-100'), ('сарай', '-100'), ('сено', '-100'), ('ложут', 'D'), ('в', '-100'), ('хлеве', '-100'), ('скот', '-100'), ('держут', 'D'), ('в', '-100'), ('дровник', '-100'), ('дрова', '-100'), ('ложут', 'D'), ('ну', '-100')]"
"[('ну', '-100'), ('это', '-100'), ('навес', '-100'), ('такой', '-100'), ('есть', '-100'), ('этих', '-100'), ('може', 'D'), ('сушат', '-100'), ('что', '-100'), ('под', '-100'), ('навесом', '-100'), ('на', '-100'), ('этом', '-100')]"
"[('да', '-100'), ('вот', '-100'), ('я', '-100'), ('говорю', '-100'), ('приехала', '-100'), ('нынче', '-100'), ('може', 'D'), ('дай', '-100'), ('бог', '-100'), ('последний', '-100'), ('раз', '-100')]"
"[('а', '-100'), ('некоторых', '-100'), ('мине', 'D'), ('крестили', '-100'), ('где-то', '-100'), ('у', '-100'), ('схоминой', '-100'), ('тама', 'D'), ('церква', 'D'), ('была', '-100')]"
"[('а', '-100'), ('уже', '-100'), ('йихный', 'D'), ('отец', '-100'), ('не', '-100'), ('был', '-100'), ('коммунистом', '-100')]"
"[('все', '-100'), ('крещёные', '-100'), ('и', '-100'), ('йихные', 'D'), ('мальцы', 'D'), ('уже', '-100'), ('после', '-100'), ('войны', '-100'), ('рожено', 'D'), ('вот', '-100'), ('уже', '-100'), ('помёр', '-100'), ('тоже', '-100'), ('крещёный', '-100'), ('все', '-100'), ('крещёные', '-100'), ('вот', '-100')]"
"[('пять', '-100'), ('девок', 'D'), ('и', '-100'), ('два', '-100'), ('мальца', 'D'), ('было', '-100')]"
"[('три', '-100'), ('девки', '-100'), ('помёрши', 'D'), ('и', '-100'), ('малец', 'D'), ('помёрши', 'D'), ('а', '-100'), ('три', '-100'), ('оставши', 'D')]"
"[('была', '-100'), ('давно', '-100'), ('была', '-100'), ('у', '-100'), ('их', 'D')]"
"[('ну', '-100'), ('а', '-100'), ('что', '-100'), ('ну', '-100'), ('она', '-100'), ('сама', '-100'), ('уже', '-100'), ('тама', 'D'), ('сколько', '-100'), ('лет', '-100'), ('живёт', '-100')]"
"[('и', '-100'), ('один', '-100'), ('брат', '-100'), ('тоже', '-100'), ('захоронено', 'D'), ('в', '-100'), ('пскове', '-100'), ('там', '-100'), ('жил', '-100')]"
"[('и', '-100'), ('дома', '-100'), ('видать', 'D'), ('вот', '-100'), ('не', '-100'), ('живут', '-100'), ('заросши', 'D'), ('травой', '-100')]"
"[('встали', '-100'), ('б', '-100'), ('тые', 'D'), ('люди', '-100'), ('сума', 'E'), ('сошли', '-100'), ('б', '-100'), ('глянули', '-100'), ('б', '-100'), ('как', '-100'), ('живут', '-100')]"
"[('заморилася', 'D')]"
"[('а', '-100'), ('мне', 'D'), ('дочки', 'D'), ('живут', '-100'), ('здесь', '-100')]"
"[('а', '-100'), ('вот', '-100'), ('про', '-100'), ('косу', '-100'), ('вы', '-100'), ('говорите', '-100'), ('я', '-100'), ('тут', '-100'), ('не', '-100'), ('очень', '-100'), ('далеко', '-100'), ('видел', '-100'), ('значит', '-100'), ('жердь', '-100'), ('такая', '-100'), ('копана', 'D'), ('а', '-100'), ('вокруг', '-100'), ('сено', '-100')]"
"[('адонок', 'D'), ('ага', '-100'), ('ага', '-100'), ('а', '-100'), ('это', '-100'), ('одно', '-100'), ('и', '-100'), ('то', '-100'), ('же', '-100'), ('стог', '-100'), ('и', '-100'), ('адонок', 'D')]"
"[('сарай', '-100'), ('наверное', '-100'), ('только', '-100'), ('для', '-100'), ('дров', '-100'), ('дровяник', 'D'), ('наверное', '-100'), ('только', '-100'), ('был', '-100')]"
"[('коробки', '-100'), ('перерести', 'E')]"
"[('хорошие', '-100'), ('советы', '-100'), ('в', '-100'), ('газете', '-100'), ('было', 'D')]"
"[('и', '-100'), ('ею', 'D'), ('же', '-100'), ('кормили', '-100'), ('кшольников', 'E')]"
"[('а', '-100'), ('камсомольцы', 'E'), ('вы', '-100'), ('у', '-100'), ('вас', '-100'), ('был', '-100'), ('кто-то', '-100'), ('из', '-100'), ('детей', '-100'), ('комсомольцами', '-100'), ('я', '-100'), ('забыла', '-100')]"
"[('но', '-100'), ('это', '-100'), ('кроме', '-100'), ('почёта', '-100'), ('там', '-100'), ('же', '-100'), ('каая-то', 'E'), ('посвящение', '-100'), ('в', '-100'), ('пионеры', '-100')]"
"[('то', '-100'), ('есть', '-100'), ('был', '-100'), ('дома', '-100'), ('угол', '-100'), ('с', '-100'), ('иконоами', 'E')]"
"[('а', '-100'), ('чтоя', 'E'), ('вам', '-100'), ('буду', '-100'), ('рассказывать', '-100'), ('я', '-100'), ('уже', '-100'), ('всё', '-100'), ('рассказала', '-100')]"
"[('много', '-100'), ('вот', '-100'), ('такая', '-100'), ('коробка', '-100'), ('там', '-100'), ('там', '-100'), ('в', '-100'), ('несколько', '-100'), ('годов', 'D'), ('у', '-100'), ('мене', 'D'), ('в', '-100'), ('там', '-100'), ('в', '-100'), ('зале', '-100'), ('в', '-100'), ('спальне', '-100'), ('нескольких', '-100'), ('годов', 'D'), ('газеты', '-100'), ('журналы', '-100')]"
"[('я', '-100'), ('вчера', '-100'), ('а', '-100'), ('как', '-100'), ('марковка', 'E'), ('ещё', '-100'), ('называется', '-100'), ('морковь', '-100')]"
"[('у', '-100'), ('йаго', 'D'), ('и', '-100'), ('козы', '-100'), ('там', '-100'), ('были', '-100'), ('сейчас', '-100'), ('не', '-100'), ('знаю', '-100'), ('есть', '-100'), ('или', '-100'), ('нет', '-100')]"
"[('ну', '-100'), ('сестра', '-100'), ('у', '-100'), ('это', '-100'), ('же', '-100'), ('давно', '-100'), ('сестра', '-100'), ('у', '-100'), ('него', '-100'), ('она', '-100'), ('по', '-100'), ('матери', '-100'), ('родная', '-100'), ('а', '-100'), ('отцs', 'E'), ('разные', '-100'), ('вот', '-100')]"
"[('там', '-100'), ('москвич', '-100'), ('вот', '-100'), ('там', '-100'), ('такой', '-100'), ('живёт', '-100'), ('с', '-100'), ('ребятам', 'D'), ('у', '-100'), ('него', '-100'), ('взято', '-100'), ('на', '-100'), ('это', '-100'), ('на', '-100'), ('воспитание', '-100'), ('опекуны', '-100')]"
"[('а', '-100'), ('больше', '-100'), ('там', '-100'), ('таких', '-100'), ('и', '-100'), ('нету', 'D'), ('вот', '-100'), ('это', '-100'), ('витька', '-100'), ('бараканов', '-100'), ('со', '-100'), ('своей', '-100'), ('женой', '-100'), ('всё', '-100'), ('раньше', '-100'), ('была', '-100'), ('большая', '-100'), ('деревня', '-100'), ('туда', '-100'), ('в', '-100'), ('школу', '-100'), ('ходили', '-100')]"
"[('там', '-100'), ('школа', '-100'), ('была', '-100'), ('хорошая', '-100'), ('там', '-100'), ('ещё', '-100'), ('барин', '-100'), ('жил', '-100'), ('подвал', '-100'), ('был', '-100'), ('большой', '-100'), ('такой', '-100'), ('такой', '-100'), ('большой', '-100'), ('сделаный', 'E')]"
"[('мы', '-100'), ('не', '-100'), ('ходили', '-100'), ('санки', 'D'), ('каталися', 'D'), ('с', '-100'), ('горки', '-100'), ('горка', '-100'), ('там', '-100'), ('была', '-100'), ('вот', '-100'), ('в', '-100'), ('соседней', '-100'), ('деревне', '-100'), ('большая', '-100'), ('с', '-100'), ('горки', '-100'), ('катались', '-100')]"
"[('вот', '-100'), ('было', '-100'), ('катаемся', '-100'), ('со', '-100'), ('школы', '-100'), ('идём', '-100'), ('санки', '-100'), ('в', '-100'), ('школу', '-100'), ('идём', '-100'), ('санки', '-100'), ('бросаем', '-100'), ('на', '-100'), ('этый', 'D'), ('горке', '-100'), ('со', '-100'), ('школы', '-100'), ('идём', '-100'), ('катаемся', '-100')]"
"[('ааа', '-100'), ('у', '-100'), ('нас', '-100'), ('печка', '-100'), ('русская', '-100'), ('топилась', '-100'), ('был', '-100'), ('так', '-100'), ('такая', '-100'), ('натянут', '-100'), ('шнурок', '-100'), ('и', '-100'), ('вешали', '-100'), ('да', '-100'), ('чтоб', '-100'), ('высыхалось', 'D')]"
"[('передивались', 'D'), ('в', '-100'), ('э', '-100'), ('в', '-100'), ('сухое', '-100'), ('а', '-100'), ('это', '-100'), ('сушили', '-100'), ('вот', '-100'), ('так', '-100'), ('же', '-100'), ('не', '-100'), ('пойдешь', '-100'), ('мокрый', '-100')]"
"[('зимой', '-100'), ('факел', '-100'), ('делали', '-100'), ('факел', '-100'), ('из', '-100'), ('такая', '-100'), ('негожая', 'D'), ('одежда', '-100'), ('её', '-100'), ('так', '-100'), ('в', '-100'), ('комок', '-100'), ('делали', '-100'), ('связывали', '-100'), ('потом', '-100'), ('на', '-100'), ('проволочину', 'D'), ('или', '-100'), ('на', '-100'), ('палку', '-100')]"
"[('с', '-100'), ('девяти', '-100'), ('уроки', '-100'), ('начиналися', 'D')]"
"[('ходили', '-100'), ('сначала', '-100'), ('прямо', '-100'), ('по', '-100'), ('дорогое', 'E'), ('потом', '-100'), ('была', '-100'), ('сделана', '-100'), ('по', '-100'), ('лесу', '-100'), ('дорога', '-100'), ('такая', '-100'), ('проделана', '-100'), ('по', '-100'), ('лесу', '-100'), ('поближе', '-100'), ('вроде', '-100'), ('бы', '-100'), ('она', '-100'), ('поближе', '-100'), ('ходить', '-100'), ('было', '-100'), ('меньше', '-100'), ('километров', '-100')]"
"[('было', '-100'), ('ммальчишки', 'E'), ('пугали', '-100'), ('прятались', '-100'), ('в', '-100'), ('лесу', '-100'), ('вперёд', '-100'), ('уйдут', '-100'), ('а', '-100'), ('мы', '-100'), ('по', '-100'), ('они', '-100'), ('нас', '-100'), ('пугают', '-100')]"
"[('ходили', '-100'), ('компанией', '-100'), ('ну', '-100'), ('сколько', '-100'), ('два', '-100'), ('три', '-100'), ('человека', '-100'), ('мальчуганов-то', 'D'), ('было', '-100'), ('побольше', '-100'), ('они', '-100'), ('они', '-100'), ('иной', '-100'), ('раз', '-100'), ('в', '-100'), ('колхозе', '-100'), ('у', '-100'), ('бригадира', '-100'), ('лошадь', '-100'), ('просили', '-100'), ('лошадь', '-100'), ('запрягали', '-100'), ('и', '-100'), ('такие', '-100'), ('сани', '-100'), ('были', '-100')]"
"[('я', '-100'), ('вскочила', '-100'), ('а', '-100'), ('не', '-100'), ('насовсем', '-100'), ('на', '-100'), ('эты', 'D'), ('сани', '-100'), ('и', '-100'), ('свалилась', '-100'), ('и', '-100'), ('пальтома', 'D'), ('зацепилась', '-100'), ('за', '-100'), ('этот', '-100'), ('клин', '-100'), ('так', '-100'), ('вот', '-100'), ('этот', '-100'), ('такой', '-100'), ('клок', '-100'), ('и', '-100'), ('вырвала', '-100'), ('нового', '-100'), ('пальто', '-100')]"
"[('о', '-100'), ('ой', '-100'), ('а', '-100'), ('тут', '-100'), ('же', '-100'), ('раньше', '-100'), ('плохо', '-100'), ('жили', '-100'), ('одеть', 'D'), ('сильно', '-100'), ('нечего', '-100'), ('было', '-100'), ('дочь', '-100'), ('бедненько', '-100'), ('жили', '-100'), ('тоже', '-100'), ('такие', '-100'), ('вот', '-100'), ('кто', '-100'), ('кто', '-100'), ('что', '-100'), ('дась', 'D')]"
"[('и', '-100'), ('посылала', '-100'), ('обувь', '-100'), ('тоже', '-100'), ('такая', '-100'), ('это', '-100'), ('сейчас', '-100'), ('ходят', '-100'), ('дети', '-100'), ('не', '-100'), ('узнать', '-100'), ('они', '-100'), ('чище', '-100'), ('любого', '-100'), ('учителя', '-100'), ('идут', '-100'), ('не', '-100'), ('скадешь', 'E'), ('тута', 'D'), ('ученик', '-100'), ('или', '-100'), ('учитель', '-100')]"
"[('а', '-100'), ('мы', '-100'), ('ходили', '-100'), ('всё', '-100'), ('в', '-100'), ('этих', '-100'), ('в', '-100'), ('обносках', '-100'), ('называется', '-100'), ('так', '-100'), ('обносках', '-100'), ('ходили', '-100'), ('вот', '-100'), ('ту', 'D')]"
"[('за', '-100'), ('тоже', '-100'), ('папка', '-100'), ('ну', '-100'), ('он', '-100'), ('работал', '-100'), ('мамка', 'D'), ('не', '-100'), ('работала', '-100'), ('потом', '-100'), ('она', '-100'), ('на', '-100'), ('фермы', 'D'), ('стала', '-100'), ('работать', '-100'), ('свиней', '-100'), ('ухаживать', '-100')]"
"[('перо', '-100'), ('было', '-100'), ('такое', '-100'), ('простое', '-100'), ('а', '-100'), ('ещё', '-100'), ('называлось', '-100'), ('удавленник', 'D')]"
"[('разрешали', '-100'), ('не', '-100'), ('знаю', '-100'), ('чего', '-100'), ('разрешали', '-100'), ('вот', '-100'), ('этим', '-100'), ('царапкой', 'D'), ('этой', '-100'), ('вот', '-100'), ('царапаешь', '-100'), ('бывало', '-100'), ('царапаешь', '-100'), ('то', '-100'), ('кляксу', '-100'), ('положишь', '-100')]"
"[('ой', '-100'), ('купили', '-100'), ('приёмник', '-100'), ('ой', '-100'), ('вся', '-100'), ('деревня', '-100'), ('бежит', '-100'), ('послушать', '-100'), ('посмотреть', '-100'), ('свет', '-100'), ('дали', '-100'), ('ой', '-100'), ('побегли', 'D'), ('все', '-100'), ('по', '-100'), ('деревне', '-100'), ('ой', '-100'), ('свет', '-100'), ('дали', '-100'), ('все', '-100'), ('рады', '-100'), ('так', '-100'), ('всё', '-100')]"
"[('тогда', '-100'), ('и', '-100'), ('работа', '-100'), ('была', '-100'), ('хоть', '-100'), ('небогатая', '-100'), ('но', '-100'), ('работа', '-100'), ('людям', '-100'), ('была', '-100'), ('а', '-100'), ('сейчас', '-100'), ('работы', '-100'), ('нет', '-100'), ('заработать', '-100'), ('негде', '-100'), ('денечег', 'D'), ('так', '-100'), ('нет', '-100')]"
"[('тут', '-100'), ('стоял', '-100'), ('магазин', '-100'), ('такой', '-100'), ('деревянный', '-100'), ('небольшенький', 'D')]"
"[('так', '-100'), ('идёшь', '-100'), ('налево', '-100'), ('отсюдова', 'D')]"
"[('ну', '-100'), ('а', '-100'), ('вот', '-100'), ('сестра', '-100'), ('моя', '-100'), ('с', '-100'), ('ленинграда', '-100'), ('а', '-100'), ('еёный', 'D'), ('муж-то', '-100'), ('военный', '-100'), ('он', '-100'), ('прапорщик', '-100'), ('и', '-100'), ('он', '-100'), ('ему', '-100'), ('посоветовал', '-100'), ('поваром', '-100')]"
"[('а', '-100'), ('где', '-100'), ('ж', '-100'), ('такая', '-100'), ('девочка', '-100'), ('была', '-100'), ('ещё', '-100'), ('помните', '-100'), ('приехадчи', 'D'), ('высокая', '-100'), ('такая', '-100'), ('она', '-100'), ('в', '-100'), ('футбол', '-100'), ('ездила', '-100'), ('с', '-100'), ('ребятами', '-100')]"
"[('ты', '-100'), ('с', '-100'), ('москвы', '-100'), ('сама-то', '-100'), ('а', '-100'), ('ты', '-100'), ('доча', 'D'), ('откуда', '-100')]"
"[('у', '-100'), ('нас', '-100'), ('тожет', 'E'), ('там', '-100'), ('женщина', '-100'), ('живёт', '-100'), ('там', '-100'), ('дочка', '-100'), ('еёная', 'D'), ('в', '-100'), ('калуге', '-100'), ('живет', '-100'), ('калужская', '-100'), ('область', '-100')]"
"[('да', '-100'), ('мне', '-100'), ('у', '-100'), ('бабушки', '-100'), ('была', '-100'), ('икола', 'D'), ('хорошая', '-100'), ('потома', 'D'), ('эта', '-100'), ('икола', 'D'), ('сейчас', '-100'), ('моей', '-100'), ('было', 'D'), ('матери', '-100'), ('передадена', 'D')]"
"[('местность', 'D'), ('такая', '-100'), ('а', '-100'), ('чего', '-100'), ('оны', 'D'), ('так', '-100'), ('назвали', '-100'), ('я', '-100'), ('не', '-100'), ('могу', '-100'), ('сказать', '-100'), ('это', '-100'), ('давным', '-100'), ('давно', '-100'), ('назван', 'D'), ('до', '-100'), ('меня', '-100'), ('ещё', '-100'), ('наверное', '-100')]"
"[('тогда', '-100'), ('же', '-100'), ('не', '-100'), ('разрешалось', '-100'), ('крестить', '-100'), ('папка', '-100'), ('был', '-100'), ('партейный', 'D')]"
"[('да', '-100'), ('она', '-100'), ('и', '-100'), ('сейсас', 'E'), ('эта', '-100'), ('церковь', '-100'), ('цела', '-100')]"
"[('ну', '-100'), ('есть', '-100'), ('же', '-100'), ('вот', '-100'), ('показывают', '-100'), ('с', '-100'), ('телевидиния', 'E'), ('показывают', '-100')]"
"[('ну', '-100'), ('была', '-100'), ('моей', '-100'), ('бабушки', '-100'), ('тута', 'D'), ('одна', '-100'), ('большая', '-100'), ('икона', '-100')]"
"[('а', '-100'), ('вот', '-100'), ('мы', '-100'), ('слышали', '-100'), ('что', '-100'), ('есть', '-100'), ('слово', '-100'), ('исподки', 'D'), ('для', '-100'), ('варежек', '-100')]"
"[('это', '-100'), ('наща', 'E'), ('практика', '-100'), ('от', '-100'), ('университета', '-100')]"
"[('ай', '-100'), ('тама', 'D'), ('мало', '-100'), ('в', '-100'), ('степанькове', '-100'), ('деревня', '-100')]"
"[('ну', '-100'), ('всё', '-100'), ('москвичи', '-100'), ('понаехадчи', 'D'), ('и', '-100'), ('живут', '-100')]"
"[('тута', 'D'), ('бывает', '-100'), ('что', '-100'), ('то', '-100'), ('помирают', '-100'), ('люди', '-100')]"
"[('а', '-100'), ('в', '-100'), ('городе', '-100'), ('тама', 'D'), ('что', '-100'), ('в', '-100'), ('самом', '-100'), ('городе', '-100'), ('ну', '-100'), ('что', '-100')]"
"[('а', '-100'), ('вси', 'D'), ('дочь', '-100')]"
"[('вот', '-100'), ('тута', 'D'), ('рядом', '-100'), ('было', '-100'), ('четыре', '-100'), ('класса', '-100')]"
"[('как', '-100'), ('попало', '-100'), ('кто', '-100'), ('хотел', '-100'), ('а', '-100'), ('и', '-100'), ('то', '-100'), ('половина', '-100'), ('народу', 'D'), ('не', '-100'), ('училась', '-100')]"
"[('тама', 'D'), ('тоже', '-100')]"
"[('там', '-100'), ('эти', '-100'), ('деревни', '-100'), ('вси', 'D'), ('были', '-100')]"
"[('бывало', '-100'), ('как', '-100'), ('есть', '-100'), ('-', '-100'), ('насильно', '-100'), ('заставляют', '-100'), ('а', '-100'), ('у', '-100'), ('я', '-100'), ('без', '-100'), ('батьки', 'D'), ('шла', '-100'), ('тоже', '-100')]"
"[('а', '-100'), ('дети', '-100'), ('тоже', '-100'), ('где', '-100'), ('оны', 'D')]"
"[('егоные', 'D'), ('родители', '-100'), ('тоже', '-100'), ('у', '-100'), ('их', 'D'), ('семья', '-100'), ('была', '-100'), ('порядочная', '-100'), ('жили', '-100'), ('плохо', '-100')]"
"[('чтоб', 'D'), ('варежки', '-100'), ('каждый', '-100'), ('раз', '-100'), ('не', '-100'), ('надевали', '-100'), ('-', '-100'), ('исподки', 'D'), ('и', '-100'), ('всё', '-100')]"
"[('да', '-100'), ('из', '-100'), ('шерсти', '-100'), ('исподки', 'D'), ('эти', '-100')]"
"[('народу', 'D'), ('собиралось', '-100'), ('много', '-100'), ('в', '-100'), ('клубе', '-100')]"
"[('ту', 'D'), ('как', '-100'), ('раньше', '-100'), ('день', '-100'), ('рождения', '-100'), ('и', '-100'), ('всё', '-100')]"
"[('вот', '-100'), ('сегодня', '-100'), ('мальца', 'D'), ('не', '-100'), ('вчера', '-100'), ('отправили', '-100'), ('в', '-100'), ('армию', '-100')]"
"[('ну', '-100'), ('оны', 'D'), ('если', '-100'), ('и', '-100'), ('живут', '-100'), ('то', '-100'), ('где-нибудь', '-100'), ('отдельно', '-100')]"
"[('я', '-100'), ('работала', '-100'), ('коло', 'D'), ('коров', '-100')]"
"[('а', '-100'), ('мужик', '-100'), ('ходил', '-100'), ('и', '-100'), ('держал', '-100'), ('две', '-100'), ('группы', '-100'), ('и', '-100'), ('на', '-100'), ('ее', 'D'), ('и', '-100'), ('на', '-100'), ('себе', '-100')]"
"[('а', '-100'), ('тута', 'D'), ('господи', '-100')]"
"[('надо', '-100'), ('ж', '-100'), ('одёжу', 'D'), ('ребятам', '-100'), ('купить', '-100')]"
"[('бывало', '-100'), ('одёжу', 'D'), ('которая', '-100'), ('негожа', 'D'), ('или', '-100'), ('где', '-100'), ('разорвётся', '-100'), ('её', '-100'), ('режешь', '-100'), ('и', '-100'), ('с', '-100'), ('этих', '-100'), ('тряпок', '-100'), ('и', '-100'), ('вяжешь', '-100'), ('круги', '-100'), ('эти', '-100')]"
"[('а', '-100'), ('эта', '-100'), ('одёжа', 'D'), ('сношенная', '-100'), ('вся', '-100')]"
"[('мало', '-100'), ('малодоча', 'D')]"
"[('ну', '-100'), ('я', '-100'), ('немножко', '-100'), ('чумнулая', 'D')]"
"[('на', '-100'), ('одиннадцатый', '-100'), ('день', '-100'), ('мине', 'D'), ('выписали', '-100'), ('из', '-100'), ('больницы', '-100'), ('во', '-100'), ('ржеве', '-100'), ('отсюда', '-100')]"
"[('мине', 'D'), ('сын', '-100'), ('этого', '-100'), ('повезли', '-100')]"
"[('а', '-100'), ('потом', '-100'), ('вот', '-100'), ('недельку', '-100'), ('в', '-100'), ('отпуску', '-100'), ('доча', 'D'), ('была', '-100'), ('надя', '-100'), ('и', '-100'), ('тут', '-100'), ('со', '-100'), ('мной', '-100'), ('была', '-100'), ('а', '-100'), ('теперь', '-100'), ('вот', '-100'), ('я', '-100'), ('на', '-100'), ('зиму', '-100'), ('нынче', '-100'), ('если', '-100'), ('жива', '-100'), ('буду', '-100'), ('на', '-100'), ('зиму', '-100'), ('уеду', '-100'), ('к', '-100'), ('ним', '-100'), ('зимовать', '-100'), ('там', '-100'), ('не', '-100'), ('буду', '-100')]"
"[('и', '-100'), ('оны', 'D'), ('и', '-100'), ('оны', 'D'), ('говорит', 'D'), ('мы', '-100'), ('больше', '-100'), ('не', '-100'), ('оставим', '-100'), ('надю', 'D'), ('пусть', '-100'), ('лето', '-100'), ('тяжело', '-100'), ('столько', '-100'), ('живши', 'D'), ('годов', 'D'), ('всё', '-100'), ('в', '-100'), ('в', '-100'), ('деревне', '-100'), ('на', '-100'), ('своей', '-100'), ('родине', '-100')]"
"[('а', '-100'), ('тама', 'D'), ('уйдут', '-100'), ('на', '-100'), ('работу', '-100')]"
"[('а', '-100'), ('кур', '-100'), ('ликвидирую', '-100'), ('у', '-100'), ('мине', 'D'), ('нынче', '-100'), ('заболели', '-100'), ('их', '-100'), ('было', '-100'), ('много', '-100'), ('двадцать', '-100'), ('пять', '-100'), ('штук', '-100'), ('в', '-100'), ('зиму', '-100'), ('а', '-100'), ('осталось', '-100'), ('на', '-100'), ('сей', '-100'), ('день', '-100'), ('только', '-100'), ('десять', '-100'), ('штучек', 'D')]"
"[('думала', '-100'), ('как', '-100'), ('ничего', '-100'), ('еще', '-100'), ('не', '-100'), ('заболевши', 'D'), ('была', '-100'), ('купить', '-100'), ('думала', '-100'), ('в', '-100'), ('апреле', '-100'), ('привезут', '-100'), ('рано', '-100'), ('куплю', '-100')]"
"[('да', '-100'), ('не', '-100'), ('очень', '-100'), ('только', '-100'), ('снежанная', 'D'), ('была', '-100'), ('снегу', '-100'), ('было', '-100'), ('ой', '-100'), ('сколько', '-100'), ('снегу', '-100'), ('было', '-100'), ('.', '-100')]"
"[('было', '-100'), ('дорога', '-100'), ('лесовозы', '-100'), ('все', '-100'), ('ходили', '-100'), ('до', '-100'), ('того', '-100'), ('разбили', '-100'), ('до', '-100'), ('того', '-100'), ('смясили', 'D'), ('всё', '-100'), ('грязь', '-100'), ('была', '-100')]"
"[('вот', '-100'), ('мине', 'D'), ('в', '-100'), ('больницу', '-100'), ('весь', 'D'), ('машиной', '-100'), ('вести', '-100'), ('не', '-100'), ('подъехать', '-100'), ('было', '-100'), ('сюда', '-100'), ('к', '-100'), ('дому', '-100'), ('вот', '-100'), ('он', '-100'), ('трактором', '-100'), ('вот', '-100'), ('этим', '-100'), ('ножиком', '-100'), ('всё', '-100'), ('равнял', '-100'), ('а', '-100'), ('другой', '-100'), ('сын', '-100'), ('на', '-100'), ('тракторе', '-100'), ('всё', '-100'), ('равно', '-100'), ('сюда', '-100'), ('подъехал', '-100'), ('в', '-100'), ('случае', '-100'), ('буксует', '-100'), ('я', '-100'), ('же', '-100'), ('никуда', '-100'), ('не', '-100'), ('могла', '-100'), ('мине', 'D'), ('под', '-100'), ('руки', '-100'), ('вели', '-100'), ('и', '-100'), ('в', '-100'), ('машину', '-100'), ('посадили', '-100'), ('никакая', '-100'), ('была', '-100')]"
"[('а', '-100'), ('голова', '-100'), ('у', '-100'), ('мине', 'D'), ('ведь', '-100'), ('голова', '-100')]"
"[('да', '-100'), ('у', '-100'), ('мине', 'D'), ('сосуды', '-100'), ('забыла', '-100'), ('как', '-100'), ('называли', '-100'), ('как', '-100'), ('я', '-100'), ('не', '-100'), ('могу', '-100'), ('сказать', '-100'), ('в', '-100'), ('крови', '-100'), ('нашли', '-100')]"
"[('пришла', '-100'), ('уже', '-100'), ('поздно', '-100'), ('было', '-100'), ('много', '-100'), ('вызовов', '-100'), ('дожидайте', 'D'), ('дожидайте', 'D'), ('пришла', '-100'), ('скорая', '-100'), ('ну', '-100'), ('куда', '-100'), ('мине', 'D'), ('же', '-100'), ('мине', 'D'), ('никуда', '-100'), ('же', '-100'), ('не', '-100'), ('повезут', '-100'), ('в', '-100'), ('у', 'D'), ('ночь', '-100')]"
"[('ааа', '-100'), ('ну', '-100'), ('там', '-100'), ('дали', '-100'), ('денежки', '-100'), ('по', '-100'), ('тысяче', '-100'), ('дали', '-100'), ('этим', '-100'), ('двум', '-100'), ('приезжали', '-100'), ('на', '-100'), ('скорой', '-100'), ('она', '-100'), ('уходивши', 'D'), ('говорит', '-100'), ('бабушка', '-100'), ('завтра', '-100'), ('утром', '-100'), ('актрису', '-100'), ('включите', '-100')]"
"[('чтобы', '-100'), ('мине', 'D'), ('это', '-100'), ('скорая', '-100'), ('забрала', '-100'), ('чтобы', '-100'), ('актрису', '-100'), ('включить', '-100')]"
"[('ага', 'D'), ('вот', '-100'), ('утром', '-100'), ('опять', '-100'), ('вызвали', '-100'), ('скорую', '-100'), ('скорая', '-100'), ('пришла', '-100'), ('у', '-100'), ('к', '-100'), ('этой', '-100'), ('у', '-100'), ('дочки', '-100'), ('была', '-100'), ('сначала', '-100'), ('у', '-100'), ('внучки', '-100'), ('потом', '-100'), ('у', '-100'), ('дочки', '-100')]"
"[('ну', '-100'), ('опять', '-100'), ('говорит', '-100'), ('мы', '-100'), ('инфаркта', '-100'), ('нет', '-100'), ('у', '-100'), ('мине', 'D'), ('не', '-100'), ('было', '-100'), ('инфаркта', '-100'), ('приступ', '-100'), ('этот', '-100'), ('-', '-100'), ('сосуды', '-100'), ('были', '-100')]"
"[('говорит', '-100'), ('опять', '-100'), ('на', '-100'), ('скорой', '-100'), ('ну', '-100'), ('что', '-100'), ('-', '-100'), ('говорит', '-100'), ('будем', '-100'), ('обманством', 'D'), ('заниматься', '-100'), ('со', '-100'), ('скорой', '-100'), ('да', '-100')]"
"[('вот', '-100'), ('и', '-100'), ('нет', '-100'), ('этого', '-100'), ('инфаркта', '-100'), ('правда', '-100'), ('другая', '-100'), ('я', '-100'), ('возьму', '-100'), ('другая', '-100'), ('взялась', '-100'), ('этого', '-100'), ('мине', 'D')]"
"[('правда', '-100'), ('мине', 'D'), ('голову', '-100'), ('эту', '-100'), ('сосуды', '-100'), ('проверяли', '-100'), ('под', '-100'), ('этот', '-100'), ('под', '-100'), ('аппарат', '-100'), ('-', '-100'), ('рентген', '-100')]"
"[('а', '-100'), ('я', '-100'), ('сижу', '-100'), ('в', '-100'), ('этой', '-100'), ('в', '-100'), ('коляске', '-100'), ('мине', 'D'), ('везут', '-100'), ('мине', 'D'), ('как', '-100'), ('начало', '-100'), ('рвать', '-100'), ('я', '-100'), ('свой', '-100'), ('халат', '-100'), ('вот', '-100'), ('так', '-100'), ('взяла', '-100'), ('в', '-100'), ('у', 'D'), ('халат', '-100'), ('рвала', '-100')]"
"[('и', '-100'), ('написали', '-100'), ('и', '-100'), ('давление', '-100'), ('было', '-100'), ('и', '-100'), ('лечение', '-100'), ('написали', '-100'), ('опять', '-100'), ('домой', '-100'), ('этой', 'D'), ('давление', '-100'), ('покуда', 'D'), ('разглядела', '-100')]"
"[('а', '-100'), ('тут', '-100'), ('то', '-100'), ('вчера', '-100'), ('вот', '-100'), ('сосед', '-100'), ('вот', '-100'), ('-', '-100'), ('раньше', '-100'), ('жили', '-100'), ('тут', '-100'), ('-', '-100'), ('была', '-100'), ('приеходчи', 'D'), ('ко', '-100'), ('мне', '-100'), ('зашёдчи', 'D'), ('говорит', '-100'), ('баб', '-100'), ('говорит', '-100'), ('-', '-100'), ('ты', '-100'), ('как', '-100'), ('пьяная', '-100'), ('будешь', '-100'), ('как', '-100'), ('наркоманка', '-100'), ('это', '-100'), ('правда', '-100')]"
"[('вот', '-100'), ('сейчас', '-100'), ('дочка', '-100'), ('звонила', '-100'), ('мам', '-100'), ('прекращай', '-100'), ('делай', '-100'), ('перерыв', '-100'), ('ты', '-100'), ('уже', '-100'), ('месяц', '-100'), ('всё', '-100'), ('всё', '-100'), ('завиваешь', 'D'), ('этого', '-100')]"
"[('вот', '-100'), ('так', '-100'), ('вот', '-100'), ('так', '-100'), ('говорю', '-100'), ('теперь', '-100'), ('оны', 'D'), ('должны', '-100'), ('наверное', '-100'), ('на', '-100'), ('майские', '-100'), ('когда', '-100'), ('оны', 'D'), ('приедут', '-100'), ('в', '-100'), ('какой', '-100'), ('день', '-100'), ('-', '-100'), ('не', '-100'), ('знаю', '-100'), ('огород', '-100'), ('сажать', '-100'), ('будут', '-100')]"
"[('а', '-100'), ('это', '-100'), ('вот', '-100'), ('остальное', '-100'), ('оны', 'D'), ('будут', '-100'), ('сажать', '-100'), ('а', '-100'), ('это', '-100'), ('остальную', '-100'), ('картошку', '-100'), ('говорю', '-100'), ('куда', '-100'), ('ее', '-100'), ('нынче', '-100'), ('дену', '-100')]"
"[('если', '-100'), ('жива', '-100'), ('буду', '-100'), ('на', '-100'), ('лето', '-100'), ('всей', '-100'), ('огород', '-100'), ('картошки', '-100'), ('посажу', '-100'), ('и', '-100'), ('всё', '-100'), ('если', '-100'), ('она', '-100'), ('нада', 'D'), ('будет', '-100')]"
"[('у', '-100'), ('йих', 'D'), ('уже', '-100'), ('дети', '-100'), ('большие', '-100'), ('у', '-100'), ('этого', '-100'), ('вовки', '-100'), ('не', '-100'), ('солгать', '-100'), ('бы', '-100'), ('под', '-100'), ('москвой', '-100'), ('знаменск', '-100'), ('что', '-100'), ('ли', '-100'), ('быть', '-100'), ('то', '-100'), ('в', '-100'), ('знаменске', '-100'), ('дочка', '-100'), ('живет', '-100'), ('сына', '-100'), ('этого', '-100')]"
"[('ай', '-100'), ('в', '-100'), ('этом', '-100'), ('или', '-100'), ('в', '-100'), ('институте', '-100'), ('или', '-100'), ('в', '-100'), ('техникуме', '-100'), ('работала', '-100'), ('а', '-100'), ('щас', 'D'), ('я', '-100'), ('не', '-100'), ('знаю', '-100'), ('даже', '-100'), ('где', '-100'), ('она', '-100')]"
"[('все', '-100'), ('забыла', '-100'), ('век', '-100'), ('живши', 'D')]"
"[('вот', '-100'), ('была', '-100'), ('внучка', '-100'), ('вот', '-100'), ('когда', '-100'), ('у', '-100'), ('она', '-100'), ('правда', '-100'), ('была', '-100'), ('на', '-100'), ('третьем', '-100'), ('этаже', '-100'), ('как', '-100'), ('меня', '-100'), ('ложил', 'D'), ('привезли', '-100'), ('но', '-100'), ('у', '-100'), ('ней', 'D'), ('лифт', '-100')]"
"[('ну', '-100'), ('вот', '-100'), ('у', '-100'), ('внучки', '-100'), ('ну', '-100'), ('это', '-100'), ('мужья', '-100'), ('меня', '-100'), ('под', '-100'), ('руки', '-100'), ('в', '-100'), ('лифт', '-100'), ('я', '-100'), ('уже', '-100'), ('там', '-100'), ('она', '-100'), ('говорит', '-100'), ('бабуля', '-100'), ('вот', '-100'), ('это', '-100'), ('будет', '-100'), ('твоя', '-100'), ('комната', '-100'), ('она', '-100'), ('всё', '-100'), ('мине', 'D'), ('зовёт', '-100')]"
"[('она', '-100'), ('когда', '-100'), ('родилась', '-100'), ('у', '-100'), ('ней', 'D'), ('была', '-100'), ('при', '-100'), ('родах', '-100'), ('одна', '-100'), ('ножка', '-100'), ('короче', '-100')]"
"[('и', '-100'), ('вот', '-100'), ('она', '-100'), ('месячная', '-100'), ('приехали', '-100'), ('ко', '-100'), ('мне', '-100'), ('на', '-100'), ('щелкине', 'D'), ('я', '-100'), ('жила', '-100'), ('я', '-100'), ('на', '-100'), ('горы', 'D'), ('жила', '-100'), ('где', '-100'), ('щас', 'D'), ('дом', '-100'), ('нежилой', '-100')]"
"[('а', '-100'), ('потом', '-100'), ('пришла', '-100'), ('этого', '-100'), ('одна', '-100'), ('женщина', '-100'), ('к', '-100'), ('ей', 'D')]"
"[('соседка', '-100'), ('или', '-100'), ('кто', '-100'), ('говорит', '-100'), ('у', '-100'), ('мине', 'D'), ('-', '-100'), ('говорит', '-100'), ('-', '-100'), ('так', '-100'), ('было', '-100'), ('и', '-100'), ('принесла', '-100'), ('вот', '-100'), ('такой', '-100'), ('с', '-100'), ('холста', '-100'), ('сшитый', '-100'), ('мешок', '-100'), ('и', '-100'), ('ножки', '-100'), ('все', '-100'), ('так', '-100'), ('были', '-100'), ('враскорячку', '-100')]"
"[('и', '-100'), ('ведь', '-100'), ('у', '-100'), ('неё', '-100'), ('сейчас', '-100'), ('ножки', '-100'), ('со', '-100'), ('струнинки', 'D')]"
"[('а', '-100'), ('вот', '-100'), ('в', '-100'), ('нашей', '-100'), ('деревни', '-100'), ('вон', '-100'), ('вот', '-100'), ('тут', '-100'), ('дом', '-100'), ('обшитый', '-100'), ('вон', '-100'), ('на', '-100'), ('перекрестках', '-100'), ('оны', 'D'), ('жили', '-100'), ('тут', '-100')]"
"[('и', '-100'), ('в', '-100'), ('москвы', 'D'), ('родила', '-100'), ('как', '-100'), ('оны', 'D'), ('почему', '-100'), ('ей', '-100'), ('врачи', '-100'), ('в', '-100'), ('москвы', 'D'), ('так', '-100'), ('это', '-100'), ('отнеслись', '-100'), ('не', '-100'), ('сказали', '-100'), ('что', '-100'), ('у', '-100'), ('мальца', 'D'), ('ножка', '-100'), ('короче', '-100'), ('одна', '-100')]"
"[('и', '-100'), ('оны', 'D'), ('не', '-100'), ('хватились', '-100'), ('покуда', 'D'), ('не', '-100'), ('пошёл', '-100'), ('ребёнок', '-100')]"
"[('что', '-100'), ('одна', '-100'), ('ножка', '-100'), ('короче', '-100'), ('мальца', 'D'), ('два', '-100'), ('раза', '-100'), ('в', '-100'), ('москвы', 'D'), ('делали', '-100'), ('операцию', '-100'), ('ломали', '-100'), ('мальца', 'D'), ('что', '-100'), ('ни', '-100'), ('делали', '-100'), ('-', '-100'), ('бесполезно', '-100'), ('и', '-100'), ('с', '-100'), ('операциями', '-100')]"
"[('а', '-100'), ('мы', '-100'), ('вот', '-100'), ('выходили', '-100'), ('и', '-100'), ('вот', '-100'), ('она', '-100'), ('она', '-100'), ('такая', '-100'), ('всё', '-100'), ('перед', '-100'), ('пасхой', '-100'), ('вот', '-100'), ('перед', '-100'), ('перед', '-100'), ('тем', '-100'), ('как', '-100'), ('я', '-100'), ('заболеть', '-100'), ('оны', 'D'), ('были', '-100'), ('приеходчи', 'D'), ('две', '-100'), ('сестры', '-100'), ('вот', '-100'), ('йих', 'D'), ('две', '-100'), ('внучки', '-100')]"
"[('вот', '-100'), ('мине', 'D'), ('вчера', '-100'), ('мы', '-100'), ('выставили', '-100'), ('я', '-100'), ('два', '-100'), ('два', '-100'), ('или', '-100'), ('три', '-100'), ('года', '-100'), ('не', '-100'), ('вытягивала', '-100'), ('весной', '-100'), ('бывало', '-100'), ('как', ' E'), ('нибудь', 'E'), ('была', '-100'), ('вытягивала', '-100'), ('а', '-100'), ('там', '-100'), ('до', '-100'), ('осени', '-100'), ('и', '-100'), ('копоть', '-100'), ('всё', '-100'), ('равно', '-100'), ('собирается', '-100')]"
"[('оны', 'D'), ('всё', '-100'), ('вытянули', '-100'), ('всё', '-100'), ('переклеили', '-100'), ('вымыли', '-100'), ('всех', '-100'), ('четыре', '-100'), ('окна', '-100')]"
"[('она', '-100'), ('она', '-100'), ('меня', '-100'), ('жалеет', '-100'), ('что', '-100'), ('всё', '-100'), ('а', '-100'), ('ещё', '-100'), ('вот', '-100'), ('надя', '-100'), ('которая', '-100'), ('была', '-100'), ('со', '-100'), ('мной', '-100'), ('у', '-100'), ('ей', 'D'), ('первый', '-100'), ('первый', '-100'), ('этаж', '-100')]"
"[('так', '-100'), ('я', '-100'), ('туда', '-100'), ('не', '-100'), ('пойду', '-100'), ('как', '-100'), ('мине', 'D'), ('не', '-100'), ('нравится', '-100'), ('квартира', '-100'), ('там', '-100'), ('у', '-100'), ('ей', 'D'), ('какая-то', 'D'), ('решетки', '-100'), ('на-на', 'D'), ('то', '-100'), ('как', '-100'), ('купила', '-100'), ('на', '-100'), ('окнах', '-100'), ('на', '-100'), ('окне', '-100'), ('на', '-100'), ('одном', '-100')]"
"[('четыре', '-100'), ('дочки', '-100'), ('и', '-100'), ('три', '-100'), ('сына', '-100'), ('у', '-100'), ('мине', 'D'), ('последние', '-100'), ('дочки', '-100'), ('-', '-100'), ('двойняшки', '-100')]"
"[('это', '-100'), ('я', '-100'), ('хорошо', '-100'), ('что', '-100'), ('ну', '-100'), ('у', '-100'), ('мине', 'D'), ('тепло', '-100'), ('я', '-100'), ('не', '-100'), ('буду', '-100'), ('говорить', '-100'), ('что', '-100'), ('у', '-100'), ('меня', '-100'), ('холодно', '-100'), ('наверное', '-100'), ('только', '-100'), ('за', '-100'), ('всю', '-100'), ('зиму', '-100'), ('когда', '-100'), ('вот', '-100'), ('был', '-100'), ('мороз', '-100'), ('большой', '-100'), ('вот', '-100'), ('два', '-100'), ('раза', '-100'), ('вон', '-100'), ('там', '-100'), ('топила', '-100'), ('вот', '-100'), ('ту', 'D'), ('к', '-100'), ('вечеру', '-100'), ('и', '-100'), ('утром', '-100')]"
"[('я', '-100'), ('не', '-100'), ('могу', '-100'), ('вот', '-100'), ('тут', '-100'), ('открыто', '-100'), ('и', '-100'), ('духовка', '-100'), ('открыта', '-100'), ('как', '-100'), ('бы', '-100'), ('стоплю', 'D')]"
"[('дерево', '-100'), ('орешеное', 'D')]"
"[('ха', '-100'), ('а', '-100'), ('внучка', '-100'), ('этого', '-100'), ('как', '-100'), ('приезжает', '-100'), ('и', '-100'), ('малец', 'D'), ('вот', '-100'), ('этой', '-100'), ('аньки', '-100'), ('как', '-100'), ('приезжают', '-100'), ('так', '-100'), ('на', '-100'), ('ту', '-100'), ('печь', '-100'), ('вот', '-100'), ('там', '-100'), ('тоже', '-100'), ('щит', '-100'), ('такой', '-100')]"
"[('а', '-100'), ('можно', '-100'), ('лечь', '-100'), ('оны', 'D'), ('ж', '-100'), ('небольшие', '-100')]"
"[('на', '-100'), ('кирпичах', '-100'), ('хорошо', '-100'), ('вола', 'D'), ('на', '-100'), ('эту', '-100'), ('на', '-100'), ('русскую', '-100'), ('печку', '-100'), ('ни', '-100'), ('что', '-100'), ('как', '-100'), ('спина', '-100'), ('или', '-100'), ('холодно', '-100'), ('болит', '-100'), ('раньше', '-100'), ('ж', '-100'), ('были', '-100'), ('морозы', '-100'), ('не', '-100'), ('как', '-100'), ('сейчас', '-100'), ('раньше', '-100'), ('были', '-100'), ('ой', '-100'), ('какие', '-100'), ('морозы', '-100'), ('.', '-100')]"
"[('было', '-100'), ('собираются', '-100'), ('ребяты', 'D'), ('вот', '-100'), ('в', '-100'), ('школу', '-100'), ('радио', '-100'), ('слышат', '-100'), ('слушают', '-100'), ('радио', '-100'), ('отменят', '-100'), ('или', '-100'), ('нет', '-100'), ('как', '-100'), ('отменят', '-100'), ('ура', '-100'), ('отменили', '-100'), ('кричат', '-100'), ('ага', '-100')]"
"[('семь', '-100'), ('было', '-100'), ('раньше', '-100'), ('была', '-100'), ('в', '-100'), ('степанькове', '-100'), ('школа', '-100'), ('когда', '-100'), ('мои', '-100'), ('учились', '-100'), ('а', '-100'), ('потом', '-100'), ('уже', '-100'), ('кончали', 'D'), ('эти', '-100'), ('малые', 'D'), ('тут', '-100'), ('в', '-100'), ('этом', '-100'), ('две', '-100'), ('в', '-100'), ('березины', '-100'), ('оны', 'D'), ('двойняты', 'D'), ('и', '-100'), ('вот', '-100'), ('оны', 'D'), ('ходили', '-100'), ('две', '-100'), ('в', '-100'), ('березины', '-100'), ('такие', '-100'), ('большие', '-100'), ('двойняты', 'D')]"
"[('солнце', '-100'), ('за', '-100'), ('лес', '-100'), ('кочится', 'D'), ('придёшь', '-100'), ('помоешься', '-100')]"
"[('поишь', 'D'), ('суббота', '-100'), ('или', '-100'), ('праздник', '-100'), ('какой', '-100'), ('и', '-100'), ('пошёл', '-100'), ('а', '-100'), ('утром', '-100'), ('домой', '-100'), ('приходишь', '-100'), ('утром', '-100'), ('придёшь', '-100'), ('невыспавши', 'D'), ('и', '-100'), ('опять', '-100'), ('на', '-100'), ('работу', '-100'), ('надо', '-100')]"
"[('кол', 'D'), ('коров', '-100'), ('кол', 'D'), ('телят', '-100'), ('но', '-100'), ('и', '-100'), ('на', '-100'), ('полевые', '-100'), ('работы', '-100'), ('ходила', '-100'), ('всяко', 'D'), ('было', '-100')]"
"[('а', '-100'), ('вот', '-100'), ('моя', '-100'), ('дорогая', '-100'), ('к', '-100'), ('празднику', '-100'), ('бывало', '-100'), ('ночам', 'D'), ('не', '-100'), ('спишь', '-100'), ('прибираешься', '-100'), ('не', '-100'), ('будешь', '-100'), ('же', '-100'), ('надо', '-100'), ('же', '-100'), ('помыть', '-100'), ('почистить', '-100'), ('всё', '-100'), ('постирать', '-100'), ('получше', '-100'), ('всё', '-100')]"
"[('ё', 'E'), ('у', '-100'), ('мине', 'D'), ('дома', '-100'), ('всё', '-100'), ('время', '-100'), ('корова', '-100'), ('каждый', '-100'), ('год', '-100'), ('овечки', '-100'), ('и', '-100'), ('пара', '-100'), ('поросят', '-100'), ('в', '-100'), ('зиму', '-100')]"
"[('бывало', '-100'), ('мясо', '-100'), ('свое', '-100'), ('сало', '-100'), ('накоптишь', '-100'), ('в', '-100'), ('бане', '-100'), ('таким', '-100'), ('слигом', 'D'), ('в', '-100'), ('баню', '-100'), ('этого', '-100'), ('навешают', '-100'), ('вот', '-100'), ('так', '-100')]"
"[('ну', '-100'), ('этого', '-100'), ('слигу', 'D'), ('пролочиной', 'D'), ('протыкали', '-100'), ('и', '-100'), ('подвешивали', '-100'), ('жагдина', 'D'), ('и', '-100'), ('подвешивали', '-100'), ('там', '-100'), ('у', '-100'), ('этого', '-100'), ('баня', '-100'), ('была', '-100'), ('такая', '-100'), ('по', '-100'), ('чёрному', '-100'), ('стопилась', '-100')]"
"[('бывает', '-100'), ('закоптишь', '-100'), ('-', '-100'), ('господи', '-100'), ('слигом', 'D'), ('вот', '-100'), ('таким', '-100'), ('всё', '-100'), ('как', '-100'), ('навешивают', '-100'), ('много', '-100'), ('с', '-100'), ('деревни', '-100'), ('вот', '-100'), ('тогда', '-100'), ('разбирают', '-100'), ('кто', '-100'), ('где', '-100'), ('вешал', '-100'), ('в', '-100'), ('этой', '-100'), ('бани', '-100')]"
"[('ну', '-100'), ('с', '-100'), ('поросёнка', 'D'), ('снимашь', 'D'), ('это', '-100'), ('куски', '-100'), ('такие', '-100'), ('большие', '-100')]"
"[('да', '-100'), ('в', '-100'), ('девяносто', '-100'), ('втором', '-100'), ('году', '-100'), ('мама', '-100'), ('моя', '-100'), ('померла', 'D'), ('свекровь', '-100'), ('раньше', '-100'), ('померши', 'D'), ('в', '-100'), ('двеносто', 'E'), ('втором', 'D'), ('году', '-100'), ('померла', '-100'), ('мамка', '-100')]"
"[('бабе', '-100'), ('моей', '-100'), ('было', '-100'), ('мамке', 'D'), ('девяносто', 'D'), ('второй', 'D'), ('год', '-100'), ('она', '-100'), ('родивши', 'D'), ('в', '-100'), ('десятом', '-100'), ('году', '-100'), ('считайте', '-100'), ('сколько', '-100')]"
"[('на', '-100'), ('конях', '-100'), ('мы', '-100'), ('раньше', '-100'), ('мине', 'D'), ('пятнадцать', '-100'), ('лошадей', '-100'), ('было', 'D'), ('все', '-100'), ('люди', '-100'), ('наряженные', '-100')]"
"[('москва', '-100'), ('вся', '-100'), ('проехана', 'D'), ('была', '-100')]"
"[('такие', '-100'), ('сани', '-100'), ('хо-хорошие', '-100'), ('были', '-100')]"
"[('есть', '-100'), ('этого', '-100'), ('с', '-100'), ('москвы', '-100'), ('где', '-100'), ('он', '-100'), ('под', '-100'), ('москвой', '-100'), ('я', '-100'), ('приеходчи', 'D'), ('вот', '-100'), ('туда', '-100'), ('у', '-100'), ('нас', '-100'), ('и', '-100'), ('держит', '-100')]"
"[('налетевши', 'D')]"
"[('теперь', '-100'), ('колют', 'D'), ('кто', '-100'), ('держут', 'D'), ('режут', '-100'), ('газовую', '-100'), ('лампу', '-100'), ('а', '-100'), ('раньше', '-100'), ('на', '-100'), ('костре', '-100')]"
"[('вот', '-100'), ('была', '-100'), ('жердина', 'D'), ('ноги', '-100'), ('связывают', '-100'), ('три', '-100'), ('с', '-100'), ('одного', '-100'), ('боку', '-100'), ('три', '-100'), ('-', '-100'), ('с', '-100'), ('другого', '-100'), ('седьмой', '-100'), ('всё', '-100'), ('этого', '-100'), ('обмотает', '-100'), ('всё', '-100')]"
"[('чистишь', '-100'), ('надуваешь', '-100'), ('йих', 'D'), ('в', '-100'), ('любое', '-100'), ('время', '-100'), ('они', '-100'), ('высохнут', '-100'), ('в', '-100'), ('любое', '-100'), ('время', '-100'), ('бери', '-100'), ('с', '-100'), ('фаршем', '-100'), ('обжаривай', '-100')]"
"[('бывало', '-100'), ('где', '-100'), ('по', '-100'), ('площинам', 'D'), ('соберешь', '-100'), ('на', '-100'), ('своих', '-100'), ('плечах', '-100'), ('с', '-100'), ('огорода', '-100'), ('что', '-100'), ('там', '-100'), ('соберешь', '-100'), ('и', '-100'), ('всё', '-100'), ('в', '-100'), ('осень', '-100'), ('придут', '-100'), ('обмерят', '-100'), ('посмотрят', '-100'), ('сколько', '-100'), ('ты', '-100'), ('у', '-100'), ('тебя', '-100'), ('в', '-100'), ('сарае', '-100')]"
"[('и', '-100'), ('сколько', '-100'), ('тобе', 'D'), ('заработаешь', '-100'), ('в', '-100'), ('колхозе', '-100'), ('вот', '-100'), ('этого', '-100'), ('сена', '-100'), ('и', '-100'), ('сколько', '-100'), ('тебе', '-100'), ('ещё', '-100'), ('дадут', '-100'), ('этого', '-100'), ('сена', '-100'), ('в', '-100'), ('колхозу', '-100'), ('вот', '-100'), ('как', '-100'), ('было', '-100'), ('раньше', '-100')]"
"[('да', '-100'), ('ну', '-100'), ('самы', 'D'), ('самы', 'D'), ('косили', '-100'), ('ставили', '-100'), ('адонок', 'D'), ('специально', '-100'), ('а', '-100'), ('подойдёт', '-100'), ('лето', '-100'), ('этот', '-100'), ('адонок', 'D'), ('сколько', '-100'), ('мне', '-100'), ('положено', '-100'), ('нет', '-100'), ('ли', '-100'), ('больше', '-100'), ('сколько', '-100'), ('мне', '-100'), ('положено', '-100'), ('в', '-100'), ('колхоз', '-100'), ('отвези', '-100'), ('подай', '-100')]"
"[('ну', '-100'), ('у', '-100'), ('мине', 'D'), ('у', '-100'), ('витьки', '-100'), ('два', '-100'), ('лёшка', '-100'), ('и', '-100'), ('ваня', '-100')]"
"[('ну', '-100'), ('оны', 'D'), ('оны', 'D'), ('приезжают', '-100'), ('домой', '-100'), ('сюда', '-100'), ('то', '-100'), ('через', '-100'), ('две', '-100'), ('недели', '-100'), ('то', '-100'), ('через', '-100'), ('три', '-100'), ('они', '-100'), ('в', '-100'), ('питере', '-100'), ('оба', '-100'), ('работают', '-100')]"
"[('а', '-100'), ('петров', '-100'), ('день', '-100'), ('бывало', '-100'), ('на', '-100'), ('щелкине', '-100'), ('праздновали', '-100'), ('петров', '-100'), ('день', '-100'), ('-', '-100'), ('это', '-100'), ('мое', 'D'), ('день', '-100'), ('рождения', '-100'), ('двенадцатого', 'D'), ('июля', '-100')]"
"[('вот', '-100'), ('такое', '-100'), ('что', '-100'), ('это', '-100'), ('ж', '-100'), ('раньше', '-100'), ('ж', '-100'), ('такого', '-100'), ('не', '-100'), ('было', '-100'), ('я', '-100'), ('делала', '-100'), ('вечера', '-100'), ('вот', '-100'), ('в', '-100'), ('этом', '-100'), ('мальцы', 'D'), ('в', '-100'), ('армию', '-100'), ('ушли', '-100')]"
"[('туда', '-100'), ('с', '-100'), ('песням', 'D'), ('оттуда', '-100'), ('с', '-100'), ('песням', 'D'), ('только', '-100'), ('гулы', 'D'), ('раздавались', '-100'), ('там', '-100'), ('все', '-100'), ('зверьё', '-100'), ('спугаются', 'D'), ('народу', '-100'), ('ж-то', '-100'), ('много', '-100'), ('бывало', '-100'), ('идёт', '-100')]"
"[('конечно', '-100'), ('мы', '-100'), ('ж', '-100'), ('собравши', 'D'), ('молодежь', '-100'), ('шла', '-100'), ('и', '-100'), ('пели', '-100'), ('и', '-100'), ('шёдчи', 'D')]"
"[('бывало', '-100'), ('раньше', '-100'), ('как', '-100'), ('было', '-100'), ('были', '-100'), ('мальчуганы', '-100'), ('вон', '-100'), ('тут', '-100'), ('у', '-100'), ('этого', '-100'), ('у', '-100'), ('артёма', '-100'), ('яички', 'D'), ('катали', '-100'), ('собравши', 'D'), ('были', '-100'), ('ну', '-100'), ('а', '-100'), ('теперь', '-100'), ('теперь', '-100'), ('я', '-100'), ('говорю', '-100'), ('ну', '-100'), ('глухо', '-100'), ('каждый', '-100'), ('вот', '-100'), ('каждый', '-100'), ('год', '-100'), ('дома', '-100')]"
"[('а', '-100'), ('сегодня', '-100'), ('вон', '-100'), ('там', '-100'), ('у', '-100'), ('витьки', '-100'), ('наверное', '-100'), ('дровы', '-100'), ('колет', '-100'), ('он', '-100'), ('дома', '-100'), ('он', '-100'), ('работает', '-100'), ('в', '-100'), ('копае', 'D'), ('вот', '-100'), ('у', '-100'), ('мине', 'D'), ('сейчас', '-100'), ('вот', '-100'), ('устроивши', 'D'), ('и', '-100'), ('вовка', '-100'), ('в', '-100'), ('копае', 'D'), ('в', '-100'), ('охраны', 'D')]"
"[('а', '-100'), ('тёма', '-100'), ('в', '-100'), ('пожарной', '-100'), ('и', '-100'), ('витька', '-100'), ('в', '-100'), ('пожарной', '-100'), ('тот', '-100'), ('на', '-100'), ('машины', '-100'), ('на', '-100'), ('какая-то', '-100'), ('большущая', 'D'), ('машина', '-100'), ('тоже', '-100'), ('у', '-100'), ('этой', '-100'), ('устроивши', 'D')]"
"[('бывало', '-100'), ('на', '-100'), ('ферму', '-100'), ('пойду', '-100'), ('таки', 'D'), ('уже', '-100'), ('порядочно', '-100'), ('ребяты', 'D'), ('были', '-100'), ('бывало', '-100'), ('собираются', '-100'), ('интересно', '-100'), ('теляты', 'D'), ('маленькие', '-100'), ('интересные', '-100')]"
"[('было', '-100'), ('налажу', 'D'), ('ведёр', 'D'), ('я', '-100'), ('только', '-100'), ('иду', '-100'), ('сзаду', 'D'), ('ставьте', '-100'), ('там', '-100'), ('там', '-100'), ('сделано', '-100'), ('это', '-100'), ('такие', '-100')]"
"[('мне', '-100'), ('даже', '-100'), ('ведра', '-100'), ('не', '-100'), ('доставалось', '-100'), ('даже', '-100'), ('с', '-100'), ('деревни', '-100'), ('эти', '-100'), ('ведры', 'D'), ('тащут', '-100')]"
"[('я', '-100'), ('уставши', 'D'), ('была', '-100'), ('мне', '-100'), ('надо', '-100'), ('было', '-100'), ('за', '-100'), ('мамку', '-100'), ('итить', 'D'), ('на', '-100'), ('ферму', '-100')]"
"[('и', '-100'), ('правда', '-100'), ('сватам', 'D'), ('стали', '-100')]"
"[('ну', '-100'), ('муж', '-100'), ('мой', '-100'), ('это', '-100'), ('сын', '-100'), ('евонный', 'D'), ('служил', '-100'), ('а', '-100'), ('он', '-100'), ('только', '-100'), ('что', '-100'), ('сколько', '-100'), ('там', '-100'), ('прошло', '-100'), ('и', '-100'), ('учебку', '-100'), ('я', '-100'), ('учился', '-100'), ('на', '-100'), ('шофера', '-100')]"
"[('а', '-100'), ('эты', 'D'), ('ребята', '-100'), ('приехали', '-100'), ('пауза', '-100')]"
"[('что', '-100'), ('ли', '-100'), ('оны', 'D'), ('двойняшки', '-100')]"
"[('у', '-100'), ('мине', 'D'), ('у', '-100'), ('нас', '-100'), ('все', '-100'), ('и', '-100'), ('я', '-100'), ('и', '-100'), ('вот', '-100'), ('все', '-100'), ('ребяты', 'D'), ('вот', '-100'), ('так', '-100'), ('скресняны', 'D'), ('мхи', 'D'), ('все', '-100')]"
"[('было', '-100'), ('загоню', '-100'), ('скотину', '-100'), ('запомни', '-100'), ('покуда', 'D'), ('корову', '-100'), ('доить', '-100'), ('дадут', '-100'), ('часов', '-100')]"
"[('а', '-100'), ('ребяты', 'D'), ('уходят', '-100'), ('на', '-100'), ('день', '-100')]"
"[('вечером', '-100'), ('хозяин', '-100'), ('приезжает', '-100'), ('и', '-100'), ('идет', '-100'), ('за', '-100'), ('этими', '-100'), ('этим', '-100'), ('ягодам', '-100'), ('к', '-100'), ('йим', 'D')]"
"[('а', '-100'), ('теперь', '-100'), ('вон', '-100'), ('вывалали', 'D'), ('всей', 'D'), ('бор', '-100'), ('бывало', '-100'), ('вон', '-100'), ('там', '-100'), ('самые', '-100'), ('грибы', '-100'), ('за', '-100'), ('щелкиным', '-100'), ('там', '-100'), ('теперь', '-100'), ('всё', '-100'), ('вывалены', '-100'), ('этот', '-100'), ('бор', '-100'), ('там', '-100'), ('уже', '-100'), ('грибины', 'D'), ('не', '-100'), ('найтить', 'D')]"
"[('да', '-100'), ('да', '-100'), ('вывалена', '-100'), ('все', '-100'), ('всё', '-100'), ('валяют', '-100'), ('вон', '-100'), ('возят', '-100'), ('целую', '-100'), ('зиму', '-100'), ('лесовозы', '-100'), ('лесовозы', '-100'), ('разбили', '-100'), ('и', '-100'), ('сейчас', '-100'), ('и', '-100'), ('до', '-100'), ('сих', '-100'), ('пор', '-100'), ('вот', '-100'), ('тут', '-100'), ('переставши', 'D'), ('были', '-100')]"
"[('грейдер', '-100'), ('прошел', '-100'), ('на', '-100'), ('ихний', 'D'), ('поровнял', '-100'), ('тоже', '-100'), ('ещё', '-100'), ('и', '-100'), ('вот', '-100'), ('уже', '-100'), ('опять', '-100'), ('о', '-100'), ('лесовоз', '-100'), ('ещё', '-100'), ('недавно', '-100'), ('с', '-100'), ('лесом', '-100')]"
"[('и', '-100'), ('этого', '-100'), ('толкушечкой', 'D'), ('толкли', '-100'), ('потрёшь', '-100'), ('её', '-100'), ('туда', '-100'), ('морковки', '-100'), ('ж', '-100'), ('как', '-100'), ('положено', '-100'), ('всё', '-100'), ('укроп', '-100'), ('туда', '-100')]"
"[('а', '-100'), ('слигом', 'D'), ('это', '-100'), ('что', '-100'), ('это', '-100'), ('собственно', '-100')]"
"[('ну', '-100'), ('нам', '-100'), ('рассказывали', '-100'), ('в', '-100'), ('некоторыз', 'E'), ('деревнях', '-100'), ('по', '-100'), ('улицам', '-100'), ('ходили', '-100'), ('пели', '-100'), ('играли', '-100')]"
"[('а', '-100'), ('щас', 'D'), ('приедет', '-100'), ('какой-то', '-100'), ('ансамбль', '-100'), ('на', '-100'), ('первое', 'D'), ('мая', '-100'), ('или', '-100'), ('на', '-100'), ('девятое', '-100'), ('мая', '-100')]"
"[('потом', '-100'), ('перекладаю', 'D'), ('в', '-100'), ('банки', '-100')]"
"[('так', '-100'), ('не', '-100'), ('одна', '-100'), ('я', '-100'), ('вообще', '-100'), ('бывало', '-100'), ('бочкам', '-100'), ('вот', '-100'), ('этой', '-100'), ('капусты', '-100'), ('же', '-100'), ('посадишь', '-100'), ('дома', '-100'), ('то', '-100'), ('не', '-100'), ('уродится', '-100'), ('то', '-100'), ('мало', '-100'), ('купляешь', 'D'), ('магазин', '-100'), ('привозят', '-100'), ('а', '-100'), ('теперь', '-100'), ('я', '-100'), ('же', '-100'), ('говорю', '-100'), ('вот', '-100')]"
"[('а', '-100'), ('сама', '-100'), ('достала', '-100'), ('ведёрко', '-100'), ('кое-как', '-100'), ('мучила', '-100'), ('мучила', '-100'), ('и', '-100'), ('то', '-100'), ('не', '-100'), ('смучила', 'D'), ('как', '-100'), ('надо', '-100'), ('а', '-100'), ('контейнер', '-100'), ('ещё', '-100'), ('на', '-100'), ('литра', '-100'), ('два', '-100'), ('стоит', '-100'), ('с', '-100'), ('клубникой', '-100'), ('в', '-100'), ('морозиловке', 'D')]"
"[('да', '-100'), ('ещё', '-100'), ('у', '-100'), ('меня', '-100'), ('где-то', '-100'), ('там', '-100'), ('в', '-100'), ('этом', '-100'), ('чулане', '-100'), ('два', '-100'), ('жбаночка', 'D'), ('есть', '-100')]"
"[('ну', '-100'), ('с', 'D'), ('глины', '-100'), ('сделаные', 'E'), ('ну', '-100'), ('такие', '-100'), ('по', '-100'), ('два', '-100'), ('литра', '-100'), ('этого', '-100'), ('раньше', '-100'), ('же', '-100'), ('всё', '-100'), ('равно', '-100'), ('банок', '-100'), ('так', '-100'), ('не', '-100'), ('было', '-100'), ('вот', '-100'), ('это', '-100'), ('жбанки', 'D'), ('молоко', '-100'), ('цедили', '-100')]"
"[('жбанки', 'D'), ('ну', '-100'), ('всякую', '-100'), ('посуду', '-100'), ('делала', '-100'), ('из', '-100'), ('с', 'D'), ('глины', '-100'), ('делают', '-100')]"
"[('ну', '-100'), ('наверное', '-100'), ('я', '-100'), ('же', '-100'), ('не', '-100'), ('была', '-100'), ('там', '-100'), ('не', '-100'), ('знаю', '-100'), ('конечно', '-100'), ('чтобы', '-100'), ('чашку', '-100'), ('сделать', '-100'), ('надо', '-100'), ('чтобы', '-100'), ('она', '-100'), ('была', '-100'), ('форма', '-100'), ('какая-то', '-100'), ('что-то', '-100'), ('наделана', '-100'), ('этого', '-100'), ('я', '-100'), ('не', '-100'), ('знаю', '-100'), ('я', '-100'), ('не', '-100'), ('видала', 'D'), ('как', '-100'), ('делала', '-100'), ('знаю', '-100'), ('что', '-100'), ('возила', '-100'), ('она', '-100'), ('всё', '-100')]"
"[('там', '-100'), ('даже', '-100'), ('чолны', 'E'), ('делали', '-100'), ('это', '-100'), ('лодку', '-100'), ('такую', '-100'), ('самое', 'D'), ('и', '-100'), ('бочечки', '-100'), ('делал', '-100'), ('а', '-100'), ('то', '-100'), ('под', '-100'), ('капусту', '-100'), ('вот', '-100'), ('их', '-100'), ('селёдка', '-100'), ('раньше', '-100'), ('была', '-100'), ('в', '-100'), ('бочках', '-100'), ('вот', '-100'), ('была', '-100'), ('из-под', '-100'), ('селёдки', '-100'), ('бочку', '-100'), ('эту', '-100'), ('в', '-100'), ('магазине', '-100'), ('караулят', '-100'), ('кто', '-100'), ('купит', '-100'), ('когда', '-100'), ('осталась', '-100')]"
"[('щуку', '-100'), ('окуней', '-100'), ('и', '-100'), ('карась', '-100'), ('есть', '-100'), ('лини', '-100'), ('налимы', '-100'), ('я', '-100'), ('уже', '-100'), ('поела', '-100'), ('и', '-100'), ('щука', '-100'), ('окуней', '-100'), ('ела', '-100'), ('и', '-100'), ('мине', 'D'), ('даже', '-100'), ('в', '-100'), ('холодильнике', '-100'), ('лежат', '-100'), ('куски', '-100')]"
"[('а', '-100'), ('я', '-100'), ('а', '-100'), ('я', '-100'), ('а', '-100'), ('я', '-100'), ('даже', '-100'), ('ну', '-100'), ('всяко', 'D'), ('жили', '-100')]"
"[('двое', '-100'), ('а', '-100'), ('третий', '-100'), ('мальчик', '-100'), ('помер', '-100'), ('родивши', 'D'), ('сколько', '-100'), ('ему', '-100'), ('уже', '-100'), ('не', '-100'), ('помню', '-100'), ('было', '-100'), ('маленький', '-100'), ('помер', '-100')]"
"[('дом', '-100'), ('вот', '-100'), ('тут', '-100'), ('он', '-100'), ('жил', '-100'), ('брат', '-100'), ('а', '-100'), ('сейчас', '-100'), ('там', '-100'), ('у', '-100'), ('у', 'D'), ('москвичах', 'D'), ('куплено', '-100')]"
"[('а', '-100'), ('потом', '-100'), ('оны', 'D'), ('жёнка', 'D'), ('была', '-100'), ('медичкой', 'D')]"
"[('а', '-100'), ('эта', '-100'), ('квартира', '-100'), ('стояла', '-100'), ('одиннадцать', '-100'), ('годов', 'D')]"
"[('поедежь', 'E'), ('ай', '-100'), ('не', '-100'), ('я', '-100'), ('говорю', '-100'), ('я', '-100'), ('поеду', '-100'), ('поеду', '-100'), ('смотреть', '-100'), ('ну', '-100'), ('я', '-100'), ('говорю', '-100'), ('надо', '-100'), ('чтобы', '-100'), ('посмотрел', '-100'), ('батька', 'D')]"
"[('я', '-100'), ('говорю', '-100'), ('а', '-100'), ('я', '-100'), ('тогда', '-100'), ('без', '-100'), ('тебя', '-100'), ('не', '-100'), ('поеду', '-100'), ('я', '-100'), ('говорю', '-100'), ('поедем', '-100'), ('посмотришь', '-100'), ('брать', '-100'), ('ай', 'D'), ('не', '-100'), ('брать', '-100'), ('этот', '-100'), ('дом', '-100')]"
"[('она', '-100'), ('колхозная', '-100'), ('же', '-100'), ('была', '-100'), ('и', '-100'), ('она', '-100'), ('у', '-100'), ('его', 'D'), ('была', '-100'), ('приватизирована', '-100'), ('как', '-100'), ('вот', '-100'), ('евонная', 'D'), ('ещё', '-100'), ('когда', '-100'), ('колхозы', '-100'), ('были', '-100'), ('приватизировали', '-100'), ('а', '-100'), ('уже', '-100'), ('когда', '-100'), ('я', '-100'), ('этого', '-100'), ('купила', '-100'), ('это', '-100'), ('одиннадцать', '-100'), ('годов', 'D'), ('прошло', '-100')]"
"[('витька', '-100'), ('тут', '-100'), ('напилил', '-100'), ('этого', '-100'), ('в', '-100'), ('пятиусове', '-100'), ('байдакана', 'D'), ('пол', '-100'), ('материала', '-100'), ('этого', '-100'), ('была', '-100'), ('пилорама', '-100')]"
"[('сделали', '-100'), ('и', '-100'), ('печка', '-100'), ('была', '-100'), ('вон', '-100'), ('там', '-100'), ('обогнувши', 'D'), ('внутри', '-100'), ('железина', '-100'), ('где', '-100'), ('там', '-100'), ('перекрыта', '-100'), ('было', '-100'), ('и', '-100'), ('она', '-100'), ('обвалилась', '-100'), ('согнуло', '-100'), ('её', '-100'), ('от', '-100'), ('жары', '-100')]"
"[('он', '-100'), ('купленный', '-100'), ('продадено', 'D'), ('конечно', '-100'), ('продадено', 'D'), ('один', '-100'), ('раз', '-100'), ('только', '-100'), ('приехала', '-100'), ('у', '-100'), ('мине', 'D'), ('этот', '-100'), ('у', '-100'), ('этому', '-100')]"
"[('а', '-100'), ('чего', '-100'), ('он', 'D'), ('говорят', '-100'), ('оны', 'D'), ('этого', '-100'), ('где-то', '-100'), ('он', '-100'), ('сам', 'D'), ('говорили', '-100'), ('в', '-100'), ('белоруссии', '-100'), ('отставлен', '-100'), ('тоже', '-100'), ('купили', '-100'), ('и', '-100'), ('отставили', '-100'), ('где-то', '-100'), ('там', '-100'), ('в', '-100'), ('белоруссии', '-100'), ('был', 'D'), ('куплено', 'D')]"
"[('от', '-100'), ('мине', 'D'), ('от', '-100'), ('мине', 'D'), ('он', '-100'), ('продавал', '-100'), ('всё', '-100'), ('там', '-100'), ('мне', '-100'), ('пятьдесят', '-100'), ('тысяч', '-100'), ('дали', '-100'), ('а', '-100'), ('сколько', '-100'), ('там', '-100'), ('что', '-100'), ('ничего', '-100'), ('не', '-100'), ('знаю', '-100'), ('у', '-100'), ('этом', '-100'), ('договаривались', '-100'), ('говорит', '-100'), ('оставлено', '-100'), ('нотариусу', '-100'), ('пятьдесят', '-100'), ('тысяч', '-100'), ('мне', '-100'), ('отдали', '-100'), ('пятьдесят', '-100'), ('а', '-100')]"
"[('ну', '-100'), ('покуда', 'D'), ('в', '-100'), ('наследство', '-100'), ('вступила', '-100'), ('он', '-100'), ('там', '-100'), ('на', '-100'), ('хозяина', '-100'), ('был', '-100'), ('же', '-100'), ('этот', '-100')]"
"[('да', '-100'), ('её', '-100'), ('отец', '-100'), ('за', '-100'), ('йим', 'D'), ('ухаживала', '-100')]"
"[('а', '-100'), ('она', '-100'), ('от', '-100'), ('матери', '-100'), ('отсталась', '-100'), ('ей', '-100'), ('было', '-100'), ('тринадцать', '-100'), ('годов', 'D'), ('когда', '-100'), ('её', '-100'), ('мама', '-100'), ('умерла', '-100')]"
"[('он', '-100'), ('с-под', 'D'), ('лук', 'D'), ('у', '-100'), ('его', 'D'), ('не', '-100'), ('было', '-100'), ('тоже', '-100'), ('родителей', '-100'), ('про', '-100'), ('это', '-100'), ('ничего', '-100'), ('не', '-100'), ('могу', '-100'), ('сказать', '-100')]"
"[('знаю', '-100'), ('он', '-100'), ('как-то', '-100'), ('кузнецом', '-100'), ('работал', '-100'), ('вот', '-100'), ('в', '-100'), ('этом', '-100'), ('колхозе', '-100'), ('где-то', '-100'), ('с-под', 'D'), ('лук', 'D')]"
"[('ну', '-100'), ('москвичи', '-100'), ('бывало', '-100'), ('раньше', '-100'), ('эту', '-100'), ('постройку', '-100'), ('постройки', '-100'), ('искали', '-100'), ('продажные', 'D'), ('были', '-100'), ('нахлынувши', 'D'), ('а', '-100'), ('теперь', '-100'), ('кто', '-100'), ('у', '-100'), ('кого', '-100'), ('куплено', '-100'), ('уже', '-100'), ('умёрши', 'D'), ('есть', '-100'), ('и', '-100'), ('стоят', '-100'), ('порожные', 'D'), ('дома', '-100')]"
"[('теперь', '-100'), ('рдом', 'E'), ('с', '-100'), ('москвой', '-100'), ('тоже', '-100'), ('полно', '-100'), ('деревень', '-100'), ('везде', '-100'), ('всё', '-100')]"
"[('надо', '-100'), ('сходить', '-100'), ('телевизор', '-100'), ('выключить', '-100'), ('баба', '-100'), ('собе', 'D'), ('телевизор', '-100'), ('новый', '-100'), ('купила', '-100')]"
"[('берите', '-100'), ('оны', 'D'), ('бабе', '-100'), ('не', '-100'), ('по', '-100'), ('зубам', '-100'), ('так', '-100')]"
"[('берите', '-100'), ('бери', '-100'), ('что', '-100'), ('одна', '-100'), ('там', '-100'), ('оны', 'D'), ('же', '-100'), ('маленькие', '-100'), ('берите', '-100'), ('чего', '-100'), ('вы', '-100'), ('не', '-100'), ('стесняйтесь', '-100'), ('берите', '-100')]"
"[('а', '-100'), ('это', '-100'), ('я', '-100'), ('как', '-100'), ('уезжала', '-100'), ('этот', '-100'), ('правнук', '-100'), ('принёс', '-100'), ('ой', '-100'), ('говорю', '-100'), ('надумался', '-100'), ('баб', '-100'), ('на', 'D'), ('говорит', '-100'), ('тобе', 'D')]"
"[('не', '-100'), ('поменьше', '-100'), ('ну', '-100'), ('всяко', 'D'), ('всё', '-100'), ('были', '-100'), ('поля', '-100'), ('и', '-100'), ('сюда', '-100'), ('до', '-100'), ('ну', '-100'), ('всё', '-100'), ('равно', '-100'), ('поближе', '-100')]"
"[('да', '-100'), ('потом', '-100'), ('объединили', '-100'), ('всё', '-100'), ('а', '-100'), ('то', '-100'), ('деревня', '-100'), ('правда', '-100'), ('большущая', 'D'), ('была', '-100'), ('там', '-100'), ('колхоз', '-100'), ('тут', '-100'), ('колхоз', '-100'), ('вот', '-100'), ('так', '-100'), ('было', '-100'), ('а', '-100'), ('потом', '-100'), ('его-то', '-100'), ('всё', '-100'), ('в', '-100'), ('один', '-100'), ('объединили', '-100')]"
"[('да', '-100'), ('да', '-100'), ('потои', 'E'), ('раскидывали', '-100'), ('ж', '-100'), ('его', '-100')]"
"[('да', '-100'), ('всё', '-100'), ('сажали', '-100'), ('картошку', '-100'), ('овёс', '-100'), ('пшеницу', '-100'), ('горох', '-100'), ('люпин', 'D'), ('даже', '-100'), ('сеяли', '-100')]"
"[('ну', '-100'), ('всяко', 'D'), ('валили', '-100'), ('для', '-100'), ('собе', 'D'), ('выписывали', '-100'), ('бывало', '-100'), ('давали', '-100'), ('сколько', '-100'), ('там', '-100'), ('кубометров', '-100'), ('выписывали', '-100')]"
"[('да', '-100'), ('и', '-100'), ('мине', 'D'), ('награждали', '-100'), ('а', '-100'), ('как', '-100'), ('я', '-100'), ('вот', '-100'), ('за', '-100'), ('сохранение', '-100'), ('телят', '-100'), ('телёнка', '-100'), ('давали', '-100'), ('мне', '-100')]"
"[('ну', '-100'), ('обычно', '-100'), ('всё', '-100'), ('же', '-100'), ('то', '-100'), ('что-нибудь', '-100'), ('где', '-100'), ('налижется', '-100'), ('то', '-100'), ('что-нибудь', '-100'), ('съест', '-100'), ('желудок', '-100'), ('забивается', '-100'), ('всего', '-100'), ('было', '-100'), ('как', '-100'), ('и', '-100'), ('у', '-100'), ('человека', '-100'), ('так', '-100'), ('и', '-100'), ('у', '-100'), ('животныя', 'D'), ('забаливают', 'D')]"
"[('ну', '-100'), ('а', '-100'), ('жбаночки', 'D'), ('это', '-100'), ('что', '-100')]"
"[('хооршо', 'E')]"
"[('сейчас', '-100'), ('скука', '-100'), ('нет', '-100'), ('никого', '-100'), ('молодёжь', '-100'), ('вся', '-100'), ('разъехадчи', 'D'), ('кто', '-100'), ('на', '-100'), ('учится', '-100'), ('кто', '-100'), ('да', '-100'), ('где', '-100'), ('кто', '-100'), ('в', '-100'), ('школе', '-100'), ('никого', '-100'), ('нету', 'D')]"
"[('хм', '-100'), ('тут', '-100'), ('оставши-то', 'D'), ('людей', '-100'), ('кого', '-100'), ('хм', '-100')]"
"[('гармошка', '-100'), ('баян', '-100'), ('вот', '-100'), ('это', '-100'), ('было', '-100'), ('было', '-100'), ('веселье', '-100'), ('какое', '-100'), ('блюди', 'D'), ('многа', 'E'), ('молодёжь', '-100'), ('-', '-100'), ('все', '-100'), ('танцевали', '-100'), ('а', '-100'), ('сейчас', '-100'), ('посмотришь', '-100'), ('молодёжь', '-100'), ('-', '-100'), ('все', '-100'), ('пьяные', '-100'), ('идут', '-100')]"
"[('ой', '-100'), ('сейчас', '-100'), ('кодировка', '-100'), ('не', '-100'), ('боятся', '-100'), ('и', '-100'), ('пьют', '-100'), ('с', '-100'), ('кодировкой', '-100'), ('ту', 'D')]"
"[('у', '-100'), ('фляги', '-100'), ('проделан', 'D'), ('тоже', '-100'), ('дырка', '-100'), ('чтобы', '-100'), ('туда', '-100'), ('труба', '-100'), ('заходила', '-100'), ('-', '-100'), ('замазываешь', '-100'), ('тестом', '-100'), ('за', '-100'), ('муки', '-100')]"
"[('раньше', '-100'), ('гнали', '-100'), ('сейчас', '-100'), ('тэном', '-100'), ('гоним', '-100'), ('а', '-100'), ('раньше', '-100'), ('чугунам', 'D'), ('гнали', '-100'), ('чугунка', 'D'), ('была', '-100'), ('в', '-100'), ('бане', '-100')]"
"[('если', '-100'), ('чувствуешь', '-100'), ('запахло', '-100'), ('сейчас', '-100'), ('будет', '-100'), ('капать', '-100'), ('кап-кап-кап', '-100'), ('покапает', '-100'), ('потом', '-100'), ('заплющало', 'D'), ('ручейком', '-100'), ('таким', '-100')]"
"[('ой', '-100'), ('я', '-100'), ('и', '-100'), ('так', '-100'), ('гнала', '-100'), ('и', '-100'), ('трубам', '-100'), ('гнала', '-100'), ('и', '-100'), ('вот', '-100'), ('этим', '-100'), ('то', '-100'), ('есть', '-100'), ('этим', '-100'), ('чугунам', 'D'), ('и', '-100'), ('вот', '-100'), ('этим', '-100'), ('тэном', '-100'), ('-', '-100'), ('я', '-100'), ('уже', '-100'), ('специалист', '-100'), ('по', '-100'), ('этому', '-100')]"
"[('а', '-100'), ('когда', '-100'), ('чугункам', 'D'), ('туда', '-100'), ('не', '-100'), ('войдёшь', '-100'), ('можешь', '-100'), ('прийтить', 'D'), ('и', '-100'), ('там', '-100'), ('полная', '-100'), ('банка', '-100'), ('браги', '-100')]"
"[('в', '-100'), ('корыто', '-100'), ('эту', '-100'), ('рожь', '-100'), ('выкладывали', '-100'), ('пшеницу', '-100'), ('накрывали', '-100'), ('там', '-100'), ('тряпкой', '-100'), ('чтобы', '-100'), ('она', '-100'), ('было', 'D'), ('ей', '-100'), ('тепло', '-100'), ('чтобы', '-100'), ('она', '-100'), ('проростала', 'E'), ('она', '-100'), ('прорастёт', '-100'), ('-', '-100'), ('она', '-100'), ('такую', '-100'), ('такая', '-100'), ('сделается', '-100'), ('снизу', '-100'), ('таким', '-100'), ('ворсом', 'D'), ('проросла', '-100')]"
"[('камень', '-100'), ('на', '-100'), ('камень', '-100'), ('такие', '-100'), ('такие', '-100'), ('были', '-100'), ('большие', '-100'), ('они', '-100'), ('с', '-100'), ('дырком', 'D'), ('специально', '-100'), ('сделанные', '-100'), ('палка', '-100'), ('там', '-100'), ('такая', '-100'), ('сделана', '-100'), ('вверху', '-100'), ('палка', '-100'), ('где', '-100'), ('этот', 'D'), ('палка', '-100'), ('торчит', '-100'), ('конец', '-100'), ('-', '-100'), ('и', '-100'), ('так', '-100'), ('крутишь', '-100')]"
"[('мука', '-100'), ('мелится', '-100'), ('и', '-100'), ('так', '-100'), ('по', '-100'), ('всем', '-100'), ('сторонам', '-100'), ('мучичка', 'D')]"
"[('как', '-100'), ('гнали', '-100'), ('-', '-100'), ('за', '-100'), ('избой', '-100'), ('гнали', '-100'), ('там', '-100'), ('было', '-100'), ('пределано', 'D'), ('тоже', '-100'), ('на', '-100'), ('чугунах', 'D')]"
"[('ой', 'D'), ('раньше', '-100'), ('страховали', 'D'), ('было', '-100'), ('очень', '-100'), ('строго', '-100'), ('сажали', '-100'), ('людей', '-100')]"
"[('ну', '-100'), ('и', '-100'), ('мы', '-100'), ('так', '-100'), ('идём', '-100'), ('со', '-100'), ('школы', '-100'), ('на', '-100'), ('ведут', '-100'), ('эту', '-100'), ('женщину', '-100'), ('-', '-100'), ('под', '-100'), ('руки', '-100'), ('всё', '-100'), ('плачут', '-100'), ('сын', '-100'), ('со', '-100'), ('школы', '-100'), ('прибег', 'D'), ('что', '-100'), ('сейчас', '-100'), ('-', '-100'), ('в', '-100'), ('тюрьму', '-100'), ('сажать', '-100')]"
"[('у', '-100'), ('мине', 'D'), ('вот', '-100'), ('брат', '-100'), ('живёт', '-100'), ('вот', '-100'), ('там', '-100'), ('вот', '-100'), ('за', '-100'), ('этим', '-100'), ('магазином', '-100'), ('сейчас', '-100'), ('тамара', '-100'), ('умёрши', 'D'), ('жена', '-100'), ('евонная', 'D')]"
"[('тут', '-100'), ('две', '-100'), ('дочки', '-100'), ('ивона', 'D'), ('живёт', '-100')]"
"[('их', '-100'), ('они', '-100'), ('двойняты', 'D'), ('девки', 'D'), ('они', '-100'), ('уже', '-100'), ('взрослые', '-100'), ('-', '-100'), ('по', '-100'), ('сорок', 'D'), ('семь', 'D'), ('лет', '-100'), ('им', '-100')]"
"[('а', '-100'), ('он', '-100'), ('он', '-100'), ('после', '-100'), ('её', 'D'), ('спился', '-100'), ('и', '-100'), ('всё', '-100')]"
"[('так', '-100'), ('что', '-100'), ('хозяйки', '-100'), ('не', '-100'), ('стало', '-100'), ('и', '-100'), ('всё', '-100'), ('дом', '-100'), ('пошёл', '-100'), ('как', '-100'), ('дом', '-100'), ('доме', '-100'), ('в', '-100'), ('комочек', 'D'), ('пошёл', '-100'), ('вот', '-100'), ('так', '-100')]"
"[('так', '-100'), ('по', '-100'), ('первинке', 'D'), ('ласка', '-100'), ('было', 'D'), ('такая', '-100'), ('ласка', '-100')]"
"[('получилось', '-100'), ('а', '-100'), ('что', '-100'), ('тут', '-100'), ('получаться', '-100'), ('тут', '-100'), ('никакой', '-100'), ('нету', 'D'), ('хитрости', '-100')]"
"[('а', '-100'), ('вот', '-100'), ('когда', '-100'), ('не', '-100'), ('умеешь', '-100'), ('да', '-100'), ('и', '-100'), ('когда', '-100'), ('нет', '-100'), ('у', '-100'), ('те', 'D'), ('желание', 'D'), ('делать', '-100'), ('да', '-100')]"
"[('всю', '-100'), ('жизнь', '-100'), ('не', '-100'), ('будешь', '-100'), ('с', '-100'), ('мамкой', '-100'), ('с', '-100'), ('с', '-100'), ('папком', 'D'), ('жить', '-100'), ('ну', '-100')]"
"[('и', '-100'), ('когда', '-100'), ('и', '-100'), ('так', '-100'), ('и', '-100'), ('тут', '-100'), ('сидит', '-100'), ('то', '-100'), ('что-нибудь', '-100'), ('я', '-100'), ('ей', '-100'), ('колбаски', '-100'), ('какой', '-100'), ('отрежу', '-100'), ('домой-то', '-100'), ('я', '-100'), ('тоже', '-100'), ('беру', '-100'), ('китикет', '-100'), ('йим', 'D')]"
"[('а', '-100'), ('ну', '-100'), ('а', '-100'), ('они', '-100'), ('же', '-100'), ('привыкла', '-100'), ('сюда', '-100'), ('туда', '-100'), ('сейчас', '-100'), ('одна', '-100'), ('ещё', '-100'), ('есть', '-100'), ('и', '-100'), ('она', '-100'), ('вот', '-100'), ('сюда', '-100'), ('идёт', '-100'), ('лариса', '-100'), ('тут', '-100'), ('йих', 'D'), ('угощает', '-100'), ('частенько', '-100'), ('она', '-100'), ('сюда', '-100'), ('идёт', '-100'), ('вот', '-100')]"
"[('это', '-100'), ('мамка', '-100'), ('иённая', 'D'), ('вот', '-100'), ('той', '-100'), ('а', '-100'), ('ещё', '-100'), ('такая', '-100'), ('есть', '-100'), ('серая', '-100')]"
"[('они', '-100'), ('обои', 'D'), ('беременные', '-100'), ('погулялись', '-100')]"
"[('сейчас', '-100'), ('она', '-100'), ('умерши', 'D')]"
"[('некоторые', '-100'), ('знают', '-100'), ('что', '-100'), ('возьмёт', '-100'), ('в', '-100'), ('руку', '-100'), ('-', '-100'), ('она', '-100'), ('не', '-100'), ('кусит', 'D'), ('-', '-100'), ('заговор', '-100')]"
"[('мне', '-100'), ('прошлом', '-100'), ('году', '-100'), ('артём', '-100'), ('говорил', '-100'), ('слазий', 'D'), ('на', '-100'), ('сарай', '-100'), ('на', '-100'), ('сеновал', '-100'), ('там', '-100'), ('котята', '-100'), ('-', '-100'), ('кошка', '-100'), ('котянилась', 'D'), ('где-то', '-100'), ('а', '-100'), ('мне', '-100'), ('же', '-100'), ('ноги', '-100'), ('не', '-100'), ('слазить', '-100'), ('полез', '-100')]"
"[('потом', '-100'), ('на', '-100'), ('змея', '-100'), ('на', '-100'), ('на', '-100'), ('ползёт', '-100'), ('по', '-100'), ('по', '-100'), ('этому', 'D'), ('така', 'D'), ('бревно', '-100'), ('наверху', '-100')]"
"[('а', '-100'), ('тут', '-100'), ('как-то', '-100'), ('выхожу', '-100'), ('дома', '-100'), ('он', '-100'), ('по', '-100'), ('тропинке', '-100'), ('лежит', '-100'), ('это', '-100'), ('как', '-100'), ('уж', '-100'), ('и', '-100'), ('маленький', '-100'), ('ужок', 'D'), ('так', '-100'), ('через', '-100'), ('мою', '-100'), ('тропинку', '-100'), ('ползёт', '-100'), ('и', '-100'), ('таки', 'D'), ('я', '-100'), ('осмелилась', '-100'), ('и', '-100'), ('засекла', '-100'), ('его', '-100'), ('сечка', '-100'), ('была', '-100'), ('у', '-100'), ('меня', '-100'), ('я', '-100'), ('его', '-100'), ('засекла', '-100')]"
"[('то', '-100'), ('ли', '-100'), ('она', '-100'), ('была', '-100'), ('суядная', 'D'), ('то', '-100'), ('ли', '-100'), ('ой', 'D'), ('не', '-100'), ('говорите', '-100'), ('и', '-100'), ('ушла', '-100'), ('она', '-100')]"
"[('а', '-100'), ('знаешь', '-100'), ('да', '-100'), ('раньше', '-100'), ('ходили', '-100'), ('вот', '-100'), ('мы', '-100'), ('там', '-100'), ('на', '-100'), ('в', 'D'), ('шелкине', 'D'), ('жили', '-100'), ('ходили', '-100'), ('на', '-100'), ('речку', '-100')]"
"[('бельё', '-100'), ('на', '-100'), ('коромысл', 'D'), ('и', '-100'), ('ходили', '-100'), ('поласкать', '-100')]"
"[('она', '-100'), ('было', '-100'), ('рубиха', 'D'), ('была', '-100')]"
"[('а', '-100'), ('это', '-100'), ('такая', '-100'), ('была', '-100'), ('как', '-100'), ('сплошная', '-100'), ('уваливала', 'D'), ('она', '-100'), ('её', '-100')]"
"[('вот', '-100'), ('и', '-100'), ('у', '-100'), ('мне', 'D'), ('ещё', '-100'), ('варежки', '-100'), ('есть', '-100')]"
"[('бабушки', '-100'), ('уже', '-100'), ('не', '-100'), ('знамо', 'D'), ('сколько', '-100'), ('лет', '-100'), ('нет', '-100'), ('тётя', '-100'), ('в', '-100'), ('ленинграде', '-100'), ('жила', '-100'), ('у', '-100'), ('неё', '-100'), ('эти', '-100'), ('варежки', '-100'), ('были', '-100'), ('ей', '-100'), ('бабушка', '-100'), ('вязала', '-100'), ('дочка', '-100'), ('она', '-100'), ('ей', '-100'), ('была', '-100'), ('и', '-100'), ('когда', '-100'), ('она', '-100'), ('умирала', '-100'), ('привозили', '-100'), ('там', '-100'), ('оттуда', '-100'), ('всё', '-100'), ('это', '-100'), ('вещи', '-100'), ('и', '-100'), ('сейчас', '-100'), ('у', '-100'), ('мине', 'D'), ('сохранивши', 'D'), ('это', '-100'), ('варежки', '-100')]"
"[('это', '-100'), ('они', '-100'), ('у', '-100'), ('меня', '-100'), ('по', 'D'), ('сих', '-100'), ('пор', '-100'), ('хранятся', '-100')]"
"[('некоторые', '-100'), ('вяжут', '-100'), ('всё', '-100'), ('одеёшь', 'D'), ('они', '-100'), ('все', '-100'), ('такие', '-100'), ('как', '-100'), ('дырочков', 'D'), ('рука', '-100'), ('видно', 'D'), ('в', '-100'), ('дырочки', '-100'), ('а', '-100'), ('это', '-100'), ('нет', '-100')]"
"[('ой', '-100'), ('я', '-100'), ('не', '-100'), ('могу', '-100'), ('сказать', '-100'), ('сколько', '-100'), ('сколько', '-100'), ('этом', 'D'), ('варежкам', '-100'), ('лет', '-100')]"
"[('некоторые', '-100'), ('ходили', '-100'), ('в', '-100'), ('школу', '-100'), ('в', '-100'), ('лаптях', '-100'), ('а', '-100'), ('некоторые', '-100'), ('нечего', '-100'), ('было', '-100'), ('одеть', 'D')]"
"[('вот', '-100'), ('и', '-100'), ('говорили', '-100'), ('вот', '-100'), ('тот-то', '-100'), ('в', '-100'), ('лаптях', '-100'), ('а', '-100'), ('нам', '-100'), ('нечего', '-100'), ('одеть', '-100'), ('о', 'D'), ('.', '-100')]"
"[('вот', '-100'), ('оны', 'D'), ('идут', '-100'), ('-', '-100'), ('говорит', '-100'), ('-', '-100'), ('а', '-100'), ('мы', '-100'), ('же', '-100'), ('идём', '-100'), ('босые', '-100'), ('а', '-100'), ('они', '-100'), ('в', '-100'), ('лаптях', '-100')]"
"[('а', '-100'), ('это', '-100'), ('дальше', '-100'), ('надо', '-100'), ('было', '-100'), ('эту', '-100'), ('овцу', '-100'), ('выстричь', '-100'), ('шерсть', '-100'), ('эту', '-100'), ('свесь', 'D'), ('её', '-100'), ('куда-то', '-100'), ('там', '-100'), ('далеко', '-100'), ('расчесать', '-100'), ('её', '-100')]"
"[('спрясь', 'D'), ('связать', '-100'), ('а', '-100'), ('чем', '-100')]"
"[('надо', '-100'), ('было', '-100'), ('уметь', '-100'), ('прясь', 'D')]"
"[('а', '-100'), ('то', '-100'), ('с', '-100'), ('собой', '-100'), ('брали', '-100'), ('маленьких', '-100'), ('небольших', '-100'), ('посодют', 'D'), ('да', '-100'), ('.', '-100')]"
"[('а', '-100'), ('тут', '-100'), ('поставили', '-100'), ('дом', '-100'), ('сюда', '-100'), ('надо', '-100'), ('переходить', '-100'), ('я', '-100'), ('плакала', '-100'), ('я', '-100'), ('помню', '-100'), ('несла', '-100'), ('в', '-100'), ('мешке', '-100'), ('кошек', '-100'), ('да', '-100'), ('не', '-100'), ('одну', '-100'), ('наверное', '-100'), ('три', '-100'), ('штуки', '-100'), ('несла', '-100'), ('и', '-100'), ('что', '-100'), ('пройду', '-100'), ('остановлюсь', '-100'), ('посмотрю', '-100'), ('взад', 'D'), ('на', '-100'), ('свою', '-100'), ('деревню', '-100'), ('плачу', '-100'), ('бывало', '-100'), ('куда', '-100'), ('как', '-100'), ('я', '-100'), ('и', '-100'), ('много', '-100'), ('времени', '-100'), ('бегала', '-100'), ('с', '-100'), ('макеево', '-100'), ('в', '-100'), ('щелкино', '-100'), ('ночевать', '-100'), ('бабушка', '-100'), ('там', '-100'), ('у', '-100'), ('мине', 'D'), ('была', '-100'), ('подружки', '-100'), ('были', '-100'), ('мои', '-100'), ('вместе', '-100'), ('в', '-100'), ('школу', '-100'), ('ходили', '-100'), ('я', '-100'), ('бегала', '-100'), ('туда', '-100')]"
"[('а', '-100'), ('теперь', '-100'), ('мне', '-100'), ('подруга', '-100'), ('она', '-100'), ('единственная', '-100'), ('была', '-100'), ('она', '-100'), ('у', '-100'), ('мине', 'D'), ('подруга', '-100'), ('нет', '-100'), ('теперь', '-100'), ('таких', '-100'), ('подруг', '-100')]"
"[('на', '-100'), ('щелбаны', '-100'), ('а', '-100'), ('я', '-100'), ('мы', '-100'), ('так', '-100'), ('играли', 'D'), ('то', '-100'), ('в', '-100'), ('дурака', '-100'), ('то', '-100'), ('в', '-100'), ('кулину', 'D'), ('какую-то', '-100')]"
"[('это', '-100'), ('фонарь', '-100'), ('стоит', '-100'), ('в', '-100'), ('всерёд', 'D'), ('этого', '-100'), ('хлева', '-100'), ('так', '-100'), ('в', '-100'), ('проходе', '-100'), ('коров', '-100'), ('доим', '-100'), ('ой', '-100'), ('интересно', '-100'), ('было', '-100'), ('.', '-100')]"
"[('смотрели', '-100'), ('не', '-100'), ('мы', '-100'), ('же', '-100'), ('не', '-100'), ('подходили', '-100'), ('к', '-100'), ('ней', '-100'), ('близко', '-100'), ('посмотрим', '-100'), ('-', '-100'), ('она', '-100'), ('там', '-100'), ('лежит', '-100'), ('или', '-100'), ('стоит', '-100'), ('пошли', '-100'), ('опять', '-100'), ('целы', '-100'), ('а', '-100'), ('так', '-100'), ('близко', '-100'), ('есть', '-100'), ('такие', '-100'), ('мине', 'D'), ('чуть', '-100'), ('моя', '-100'), ('домашняя', '-100'), ('к', '-100'), ('к', '-100'), ('сетой', 'D'), ('к', '-100'), ('забору', '-100'), ('прижала', '-100'), ('вот', '-100'), ('такие', '-100'), ('ноги', '-100'), ('были', '-100'), ('у', '-100'), ('у', '-100'), ('ней', '-100'), ('прижала', '-100'), ('как', '-100'), ('вилам', '-100'), ('была', '-100'), ('ся', 'D'), ('корова', '-100'), ('такая', '-100'), ('в', '-100'), ('детстве', '-100'), ('помню', '-100'), ('это', '-100'), ('я', '-100')]"
"[('вот', '-100'), ('эта', '-100'), ('корова', '-100'), ('с', '-100'), ('бараном', '-100'), ('бывало', '-100'), ('баран', '-100'), ('такой', '-100'), ('был', '-100'), ('большой', '-100'), ('такой', '-100'), ('он', '-100'), ('бался', 'D'), ('роги', 'D'), ('были', '-100'), ('такие', '-100'), ('большие', '-100')]"
"[('у', '-100'), ('моей', '-100'), ('ларисы', '-100'), ('был', '-100'), ('баран', '-100'), ('вот', '-100'), ('такой', '-100'), ('большой', '-100'), ('ребята', '-100'), ('бывало', '-100'), ('как', '-100'), ('только', '-100'), ('он', '-100'), ('увидит', '-100'), ('ребят', '-100'), ('а', '-100'), ('машины', '-100'), ('же', '-100'), ('на', '-100'), ('улице', '-100'), ('много', '-100'), ('машин', '-100'), ('наставлено', '-100'), ('они', '-100'), ('на', '-100'), ('машины', '-100'), ('забирались', '-100'), ('на', '-100'), ('кузова', '-100'), ('бился', '-100'), ('баран', '-100'), ('такой', '-100'), ('тоже', '-100'), ('роги', 'D'), ('были', '-100'), ('большие', '-100'), ('голова', '-100'), ('большая', '-100'), ('но', '-100'), ('баран', '-100'), ('был', '-100'), ('потешный', '-100')]"
"[('они', '-100'), ('всякие', '-100'), ('были', '-100'), ('названы', '-100'), ('и', '-100'), ('верба', '-100'), ('и', '-100'), ('и', '-100'), ('ой', '-100'), ('и', '-100'), ('малуха', 'D'), ('и', '-100'), ('всякая', '-100'), ('лобоха', 'D'), ('и', '-100'), ('даёха', 'D'), ('всякие', '-100'), ('были', '-100'), ('всякие', '-100'), ('были', '-100')]"
"[('ветка', '-100'), ('помню', '-100'), ('моя', '-100'), ('ветка', '-100'), ('идёт', '-100'), ('с', '-100'), ('поля', '-100'), ('а', '-100'), ('лёшка', '-100'), ('был', '-100'), ('внук', '-100'), ('маленький', '-100'), ('вот', '-100'), ('у', '-100'), ('тебя', '-100'), ('гну', 'D'), ('корову', '-100'), ('с', '-100'), ('поля', '-100'), ('мам', '-100'), ('-', '-100'), ('на', '-100'), ('лариску', '-100'), ('-', '-100'), ('бабин', '-100'), ('куст', '-100'), ('пошёл', '-100'), ('забыл', '-100'), ('что', '-100'), ('ветка', '-100'), ('бабин', '-100'), ('куст', '-100'), ('пошёл', '-100')]"
"[('ну', '-100'), ('так', '-100'), ('её', '-100'), ('было', '-100'), ('как', '-100'), ('её', '-100'), ('зовут', '-100'), ('имя', '-100'), ('такое', '-100'), ('было', '-100'), ('дадено', 'D'), ('ей', '-100')]"
"[('кукла', '-100'), ('была', '-100'), ('ветка', '-100'), ('была', '-100'), ('верба', '-100'), ('была', '-100'), ('магорка', 'D'), ('была', '-100'), ('донька', '-100'), ('была', '-100'), ('у', '-100'), ('мине', 'D'), ('такая', '-100'), ('чернопёстрая', '-100')]"
"[('у', '-100'), ('каждого', '-100'), ('хозяина', '-100'), ('своя', '-100'), ('было', '-100'), ('своя', '-100'), ('кличка', '-100'), ('животный', 'D'), ('была', '-100')]"
"[('бело-', '-100'), ('и', '-100'), ('красным', '-100'), ('пятнам', '-100'), ('и', '-100'), ('вот', '-100'), ('давала', '-100'), ('было', '-100'), ('хлебцы', '-100'), ('и', '-100'), ('было', '-100'), ('знала', '-100'), ('что', '-100'), ('я', '-100'), ('в', '-100'), ('магазине', '-100'), ('работала', '-100'), ('она', '-100'), ('бывало', '-100'), ('с', '-100'), ('поля', '-100'), ('идёт', '-100'), ('сюда', '-100'), ('и', '-100'), ('стоит', '-100'), ('на', '-100'), ('крыльце', '-100'), ('так', '-100'), ('голову', '-100'), ('дверь', '-100'), ('открытая', '-100'), ('и', '-100'), ('смотрит', '-100'), ('и', '-100'), ('пока', '-100'), ('я', '-100'), ('не', '-100'), ('пойду', '-100'), ('с', '-100'), ('магазина', '-100'), ('домой', '-100'), ('её', '-100'), ('надо', '-100'), ('привязать', '-100'), ('на', '-100'), ('цепь', '-100'), ('она', '-100'), ('не', '-100'), ('пойдёт', '-100'), ('ни', '-100'), ('с', '-100'), ('кем', '-100'), ('и', '-100'), ('вот', '-100'), ('было', '-100'), ('я', '-100'), ('иду', '-100'), ('хлеб', '-100'), ('у', '-100'), ('мине', 'D'), ('в', '-100'), ('руке', '-100'), ('и', '-100'), ('она', '-100'), ('за', '-100'), ('мной', '-100'), ('я', '-100'), ('её', '-100'), ('привяжу', '-100'), ('знала', '-100'), ('всё', '-100'), ('должна', '-100'), ('была', '-100'), ('лебётка', 'E'), ('у', '-100'), ('магазина', '-100'), ('чтобы', '-100'), ('я', '-100'), ('вышла', '-100'), ('знала', '-100'), ('где', '-100'), ('я', '-100'), ('потому', '-100'), ('что', '-100'), ('я', '-100'), ('кормила', '-100'), ('хлебом', '-100'), ('её', '-100'), ('давала', '-100'), ('хлебца', '-100')]"
"[('пасху', '-100'), ('на', '-100'), ('второй', '-100'), ('день', '-100'), ('первый', '-100'), ('не', '-100'), ('ела', '-100'), ('на', '-100'), ('второй', '-100'), ('день', '-100'), ('разверла', 'D'), ('пасха', '-100'), ('-', '-100'), ('была', '-100'), ('такая', '-100'), ('две', '-100'), ('я', '-100'), ('купила', '-100'), ('разрезала', '-100'), ('напополам', '-100'), ('съела', '-100'), ('вывернула', '-100'), ('с', '-100'), ('этой', '-100'), ('там', '-100'), ('такая', '-100'), ('упаковка', '-100'), ('а', '-100'), ('там', '-100'), ('цукаты', 'D'), ('там', '-100'), ('всё', '-100'), ('так', '-100'), ('а', '-100'), ('она', '-100'), ('ткакая', 'E'), ('вкусная', '-100'), ('она', '-100'), ('такая', '-100'), ('жёлтая-жёлтая', '-100'), ('полила', '-100'), ('кипятку', '-100'), ('просто', '-100'), ('чуть', '-100'), ('тёплый', '-100'), ('кипяток', '-100'), ('полбулки', '-100'), ('этой', '-100'), ('съела', '-100')]"
"[('а', '-100'), ('одна', '-100'), ('осталась', '-100'), ('пасха', '-100'), ('думала', '-100'), ('ребята', '-100'), ('приедут', '-100'), ('отдам', '-100'), ('я', '-100'), ('мальцам', 'D'), ('своим', '-100'), ('эту', '-100'), ('пасху', '-100'), ('не', '-100'), ('буду', '-100'), ('начинать', '-100'), ('вот', '-100'), ('приехали', '-100'), ('ребяты', 'D'), ('лёшка', '-100'), ('приехал', '-100'), ('говорю', '-100'), ('лёш', '-100'), ('забирай', '-100'), ('пасху', '-100')]"
"[('всё', '-100'), ('равно', '-100'), ('печенина', 'D'), ('овсяную', '-100'), ('спиваю', 'D'), ('с', '-100'), ('кружкой', '-100'), ('чая', '-100'), ('овсянное', '-100'), ('только', '-100'), ('печенье', '-100')]"
"[('можно', '-100'), ('да', '-100'), ('я', '-100'), ('когда', '-100'), ('беру', '-100'), ('они', '-100'), ('в', '-100'), ('пачёчичках', 'D'), ('это', '-100'), ('несколько', '-100'), ('пачек', '-100'), ('беру', '-100'), ('зато', '-100'), ('с', '-100'), ('чаем', '-100'), ('даже', '-100'), ('вот', '-100'), ('так', '-100'), ('всё', '-100'), ('брала', '-100'), ('в', '-100'), ('этом', '-100'), ('в', '-100'), ('аптеке', '-100'), ('такие', '-100'), ('есть', '-100'), ('таблеточки', '-100'), ('от', '-100'), ('сахара', '-100'), ('заменитель', '-100'), ('то', '-100'), ('ли', '-100'), ('что', '-100'), ('ну', '-100'), ('там', '-100'), ('стевия', '-100'), ('называются', '-100'), ('там', '-100'), ('пишут', '-100'), ('сколько', '-100'), ('надо', '-100'), ('кидать', '-100'), ('там', '-100'), ('вроде', '-100'), ('одна', '-100'), ('таблетка', '-100'), ('что-то', '-100'), ('означает', '-100'), ('сколько', '-100'), ('сахара', '-100'), ('в', '-100'), ('в', '-100'), ('ложек', '-100'), ('она', '-100'), ('же', '-100'), ('не', '-100'), ('сладкая', '-100'), ('совсем', '-100'), ('как', '-100'), ('откуда', '-100'), ('там', '-100'), ('влазит', '-100'), ('столько', '-100'), ('песка', '-100'), ('вот', '-100'), ('этой', '-100'), ('в', '-100'), ('одной', '-100'), ('таблетке', '-100'), ('там', '-100'), ('сколько-то', '-100'), ('одна', '-100'), ('таблетка', '-100'), ('равносильна', '-100'), ('там-то', '-100'), ('сколько-то', '-100'), ('ложек', '-100'), ('на', '-100'), ('сахара', '-100')]"
"[('они', '-100'), ('мне', '-100'), ('сейчас', '-100'), ('кончивши', 'D'), ('вот', '-100'), ('в', '-100'), ('субботу', '-100'), ('поеду', '-100'), ('мне', '-100'), ('надо', '-100'), ('ехать', '-100'), ('в', '-100'), ('западную', '-100'), ('в', '-100'), ('субботу', '-100')]"
"[('я', '-100'), ('вот', '-100'), ('горький', '-100'), ('такой', '-100'), ('лариса', '-100'), ('иной', '-100'), ('раз', '-100'), ('привозит', '-100'), ('горький', '-100'), ('там', '-100'), ('чтобы', '-100'), ('было', '-100'), ('семьдесят', '-100'), ('семьдесят', '-100'), ('пять', '-100'), ('или', '-100'), ('семьдесят', '-100'), ('семь', '-100'), ('этой', '-100'), ('какао', '-100'), ('пишет', '-100'), ('вот', '-100'), ('столечку', 'D'), ('такую', '-100'), ('вот', '-100'), ('горький', '-100'), ('горький', '-100'), ('конечно', '-100'), ('с', '-100'), ('чаем', '-100'), ('ну', '-100'), ('долечки', '-100'), ('маловатые', 'D'), ('что', '-100'), ('долечку', '-100'), ('во', '-100')]"
"[('а', '-100'), ('иной', '-100'), ('раз', '-100'), ('так', '-100'), ('хочу', '-100'), ('с', '-100'), ('чаем', '-100'), ('попить', '-100'), ('ну', '-100'), ('возьму', '-100'), ('одну', '-100'), ('конфетину', 'D'), ('всё', '-100'), ('равно', '-100'), ('возьму', '-100'), ('такую', '-100'), ('вот', '-100'), ('которая', '-100'), ('мне', '-100'), ('понравится', '-100'), ('вот', '-100'), ('я', '-100'), ('кружку', '-100'), ('побольше', '-100'), ('сделаю', '-100'), ('с', '-100'), ('этой', '-100'), ('кружкой', '-100'), ('этот', 'D'), ('эту', '-100'), ('конфетинку', 'D'), ('сопью', 'D')]"
"[('да', '-100'), ('большие', '-100'), ('с', '-100'), ('с', '-100'), ('черносливых', '-100'), ('с', '-100'), ('курагов', 'D'), ('бывало', '-100'), ('возьму', '-100'), ('одну', '-100'), ('с', '-100'), ('этой', '-100'), ('сопью', 'D')]"
"[('тю', 'D'), ('бабушка', '-100'), ('было', '-100'), ('даст', '-100'), ('два', '-100'), ('яичка', '-100'), ('курочки', '-100'), ('раньше', '-100'), ('принимала', '-100'), ('магазин', '-100'), ('тут', '-100'), ('такой', '-100'), ('деревянный', '-100'), ('стоял', '-100'), ('принимали', '-100'), ('яички', '-100'), ('даже', '-100'), ('по', '-100'), ('домам', '-100'), ('ходили', '-100'), ('у', '-100'), ('кого', '-100'), ('куры', '-100'), ('собирали', '-100'), ('яички', '-100'), ('раньше', '-100'), ('так', '-100'), ('и', '-100'), ('было', '-100'), ('возят', '-100'), ('петушки', '-100'), ('петушок', '-100'), ('и', '-100'), ('курочки', '-100'), ('там', '-100'), ('разные', '-100'), ('звёздочка', '-100'), ('и', '-100'), ('было', '-100'), ('мы', '-100'), ('с', '-100'), ('подружкой', '-100'), ('это', '-100'), ('которая', '-100'), ('умерши', 'D'), ('бежим', '-100'), ('два', '-100'), ('яичка', '-100'), ('ой', 'D'), ('сколько', '-100'), ('там', '-100'), ('нам', '-100'), ('выходило', '-100'), ('петушков', '-100'), ('я', '-100'), ('не', '-100'), ('знаю', '-100'), ('и', '-100'), ('мы', '-100'), ('до', '-100'), ('своей', '-100'), ('деревни', '-100'), ('идём', '-100'), ('только', '-100'), ('так', '-100'), ('посмотрим', '-100'), ('а', '-100'), ('не', '-100'), ('едим', '-100'), ('домой', '-100'), ('говорю', '-100'), ('придём', '-100'), ('дома', '-100'), ('дома', '-100'), ('будем', '-100'), ('есть', '-100'), ('во', 'D'), ('как', '-100'), ('не', '-100'), ('за', '-100'), ('что', '-100'), ('было', '-100')]"
"[('полаялись', 'D'), ('бы', '-100')]"
"[('в', '-100'), ('ваше', '-100'), ('время', '-100'), ('наверное', '-100'), ('уже', '-100'), ('без', '-100'), ('пряйника', 'E')]"
"[('это', '-100'), ('меня', '-100'), ('с', '-100'), ('детства', '-100'), ('так', '-100'), ('родители', '-100'), ('кормили', '-100'), ('был', '-100'), ('мой', '-100'), ('самый', '-100'), ('любимый', '-100'), ('бутерброт', 'E')]"
"[('вот', '-100'), ('вот', '-100'), ('без', '-100'), ('сахара', '-100'), ('там', '-100'), ('только', '-100'), ('ну', '-100'), ('то', '-100'), ('есть', '-100'), ('ну', '-100'), ('это', '-100'), ('не', '-100'), ('горький', '-100'), ('шоколад', '-100'), ('который', '-100'), ('замена', '-100'), ('вот', '-100'), ('да', '-100'), ('замена', '-100'), ('сахару', 'D'), ('вот', '-100'), ('там', '-100'), ('стевия', '-100'), ('какой-то', '-100'), ('ещё', '-100'), ('есть', '-100'), ('заменитель', '-100'), ('сахара', '-100')]"
"[('азарод', 'D')]"
"[('вот', '-100'), ('стоят', '-100'), ('столбы', '-100'), ('столб', '-100'), ('эти', '-100'), ('колят', '-100'), ('этими', '-100'), ('и', '-100'), ('здесь', '-100'), ('такие', '-100'), ('перекладины', '-100'), ('тако', 'D')]"
"[('ну', '-100'), ('тут', '-100'), ('тут', '-100'), ('сарай', '-100'), ('раньше', '-100'), ('был', '-100'), ('сено', '-100'), ('а', '-100'), ('там', '-100'), ('корова', '-100'), ('стояла', '-100'), ('овцы', '-100'), ('козяты', 'D')]"
"[('было', '-100'), ('курей', 'D'), ('дохуя', '-100'), ('я', '-100'), ('держал', '-100'), ('а', '-100'), ('потом', '-100'), ('сыны', 'D'), ('приехали', '-100'), ('и', '-100'), ('говорят', '-100'), ('пап', 'D'), ('ты', '-100'), ('что', '-100'), ('я', '-100'), ('говорю', '-100'), ('кого', '-100'), ('что', '-100')]"
"[('на', '-100'), ('что', '-100'), ('ты', '-100'), ('столько', '-100'), ('курей', 'D'), ('держишь', '-100'), ('куда', '-100'), ('ты', '-100'), ('яйца', '-100'), ('деёшь', 'E')]"
"[('она', '-100'), ('сама', '-100'), ('сядет', '-100'), ('на', '-100'), ('эти', '-100'), ('яйцы', 'D'), ('и', '-100'), ('всё', '-100')]"
"[('надо', '-100'), ('ись', 'D'), ('она', '-100'), ('сама', '-100'), ('слезет', '-100'), ('поист', 'D'), ('и', '-100'), ('сама', '-100'), ('сядет', '-100')]"
"[('бвк', 'E'), ('так', '-100'), ('вот', '-100'), ('стоит', '-100'), ('вот', '-100')]"
"[('как', '-100'), ('баня', '-100'), ('раньше', '-100'), ('была', '-100'), ('и', '-100'), ('сейчас', '-100'), ('бани', '-100'), ('да', '-100'), ('есть', '-100'), ('а', '-100'), ('это', '-100'), ('риги', 'D')]"
"[('с', '-100'), ('какого', '-100'), ('я', 'D'), ('году', 'D'), ('бросил', '-100'), ('работать', '-100'), ('с', '-100'), ('восемьдесят', '-100')]"
"[('антоново', '-100'), ('вот', '-100'), ('с', '-100'), ('им', 'D'), ('с', '-100'), ('им', 'D'), ('место', '-100')]"
"[('какая', '-100'), ('пыль', '-100'), ('идёт', '-100'), ('от', '-100'), ('этой', '-100'), ('как', '-100'), ('бъёшь', 'E')]"
"[('и', '-100'), ('бьёт', '-100'), ('по', '-100'), ('этому', '-100'), ('по', '-100'), ('по', '-100'), ('всё', '-100'), ('вот', '-100'), ('лён', '-100'), ('молотили', '-100'), ('бывало', '-100')]"
"[('короче', '-100'), ('бытька', 'D'), ('быо', 'E'), ('придёт', '-100'), ('посмотрит', '-100')]"
"[('со', 'D'), ('льна', 'D'), ('это', '-100'), ('вот', '-100'), ('это', '-100'), ('когда', '-100'), ('лён', '-100'), ('оказался', '-100'), ('на', '-100'), ('поле', '-100')]"
"[('от', '-100'), ('костра', '-100'), ('отходят', '-100'), ('от', '-100'), ('их', 'D'), ('они', '-100'), ('если', '-100'), ('отходят', '-100'), ('то', '-100'), ('пускай', '-100'), ('лежит', '-100')]"
"[('бабы', '-100'), ('привыкши', 'D'), ('были', '-100'), ('всё', '-100'), ('бывало', '-100'), ('раз', '-100'), ('на', '-100'), ('себе', '-100')]"
"[('а', '-100'), ('оттуда', '-100'), ('с', '-100'), ('со', 'D'), ('песням', 'D'), ('идут', '-100'), ('домой', '-100'), ('через', '-100'), ('лес', '-100'), ('а', '-100'), ('батька', 'D'), ('бывало', '-100'), ('приедет', '-100'), ('уже', '-100'), ('поют', '-100'), ('песни', '-100')]"
"[('я', '-100'), ('говорю', '-100'), ('бывало', '-100'), ('сейчас', '-100'), ('себе', '-100'), ('поможешь', '-100'), ('сейчас', '-100'), ('ты', '-100'), ('им', '-100'), ('и', '-100'), ('они', '-100'), ('тебе', '-100'), ('придут', '-100'), ('поможут', 'D'), ('запашут', 'D')]"
"[('кулеш', 'D'), ('кулеш', 'D'), ('варили', '-100'), ('да', '-100')]"
"[('вот', '-100'), ('такие', '-100'), ('эти', '-100'), ('было', '-100'), ('эти', '-100'), ('большие', '-100'), ('палки', '-100'), ('длинные', '-100'), ('и', '-100'), ('оттудова', 'D'), ('раньше', '-100')]"
"[('ян', 'D'), ('остался', '-100'), ('на', '-100'), ('плиты', '-100'), ('сварю', '-100'), ('бывало', '-100'), ('в', '-100'), ('печь', '-100'), ('в', '-100'), ('печь', '-100'), ('начал', '-100'), ('доставать', '-100'), ('доставать', '-100'), ('такой', '-100'), ('раз', '-100'), ('раз', '-100'), ('раз', '-100'), ('ухват', '-100')]"
"[('свой', '-100'), ('свой', '-100'), ('позём', 'D'), ('.', '-100')]"
"[('а', '-100'), ('если', '-100'), ('плоше', 'D'), ('полпервого', '-100'), ('домой', '-100'), ('приедешь', '-100'), ('только', '-100'), ('иначе', '-100')]"
"[('пока', '-100'), ('едешь', '-100'), ('туда', '-100'), ('оттудова', 'D')]"
"[('в', '-100'), ('комбайне', '-100'), ('не', '-100'), ('поводишь', '-100'), ('туда', '-100'), ('туда', '-100'), ('оттудова', 'D')]"
"[('бывало', 'D'), ('в', '-100'), ('поле', '-100'), ('выйдешь', '-100'), ('всё', '-100'), ('поле', '-100'), ('к', '-100'), ('своим', '-100'), ('коровам', '-100'), ('телят', '-100'), ('своих', '-100'), ('бывает', '-100'), ('что', '-100'), ('в', '-100'), ('поле', '-100'), ('берёшь', '-100'), ('и', '-100'), ('вот', '-100'), ('они', '-100'), ('можут', 'D'), ('сосать', '-100')]"
"[('вано', 'D'), ('голова', '-100'), ('стоит', '-100'), ('когда', '-100'), ('этот', '-100'), ('сосёте', '-100'), ('сосать', '-100'), ('да', '-100')]"
"[('горох', '-100'), ('вот', '-100'), ('вырастает', '-100'), ('такие', '-100'), ('слуки', 'D'), ('а', '-100'), ('там', '-100'), ('горох', '-100')]"
"[('вот', '-100'), ('в', '-100'), ('слуках', 'D'), ('этих', '-100'), ('да', '-100'), ('да', '-100'), ('и', '-100'), ('вот', '-100')]"
"[('вот', '-100'), ('мечешь', '-100'), ('этого', '-100'), ('азароды', 'D'), ('ставишь', '-100')]"
"[('суяная', 'D'), ('овца', '-100')]"
"[('суяная', 'D'), ('это', '-100'), ('же', '-100'), ('в', '-100'), ('в', '-100'), ('положении', '-100')]"
"[('поросилась', 'D')]"
"[('это', '-100'), ('тоже', '-100'), ('котенилась', 'D'), ('как', '-100'), ('эти', '-100'), ('козы', '-100'), ('как', '-100'), ('кто', '-100'), ('козы', '-100'), ('коз', '-100'), ('держал', '-100'), ('у', '-100'), ('нас', '-100'), ('у', '-100'), ('нас', '-100'), ('там', '-100')]"
"[('корова', '-100'), ('да', '-100'), ('у', '-100'), ('коровы', '-100'), ('тоже', '-100'), ('какой', '-100'), ('какой', '-100'), ('жир', '-100'), ('какой', '-100'), ('жирности', '-100'), ('молоко', '-100'), ('коровье', '-100'), ('и', '-100'), ('бывает', '-100'), ('что', '-100'), ('поставишь', '-100'), ('жбанок', 'D')]"
"[('да', '-100'), ('у', '-100'), ('некоторой', '-100'), ('корови', 'D'), ('в', '-100'), ('жбанке', 'D'), ('сметаны', '-100'), ('да', '-100'), ('отвечу', '-100'), ('а', '-100'), ('у', '-100'), ('некоторой', '-100'), ('тако', 'D')]"
"[('босенька', 'D'), ('босенька', 'D')]"
"[('область', '-100'), ('я', '-100'), ('забыл', '-100'), ('уже', '-100'), ('какая', '-100'), ('там', '-100'), ('эта', '-100'), ('облать', 'E'), ('новоузенский', '-100')]"
"[('было', '-100'), ('не', '-100'), ('вобрать', 'D'), ('зерна', '-100'), ('дохуя', '-100'), ('было', '-100')]"
"[('только', '-100'), ('утром', '-100'), ('ворошайся', 'D')]"
"[('а', '-100'), ('утром', '-100'), ('поехал', '-100'), ('тогда', '-100'), ('ночью', '-100'), ('только', '-100'), ('ворошаешься', 'D'), ('надо', '-100'), ('два', '-100'), ('два', '-100'), ('раза', '-100'), ('два', '-100'), ('круга', '-100'), ('только', '-100'), ('сделаешь', '-100')]"
"[('на', '-100'), ('факел', '-100'), ('бывао', 'E'), ('идут', '-100'), ('эти', '-100'), ('девки', '-100'), ('да', '-100')]"
"[('они', '-100'), ('мериют', 'D'), ('взмеряют', 'D'), ('тебе', '-100'), ('сколько', '-100'), ('и', '-100'), ('ставят', '-100')]"
"[('тоже', '-100'), ('питанье', 'D'), ('возили', '-100')]"
"[('ну', '-100'), ('кто', '-100'), ('поедет', '-100'), ('зерно', '-100'), ('оттудова', 'D'), ('с', '-100'), ('красноярска', '-100'), ('поедет', '-100'), ('зерно', '-100'), ('сюда', '-100'), ('домой', '-100'), ('ну', '-100'), ('там', '-100'), ('копейки', '-100'), ('какие-то', '-100'), ('зерно', '-100'), ('зерно', '-100'), ('там', '-100'), ('и', '-100'), ('стоит', '-100'), ('зерно', '-100')]"
"[('а', '-100'), ('тут', '-100'), ('этого', '-100'), ('не', '-100'), ('вобрать', 'D'), ('бывало', '-100')]"
"[('свина', 'D'), ('была', '-100')]"
"[('подойдишь', 'D'), ('вот', '-100'), ('так', '-100'), ('вот', '-100'), ('стоишь', '-100'), ('и', '-100'), ('небо', '-100'), ('с', '-100'), ('землёй', '-100'), ('сводится', '-100')]"
"[('а', '-100'), ('так', '-100'), ('деньги', '-100'), ('хорошие', '-100'), ('блядь', '-100'), ('ёб', 'D'), ('твою', '-100'), ('да', '-100'), ('хуй', '-100'), ('туда', '-100'), ('идтить', 'D'), ('да', '-100'), ('бегом', '-100'), ('сбегаешь', '-100'), ('и', '-100'), ('всё', '-100'), ('да', '-100')]"
"[('жёлтые', '-100'), ('дёлтые', 'E'), ('кладут', '-100')]"
"[('не', '-100'), ('я', '-100'), ('а', '-100'), ('в', '-100'), ('лес', '-100'), ('вот', '-100'), ('дрова', '-100'), ('это', '-100'), ('мы', '-100'), ('ходили', '-100'), ('раньше', '-100'), ('теперь', '-100'), ('мы', '-100'), ('покупаем', '-100'), ('дровы', 'D'), ('вон', '-100'), ('у', '-100'), ('колхоза', '-100'), ('у', '-100'), ('нашего', '-100'), ('в', '-100'), ('деревне', '-100')]"
"[('клюква', 'D'), ('растёт', '-100'), ('на', '-100'), ('мху', 'D')]"
"[('не', '-100'), ('этот', '-100'), ('мох', '-100'), ('что', '-100'), ('что', '-100'), ('сейчас', '-100'), ('этим', '-100'), ('сосён', 'D'), ('да', '-100'), ('а', '-100'), ('это', '-100'), ('мох', '-100'), ('а', '-100'), ('мох', '-100')]"
"[('по', '-100'), ('сути', '-100'), ('я', '-100'), ('и', '-100'), ('сейчас', '-100'), ('они', '-100'), ('сейчас', '-100'), ('уго', 'E'), ('не', '-100'), ('видел', '-100'), ('ни', '-100'), ('одного', '-100'), ('так', '-100'), ('издали', '-100'), ('видал', 'D')]"
"[('лягуха', 'D'), ('слышал', '-100')]"
"[('лягуха-то', 'D'), ('во', 'D'), ('прыгает', '-100'), ('по', '-100'), ('это', '-100'), ('по', '-100'), ('полю', '-100')]"
"[('легче', '-100'), ('да', '-100'), ('легче', '-100'), ('конечно', '-100'), ('легче', '-100'), ('слово', '-100'), ('лёгок', 'D'), ('знаю', '-100')]"
"[('муравьи', '-100'), ('муравьи', '-100'), ('сикахи', 'D')]"
"[('сикаха', 'D'), ('поссал', '-100'), ('и', '-100'), ('говорит', '-100')]"
"[('а', '-100'), ('бывало', '-100'), ('такое', '-100'), ('что', '-100'), ('копнище', 'D'), ('в', '-100'), ('одной', '-100'), ('так', '-100'), ('поставлили', 'E'), ('жердь', '-100'), ('ну', '-100'), ('копнище', 'D'), ('вот', '-100'), ('на', '-100'), ('эту', '-100'), ('жердь', '-100'), ('установили', '-100')]"
"[('азарод', 'D'), ('ясно', '-100')]"
"[('ну', '-100'), ('во', 'D'), ('если', '-100'), ('надо', '-100'), ('ковры', '-100'), ('там', '-100'), ('выбить', '-100'), ('или', '-100')]"
"[('да', '-100'), ('у', '-100'), ('вас', '-100'), ('тут', '-100'), ('прям', '-100'), ('такие', '-100'), ('песчанные', 'E'), ('бури', '-100'), ('пыли', '-100'), ('много', '-100')]"
"[('а', '-100'), ('кулеш', 'D'), ('этот', '-100'), ('в', '-100'), ('чугунках', 'D'), ('варили', '-100')]"
"[('нам', '-100'), ('вот', '-100'), ('говорили', '-100'), ('ещё', '-100'), ('что', '-100'), ('вот', '-100'), ('металические', 'E'), ('штуки', '-100'), ('покупали', '-100'), ('а', '-100'), ('черенки', '-100'), ('сами', '-100'), ('вырезали', '-100')]"
"[('а', '-100'), ('чем', '-100'), ('вот', '-100'), ('там', '-100'), ('какой', '-100'), ('астью', 'D'), ('растения', '-100')]"
"[('а', '-100'), ('значит', '-100'), ('горох', '-100'), ('значит', '-100'), ('вот', '-100'), ('у', '-100'), ('них', '-100'), ('есть', '-100'), ('струки', 'D'), ('у', '-100'), ('гороха', '-100'), ('а', '-100'), ('ещё', '-100'), ('остальные', '-100'), ('части', '-100'), ('как', '-100'), ('называются', '-100')]"
"[('ну', '-100'), ('вот', '-100'), ('это', '-100'), ('струк', 'D'), ('то', '-100'), ('где', '-100'), ('эти', '-100'), ('бобы', '-100')]"
"[('суяная', 'D'), ('овца', '-100'), ('как', '-100'), ('ещё', '-100'), ('раз', '-100')]"
"[('поросилась', 'D')]"
"[('а', '-100'), ('вот', '-100'), ('мы', '-100'), ('тоже', '-100'), ('слышали', '-100'), ('что', '-100'), ('клюква', '-100'), ('растёт', '-100'), ('на', '-100'), ('лядине', 'D')]"
"[('но', '-100'), ('вы', '-100'), ('говорили', '-100'), ('раньше', '-100'), ('вы', '-100'), ('не', '-100'), ('видали', 'D'), ('медведей', '-100')]"
"[('а', '-100'), ('вот', '-100'), ('мы', '-100'), ('несколько', '-100'), ('слов', '-100'), ('здесь', '-100'), ('слышали', '-100'), ('вот', '-100'), ('вы', '-100'), ('сами', '-100'), ('так', '-100'), ('можете', '-100'), ('сказать', '-100'), ('вот', '-100'), ('есть', '-100'), ('слово', '-100'), ('допустим', '-100'), ('легоше', 'D'), ('слышали', '-100'), ('такое', '-100')]"
"[('а', '-100'), ('как', '-100'), ('вам', '-100'), ('кажется', '-100'), ('как', '-100'), ('правильно', '-100'), ('легче', '-100'), ('или', '-100'), ('легчее', 'D')]"
"[('ну', '-100'), ('вот', '-100'), ('мы', '-100'), ('слышали', '-100'), ('так', '-100'), ('говорят', '-100'), ('легчей', 'D')]"
"[('вот', '-100'), ('легче', '-100'), ('есть', '-100'), ('проще', '-100'), ('легче', '-100'), ('а', '-100'), ('некоторые', '-100'), ('говорят', '-100'), ('легчей', 'D')]"
"[('да', '-100'), ('крепоше', 'D')]"
"[('а', '-100'), ('он', '-100'), ('чёрный', '-100'), ('сикаха', 'D'), ('или', '-100'), ('красный', '-100')]"
"[('ой', '-100'), ('ты', '-100'), ('куда', '-100'), ('пошол', 'E'), ('ась', 'D'), ('дождь', '-100'), ('начнется', '-100'), ('промочишь', '-100'), ('ноги', '-100'), ('а', '-100'), ('я', '-100'), ('тебе', '-100'), ('потом', '-100'), ('компрессы', '-100'), ('ставить', '-100'), ('буду', '-100')]"
"[('ну', '-100'), ('ты', '-100'), ('остоновись', 'E'), ('внучок', '-100'), ('что', '-100'), ('ты', '-100'), ('так', '-100'), ('бегаешь', '-100'), ('как', '-100'), ('угорелый', '-100')]"
"[('запечи', 'E'), ('милая', '-100'), ('картошечки', '-100'), ('на', '-100'), ('обед', '-100'), ('с', '-100'), ('грибами', '-100'), ('вкуснее', '-100'), ('будет', '-100')]"
"[('ахватил', 'E'), ('ты', '-100'), ('там', '-100'), ('сынок', '-100'), ('хлеба', '-100'), ('на', '-100'), ('обратный', '-100'), ('путь', '-100'), ('не', '-100'), ('забудь', '-100'), ('погода', '-100'), ('непредсказуемая', '-100')]"
"[('ну', '-100'), ('и', '-100'), ('скушно', 'E'), ('же', '-100'), ('бабушка', '-100'), ('сидеть', '-100'), ('тут', '-100'), ('может', '-100'), ('в', '-100'), ('огороде', '-100'), ('чтонибудь', '-100'), ('посадим', '-100')]"
"[('это', '-100'), ('неправдо', 'E'), ('я', '-100'), ('не', '-100'), ('виноват', '-100')]"
"[('мне', '-100'), ('очнь', 'E'), ('нравится', '-100'), ('эта', '-100'), ('песня', '-100')]"
"[('я', '-100'), ('незнаю', 'E'), ('где', '-100'), ('находится', '-100'), ('ближайший', '-100'), ('магазин', '-100')]"
"[('раскажи', 'E'), ('милок', '-100'), ('как', '-100'), ('там', '-100'), ('дела', '-100'), ('в', '-100'), ('городе', '-100'), ('всё', '-100'), ('ли', '-100'), ('хорошо', '-100')]"
"[('эй', '-100'), ('баышка', 'E'), ('где', '-100'), ('мой', '-100'), ('платок', '-100'), ('уж', '-100'), ('дую', '-100'), ('нос', '-100'), ('третий', '-100'), ('раз', '-100'), ('в', '-100'), ('твою', '-100'), ('фарту', 'D')]"
"[('чего', '-100'), ('ты', '-100'), ('глодный', 'E'), ('сидишь', '-100'), ('внучок', '-100'), ('пойди', '-100'), ('суп', '-100'), ('ухи', '-100'), ('хлебни', '-100')]"
"[('глянька', '-100'), ('рассадака', 'E'), ('пошла', '-100'), ('как', '-100'), ('будет', '-100'), ('что', '-100'), ('на', '-100'), ('зиму', '-100'), ('закрыть', '-100')]"
"[('ты', '-100'), ('бы', '-100'), ('лучше', '-100'), ('курточку', '-100'), ('надел', '-100'), ('ветер', '-100'), ('холотный', 'E'), ('нынче', '-100')]"
"[('да', '-100'), ('зайжите', 'E'), ('посидим', '-100'), ('малость', '-100'), ('чего', '-100'), ('вы', '-100'), ('вечно', '-100'), ('мимо', '-100'), ('бегаете', '-100')]"
"[('ты', '-100'), ('врмя', 'E'), ('своё', '-100'), ('береги', '-100'), ('а', '-100'), ('то', '-100'), ('потом', '-100'), ('никакого', '-100'), ('здоровья', '-100'), ('не', '-100'), ('хватит', '-100')]"
"[('чайку', '-100'), ('попей', '-100'), ('у', '-100'), ('меня', '-100'), ('тут', '-100'), ('чтото', '-100'), ('интереснрое', 'E'), ('есть', '-100'), ('для', '-100'), ('тебя', '-100')]"
"[('эх', '-100'), ('подоумаешь', 'E'), ('что', '-100'), ('сто', '-100'), ('рублей', '-100'), ('вон', '-100'), ('раньше', '-100'), ('копейки', '-100'), ('были', '-100'), ('и', '-100'), ('то', '-100'), ('радовались', '-100')]"
"[('небось', '-100'), ('петучка', 'E'), ('надоже', 'E'), ('завести', '-100'), ('а', '-100'), ('то', '-100'), ('курицы', '-100'), ('где', '-100'), ('яйца', '-100'), ('будут', '-100'), ('брать', '-100')]"
"[('и', '-100'), ('он', '-100'), ('вернеться', 'E'), ('никуда', '-100'), ('не', '-100'), ('денется', '-100'), ('такой', '-100'), ('уж', '-100'), ('характер', '-100')]"
"[('ну', '-100'), ('скорей', 'E'), ('сюда', '-100'), ('тащика', '-100'), ('у', '-100'), ('нас', '-100'), ('обед', '-100'), ('уж', '-100'), ('на', '-100'), ('исходе', '-100')]"
"[('ох', '-100'), ('огурчикито', '-100'), ('хрустяируют', 'E'), ('аж', '-100'), ('за', '-100'), ('ушами', '-100'), ('трещит', '-100')]"
"[('чего', '-100'), ('так', '-100'), ('уше', 'E'), ('смотришьто', '-100'), ('вот', '-100'), ('глаза', '-100'), ('не', '-100'), ('испорть', '-100'), ('внучек', '-100')]"
"[('да', '-100'), ('ты', '-100'), ('сейчасет', 'E'), ('покушай', '-100'), ('потом', '-100'), ('уж', '-100'), ('дело', '-100'), ('делать', '-100'), ('станешь', '-100')]"
"[('глянь', '-100'), ('трогнишь', 'E'), ('тут', '-100'), ('всё', '-100'), ('а', '-100'), ('потом', '-100'), ('не', '-100'), ('соберёшь', '-100'), ('обратно', '-100')]"
"[('дряной', '-100'), ('парень', '-100'), ('всё', '-100'), ('село', '-100'), ('выжьешь', 'E'), ('тут', '-100'), ('с', '-100'), ('такими', '-100'), ('выходками', '-100')]"
"[('много', '-100'), ('достигнула', 'E'), ('а', '-100'), ('толкуто', '-100'), ('землю', '-100'), ('пахать', '-100'), ('не', '-100'), ('умеешь', '-100'), ('всё', '-100'), ('равно', '-100')]"
"[('както', '-100'), ('у', '-100'), ('нас', '-100'), ('весёло', 'E'), ('было', '-100'), ('и', '-100'), ('плясали', '-100'), ('и', '-100'), ('пели', '-100'), ('за', '-100'), ('столом', '-100')]"
"[('ты', '-100'), ('чего', '-100'), ('это', '-100'), ('недовит', 'E'), ('сидишь', '-100'), ('ходил', '-100'), ('бы', '-100'), ('лучше', '-100'), ('по', '-100'), ('улицето', '-100')]"
"[('вот', '-100'), ('такой', '-100'), ('метсец', 'E'), ('и', '-100'), ('дожди', '-100'), ('пойдут', '-100'), ('а', '-100'), ('тут', '-100'), ('и', '-100'), ('урожай', '-100'), ('весь', '-100'), ('накроется', '-100')]"
"[('хватит', '-100'), ('там', '-100'), ('в', '-100'), ('земле', '-100'), ('копаться', '-100'), ('замараться', 'E'), ('–', '-100'), ('не', '-100'), ('отмоешь', '-100')]"
"[('ну', '-100'), ('картучу', 'E'), ('я', '-100'), ('насадила', '-100'), ('а', '-100'), ('кто', '-100'), ('будет', '-100'), ('окучивать', '-100'), ('её', '-100')]"
"[('кушай', '-100'), ('супр', 'E'), ('внучек', '-100'), ('с', '-100'), ('утятиной', '-100'), ('я', '-100'), ('ж', '-100'), ('сварила', '-100')]"
"[('да', '-100'), ('ну', '-100'), ('смотри', '-100'), ('птолок', 'E'), ('уж', '-100'), ('весь', '-100'), ('в', '-100'), ('паутине', '-100'), ('убраться', '-100'), ('бы', '-100'), ('надо', '-100')]"
"[('сорвала', '-100'), ('я', '-100'), ('тебе', '-100'), ('огрец', 'E'), ('свеженький', '-100'), ('на', '-100'), ('вот', '-100'), ('кушай', '-100')]"
"[('с', '-100'), ('капусты', '-100'), ('наварила', '-100'), ('а', '-100'), ('кочериожка', 'E'), ('глянь', '-100'), ('какая', '-100')]"
"[('чего', '-100'), ('ты', '-100'), ('там', '-100'), ('расстелаешь', 'E'), ('коврик', '-100'), ('на', '-100'), ('песок', '-100'), ('что', '-100'), ('ли', '-100')]"
"[('вот', '-100'), ('же', '-100'), ('раньше', '-100'), ('дываны', 'E'), ('добрые', '-100'), ('делали', '-100'), ('не', '-100'), ('было', '-100'), ('жалобы', '-100'), ('застелить', '-100')]"
"[('слышь', '-100'), ('какой', '-100'), ('ливл', 'E'), ('пошёл', '-100'), ('беги', '-100'), ('собирай', '-100'), ('всё', '-100'), ('с', '-100'), ('двора', '-100')]"
"[('вон', '-100'), ('смотри', '-100'), ('опять', '-100'), ('ишел', 'E'), ('ппванный', 'E'), ('петрович', '-100'), ('что', '-100'), ('с', '-100'), ('него', '-100'), ('взять', '-100')]"
"[('да', '-100'), ('ну', '-100'), ('его', '-100'), ('садвать', 'E'), ('яйца', '-100'), ('всяким', '-100'), ('предприимчивым', '-100')]"
"[('он', '-100'), ('у', '-100'), ('нас', '-100'), ('был', '-100'), ('учытель', 'E'), ('да', '-100'), ('как', '-100'), ('уехал', '-100'), ('никто', '-100'), ('и', '-100'), ('не', '-100'), ('учит', '-100')]"
"[('там', '-100'), ('на', '-100'), ('печи', '-100'), ('кастрюлюка', 'E'), ('стоит', '-100'), ('не', '-100'), ('забудь', '-100'), ('пожалуйста', '-100')]"
"[('купил', '-100'), ('я', '-100'), ('тебе', '-100'), ('колбая', 'E'), ('кусочек', '-100'), ('да', '-100'), ('вот', '-100'), ('к', '-100'), ('чаю', '-100'), ('порежем', '-100')]"
"[('изза', '-100'), ('дождевого', 'D'), ('лета', '-100'), ('и', '-100'), ('полоды', 'E'), ('все', '-100'), ('подпорченные', '-100')]"
"[('лучше', '-100'), ('уж', '-100'), ('пить', '-100'), ('молокко', 'E'), ('от', '-100'), ('своих', '-100'), ('коров', '-100'), ('чем', '-100'), ('покупное', '-100')]"
"[('наша', '-100'), ('яблоннячка', 'E'), ('нынче', '-100'), ('цветёт', '-100'), ('плодов', '-100'), ('будет', '-100'), ('многа', 'D')]"
"[('дед', '-100'), ('уж', '-100'), ('спек', '-100'), ('баранка', 'E'), ('к', '-100'), ('чаю', '-100'), ('да', '-100'), ('свечи', '-100'), ('зажгли', '-100')]"
"[('включай', '-100'), ('самоварк', 'E'), ('сейчас', '-100'), ('чаи', '-100'), ('будем', '-100'), ('гонять', '-100')]"
"[('ой', '-100'), ('гляди', '-100'), ('как', '-100'), ('огоньто', '-100'), ('разгорался', 'E')]"
"[('чтото', '-100'), ('они', '-100'), ('долго', '-100'), ('жарит', 'E'), ('картошечка', '-100'), ('и', '-100'), ('не', '-100'), ('подрумялась', '-100')]"
"[('эх', '-100'), ('да', '-100'), ('неужели', '-100'), ('без', '-100'), ('хлеб', 'E'), ('даже', '-100'), ('не', '-100'), ('вкусно', '-100'), ('а', '-100')]"
"[('маша', '-100'), ('взяли', 'E'), ('пирог', '-100'), ('с', '-100'), ('собой', '-100'), ('так', '-100'), ('давай', '-100'), ('её', '-100'), ('дожидаться', '-100')]"
"[('у', '-100'), ('нас', '-100'), ('в', '-100'), ('домето', '-100'), ('не', '-100'), ('хаотит', 'E'), ('так', '-100'), ('и', '-100'), ('спишь', '-100'), ('под', '-100'), ('одеялом', '-100'), ('как', '-100'), ('в', '-100'), ('бане', '-100')]"
"[('как', '-100'), ('же', '-100'), ('снегам', 'E'), ('у', '-100'), ('нас', '-100'), ('нынче', '-100'), ('много', '-100'), ('ах', '-100'), ('как', '-100'), ('жалко', '-100'), ('что', '-100'), ('времени', '-100'), ('нет', '-100'), ('убрать', '-100')]"
"[('да', '-100'), ('натерем', 'E'), ('мы', '-100'), ('бабка', '-100'), ('картошечки', '-100'), ('не', '-100'), ('жалей', '-100'), ('что', '-100'), ('вон', '-100'), ('растёт', '-100')]"
"[('она', '-100'), ('плевали', 'E'), ('на', '-100'), ('меня', '-100'), ('когда', '-100'), ('я', '-100'), ('ела', '-100'), ('с', '-100'), ('горчицей', '-100'), ('фуу', '-100')]"
"[('да', '-100'), ('ненадо', 'E'), ('пугать', '-100'), ('пришел', '-100'), ('просто', '-100'), ('сказать', '-100'), ('по', '-100'), ('делу', '-100')]"
"[('то', '-100'), ('твой', '-100'), ('паросёнок', 'E'), ('а', '-100'), ('очень', '-100'), ('зол', '-100'), ('даже', '-100'), ('вон', '-100'), ('стоит', '-100')]"
"[('надо', '-100'), ('бы', '-100'), ('спустимся', 'E'), ('к', '-100'), ('колодцу', '-100'), ('воды', '-100'), ('нету', 'D'), ('совсем', '-100')]"
"[('летом', '-100'), ('пыкло', 'E'), ('и', '-100'), ('пыльно', '-100'), ('да', '-100'), ('всё', '-100'), ('зноем', '-100'), ('жара', '-100')]"
"[('проще', '-100'), ('всего', '-100'), ('с', '-100'), ('вами', '-100'), ('но', '-100'), ('с', '-100'), ('нам', 'E'), ('кто', '-100'), ('надеется', '-100')]"
"[('обещаю', '-100'), ('я', '-100'), ('приду', 'E'), ('а', '-100'), ('только', '-100'), ('нужно', '-100'), ('ждать', '-100')]"
"[('у', '-100'), ('нас', '-100'), ('овощи', '-100'), ('растет', 'E'), ('ох', '-100'), ('и', '-100'), ('богатый', '-100'), ('этот', '-100'), ('год', '-100')]"
"[('оформление', '-100'), ('чеерез', 'E'), ('интернет', '-100'), ('было', '-100'), ('достаточно', '-100'), ('удобным', '-100'), ('и', '-100'), ('быстрым', '-100')]"
"[('у', '-100'), ('него', '-100'), ('был', '-100'), ('првильный', 'E'), ('ответ', '-100'), ('на', '-100'), ('все', '-100'), ('вопросы', '-100'), ('учителя', '-100')]"
"[('образованию', 'E'), ('в', '-100'), ('нашей', '-100'), ('стране', '-100'), ('требует', '-100'), ('много', '-100'), ('времени', '-100'), ('и', '-100'), ('усилий', '-100')]"
"[('мне', '-100'), ('очень', '-100'), ('интересен', '-100'), ('ваш', '-100'), ('вапрос', 'E'), ('о', '-100'), ('будущем', '-100'), ('технологий', '-100')]"
"[('его', '-100'), ('рассказ', '-100'), ('о', '-100'), ('путешествиях', '-100'), ('был', '-100'), ('интиресный', 'E'), ('и', '-100'), ('увлекательный', '-100')]"
"[('эта', '-100'), ('порвода', 'E'), ('собак', '-100'), ('отличается', '-100'), ('дружелюбным', '-100'), ('характером', '-100')]"
"[('навено', 'E'), ('этот', '-100'), ('фильм', '-100'), ('станет', '-100'), ('хитом', '-100'), ('на', '-100'), ('фестивале', '-100')]"
"[('свороменный', 'E'), ('подход', '-100'), ('к', '-100'), ('обучению', '-100'), ('привлекает', '-100'), ('большое', '-100'), ('количество', '-100'), ('студентов', '-100')]"
"[('извените', 'E'), ('я', '-100'), ('не', '-100'), ('могу', '-100'), ('вам', '-100'), ('помочь', '-100'), ('с', '-100'), ('этой', '-100'), ('задачей', '-100')]"
"[('она', '-100'), ('любит', '-100'), ('раассказывать', 'E'), ('о', '-100'), ('своих', '-100'), ('приключениях', '-100'), ('в', '-100'), ('путешествиях', '-100')]"
"[('факртический', 'E'), ('материал', '-100'), ('который', '-100'), ('ты', '-100'), ('предоставил', '-100'), ('очень', '-100'), ('полезен', '-100')]"
"[('можешь', '-100'), ('объсянить', 'E'), ('почему', '-100'), ('ты', '-100'), ('решил', '-100'), ('так', '-100'), ('поступить', '-100')]"
"[('пажалуста', 'E'), ('подскажи', '-100'), ('мне', '-100'), ('как', '-100'), ('добраться', '-100'), ('до', '-100'), ('центра', '-100'), ('города', '-100')]"
"[('кроме', '-100'), ('того', '-100'), ('жи', 'E'), ('мы', '-100'), ('обсудим', '-100'), ('другие', '-100'), ('важные', '-100'), ('вопросы', '-100'), ('на', '-100'), ('встрече', '-100')]"
"[('я', '-100'), ('хочу', '-100'), ('начати', 'E'), ('новый', '-100'), ('проект', '-100'), ('в', '-100'), ('следующем', '-100'), ('месяце', '-100')]"
"[('можешь', '-100'), ('сделать', '-100'), ('это', '-100'), ('в', '-100'), ('кораткий', 'E'), ('срок', '-100')]"
"[('я', '-100'), ('надеюсь', '-100'), ('найти', '-100'), ('когото', '-100'), ('когбудь', 'E'), ('кто', '-100'), ('разделит', '-100'), ('мои', '-100'), ('интересы', '-100')]"
"[('для', '-100'), ('получения', '-100'), ('информации', '-100'), ('нужно', '-100'), ('плучить', 'E'), ('соответствующий', '-100'), ('доступ', '-100')]"
"[('это', '-100'), ('необходи', 'E'), ('условие', '-100'), ('для', '-100'), ('успешного', '-100'), ('выполнения', '-100'), ('задания', '-100')]"
"[('тётка', '-100'), ('нет', '-100'), ('ли', '-100'), ('у', '-100'), ('тебя', '-100'), ('хоть', '-100'), ('какойнибудь', '-100'), ('заплатчки', 'E'), ('хоть', '-100'), ('маленькой', '-100')]"
"[('а', '-100'), ('оо', '-100'), ('кабы', '-100'), ('мнее', 'E'), ('не', '-100'), ('сделать', '-100'), ('операцию', '-100'), ('дак', 'D'), ('я', '-100'), ('бы', '-100'), ('давно', '-100'), ('загнулася', 'D'), ('была', '-100')]"
"[('а', '-100'), ('то', '-100'), ('ещё', '-100'), ('в', '-100'), ('углу', '-100'), ('насидишся', 'E'), ('слепая', '-100')]"
"[('а', '-100'), ('бабушка', '-100'), ('бабушка', '-100'), ('ещё', '-100'), ('уговариваетт', 'E'), ('ты', '-100'), ('больше', '-100'), ('дитятко', 'D'), ('эк', 'D'), ('не', '-100'), ('говори', '-100'), ('раньше', '-100'), ('ведь', '-100'), ('нельзя', '-100'), ('было', '-100'), ('ты', '-100'), ('дитятко', 'D'), ('это', '-100'), ('больше', '-100'), ('не', '-100'), ('говори', '-100'), ('нельзя', '-100')]"
"[('вот', '-100'), ('потом', '-100'), ('бабушка', '-100'), ('сдала', '-100'), ('мамка', '-100'), ('ещё', '-100'), ('работала', '-100'), ('потом', '-100'), ('пошла', '-100'), ('на', '-100'), ('пенсию', '-100'), ('они', '-100'), ('конечно', '-100'), ('тоже', '-100'), ('опять', '-100'), ('начали', '-100'), ('хозяйство', '-100'), ('держатт', 'E')]"
"[('прапрадедов', '-100'), ('там', '-100'), ('я', '-100'), ('особото', '-100'), ('и', '-100'), ('не', '-100'), ('знаю', '-100'), ('знаю', '-100'), ('что', '-100'), ('как', '-100'), ('бы', '-100'), ('были', '-100'), ('крепкие', '-100'), ('всё', '-100'), ('норнально', 'E')]"
"[('у', '-100'), ('меня', '-100'), ('–', '-100'), ('я', '-100'), ('пошёл', '-100'), ('учиться', 'E'), ('стипендияя', '-100'), ('была', '-100'), ('пятьдесят', '-100'), ('так', '-100'), ('что', '-100'), ('а', '-100'), ('работали', '-100')]"
"[('а', '-100'), ('раньше', '-100'), ('было', '-100'), ('с', '-100'), ('травой', '-100'), ('здесь', '-100'), ('вообще', '-100'), ('да', '-100'), ('сейчас', '-100'), ('буряян', 'E'), ('всё', '-100'), ('заросло', '-100')]"
"[('или', '-100'), ('дерево', '-100'), ('у', '-100'), ('тебя', '-100'), ('ни', '-100'), ('с', '-100'), ('того', '-100'), ('ни', '-100'), ('сего', '-100'), ('засохнеть', 'E'), ('что', '-100'), ('как', '-100'), ('говорится', '-100'), ('налоговая', '-100'), ('база', '-100')]"
"[('я', '-100'), ('это', '-100'), ('ещё', '-100'), ('подредактываю', 'E'), ('и', '-100'), ('тогда', '-100'), ('отправлю', '-100')]"
"[('да', '-100'), ('ты', '-100'), ('посмотри', '-100'), ('каризна', 'E'), ('у', '-100'), ('нас', '-100'), ('тут', '-100'), ('какая', '-100'), ('висит', '-100')]"
"[('ну', '-100'), ('на', '-100'), ('новый', '-100'), ('год', '-100'), ('в', '-100'), ('этом', '-100'), ('году', '-100'), ('решили', '-100'), ('украситьт', 'E'), ('всю', '-100'), ('ёлку', '-100')]"
"[('да', '-100'), ('какое', '-100'), ('у', '-100'), ('него', '-100'), ('оброзование', 'E'), ('тоже', '-100'), ('мне', '-100'), ('профессор', '-100')]"
"[('нам', '-100'), ('нужно', '-100'), ('росписатьт', 'E'), ('план', '-100'), ('на', '-100'), ('следующую', '-100'), ('неделю', '-100')]"
"[('а', '-100'), ('план', '-100'), ('такой', '-100'), ('что', '-100'), ('нашей', '-100'), ('будующая', 'E'), ('жизнь', '-100'), ('будет', '-100'), ('сильно', '-100'), ('отличаться', '-100')]"
"[('ладно', '-100'), ('ложите', 'D'), ('ещё', '-100'), ('картошчка', 'E'), ('пока', '-100'), ('горячая', '-100')]"
"[('сколько', '-100'), ('долговов', 'E'), ('у', '-100'), ('него', '-100'), ('по', '-100'), ('кредитам', '-100'), ('ух', '-100')]"
"[('давай', '-100'), ('тогда', '-100'), ('эту', '-100'), ('посудишка', 'E'), ('на', '-100'), ('место', '-100'), ('уберём', '-100')]"
"[('а', '-100'), ('если', '-100'), ('ветер', '-100'), ('вдруг', '-100'), ('сильный', '-100'), ('подует', '-100'), ('крышу', '-100'), ('сорветь', 'E')]"
"[('он', '-100'), ('у', '-100'), ('нас', '-100'), ('тут', '-100'), ('самый', '-100'), ('лучший', '-100'), ('клиенто', 'E')]"
"[('в', '-100'), ('прашлой', 'E'), ('жизни', '-100'), ('я', '-100'), ('наверное', '-100'), ('рыбаком', '-100'), ('был', '-100')]"
"[('честно', '-100'), ('скажу', '-100'), ('не', '-100'), ('всё', '-100'), ('отпраленное', 'E'), ('добралось', '-100'), ('до', '-100'), ('адресата', '-100')]"
"[('да', '-100'), ('не', '-100'), ('надо', '-100'), ('мне', '-100'), ('каждый', '-100'), ('раз', '-100'), ('звонетть', 'E'), ('я', '-100'), ('и', '-100'), ('так', '-100'), ('приду', '-100'), ('вовремя', '-100')]"
"[('ты', '-100'), ('премерьте', 'E'), ('это', '-100'), ('платье', '-100'), ('а', '-100'), ('я', '-100'), ('пока', '-100'), ('посмотрю', '-100'), ('обувь', '-100')]"
"[('да', '-100'), ('ты', '-100'), ('нацыркалась', 'D'), ('я', '-100'), ('смотрю', '-100'), ('на', '-100'), ('этом', '-100'), ('велосипеде', '-100')]"
"[('вон', '-100'), ('там', '-100'), ('в', '-100'), ('углу', '-100'), ('привидениее', 'E'), ('стояло', '-100'), ('честное', '-100'), ('слово', '-100')]"
"[('она', '-100'), ('себе', '-100'), ('это', '-100'), ('платье', '-100'), ('купилаа', 'E'), ('но', '-100'), ('ни', '-100'), ('разу', '-100'), ('не', '-100'), ('надела', '-100')]"
"[('соседка', '-100'), ('себе', '-100'), ('все', '-100'), ('ногти', '-100'), ('обрызала', 'E')]"
"[('он', '-100'), ('рассказал', '-100'), ('мне', '-100'), ('удивительную', '-100'), ('история', 'E'), ('из', '-100'), ('своей', '-100'), ('жизни', '-100')]"
"[('в', '-100'), ('парке', '-100'), ('я', '-100'), ('увидел', '-100'), ('смешную', '-100'), ('белка', 'E'), ('она', '-100'), ('бегала', '-100'), ('по', '-100'), ('деревьям', '-100')]"
"[('она', '-100'), ('быстро', '-100'), ('сдклала', 'E'), ('свою', '-100'), ('работу', '-100'), ('и', '-100'), ('ушла', '-100'), ('домой', '-100')]"
"[('у', '-100'), ('него', '-100'), ('настоящий', '-100'), ('художнический', '-100'), ('терант', 'E')]"
"[('на', '-100'), ('нашей', '-100'), ('улце', 'E'), ('всегда', '-100'), ('тихо', '-100'), ('и', '-100'), ('спокойно', '-100')]"
"[('все', '-100'), ('дети', '-100'), ('в', '-100'), ('нашей', '-100'), ('семье', '-100'), ('здороы', 'E'), ('и', '-100'), ('счастливы', '-100')]"
"[('мой', '-100'), ('дввоюродный', 'E'), ('брат', '-100'), ('приехал', '-100'), ('к', '-100'), ('нам', '-100'), ('в', '-100'), ('гости', '-100')]"
"[('свежее', '-100'), ('малоко', 'E'), ('доставляют', '-100'), ('каждое', '-100'), ('утро', '-100')]"
"[('он', '-100'), ('поступил', '-100'), ('в', '-100'), ('престижный', '-100'), ('унверситет', 'E'), ('в', '-100'), ('прошлом', '-100'), ('году', '-100')]"
"[('надо', '-100'), ('было', '-100'), ('успет', 'E'), ('на', '-100'), ('последний', '-100'), ('автобус', '-100')]"
"[('у', '-100'), ('машины', '-100'), ('были', '-100'), ('проколоты', '-100'), ('калеса', 'E')]"
"[('она', '-100'), ('испекла', '-100'), ('вкусные', '-100'), ('пиченья', 'E'), ('к', '-100'), ('чаю', '-100')]"
"[('школьные', '-100'), ('знятия', 'E'), ('начнутся', '-100'), ('в', '-100'), ('сентябре', '-100')]"
"[('мне', '-100'), ('очень', '-100'), ('понравился', '-100'), ('этот', '-100'), ('новый', '-100'), ('жалек', 'E')]"
"[('наш', '-100'), ('местный', '-100'), ('метереолог', 'E'), ('предсказал', '-100'), ('хорошую', '-100'), ('погоду', '-100')]"
"[('осталось', '-100'), ('всего', '-100'), ('несколько', '-100'), ('днеи', 'E'), ('до', '-100'), ('праздника', '-100')]"
"[('это', '-100'), ('прследний', 'E'), ('шанс', '-100'), ('всё', '-100'), ('исправить', '-100')]"
"[('он', '-100'), ('офирма', 'E'), ('документы', '-100'), ('и', '-100'), ('отправил', '-100'), ('их', '-100'), ('почтой', '-100')]"
"[('старый', '-100'), ('сторяж', 'E'), ('весь', '-100'), ('день', '-100'), ('сидел', '-100'), ('у', '-100'), ('ворот', '-100')]"
"[('мы', '-100'), ('посмотрели', '-100'), ('очень', '-100'), ('смешои', 'E'), ('фильм', '-100'), ('вместе', '-100')]"
"[('в', '-100'), ('древности', '-100'), ('здесь', '-100'), ('была', '-100'), ('римская', '-100'), ('калония', 'E')]"
"[('мы', '-100'), ('наблюдали', '-100'), ('совезды', 'E'), ('через', '-100'), ('телескоп', '-100')]"
"[('в', '-100'), ('шкафу', '-100'), ('лежали', '-100'), ('пустые', '-100'), ('памчки', 'E')]"
"[('ускдка', 'E'), ('была', '-100'), ('окружена', '-100'), ('красивыми', '-100'), ('деревьями', '-100')]"
"[('ему', '-100'), ('пришлось', '-100'), ('жати', 'E'), ('у', '-100'), ('родственников', '-100'), ('несколько', '-100'), ('месяцев', '-100')]"
"[('вечером', '-100'), ('на', '-100'), ('улице', '-100'), ('загорелся', '-100'), ('старый', '-100'), ('фенер', 'E')]"
"[('мой', '-100'), ('дедушка', '-100'), ('был', '-100'), ('салдат', 'E'), ('в', '-100'), ('армии', '-100')]"
"[('он', '-100'), ('собрал', '-100'), ('коллекцию', '-100'), ('старинных', '-100'), ('култер', 'E')]"
"[('у', '-100'), ('него', '-100'), ('много', '-100'), ('хороших', '-100'), ('друсей', 'E')]"
"[('в', '-100'), ('детстве', '-100'), ('она', '-100'), ('прочитала', '-100'), ('много', '-100'), ('ромат', 'E')]"
"[('он', '-100'), ('положил', '-100'), ('руку', '-100'), ('на', '-100'), ('её', '-100'), ('пличе', 'E'), ('успокаивая', '-100')]"
"[('на', '-100'), ('стене', '-100'), ('висела', '-100'), ('красивая', '-100'), ('корттинка', 'E'), ('с', '-100'), ('пейзажем', '-100')]"
"[('у', '-100'), ('него', '-100'), ('в', '-100'), ('комнате', '-100'), ('стоит', '-100'), ('настолная', 'E'), ('лампа', '-100')]"
"[('он', '-100'), ('подарил', '-100'), ('ей', '-100'), ('шоколадной', 'E'), ('торт', '-100'), ('на', '-100'), ('день', '-100'), ('рождения', '-100')]"
"[('она', '-100'), ('приобрела', '-100'), ('оригинл', 'E'), ('картины', '-100'), ('у', '-100'), ('известного', '-100'), ('художника', '-100')]"
"[('в', '-100'), ('комнате', '-100'), ('всегда', '-100'), ('был', '-100'), ('полный', '-100'), ('пораток', 'E')]"
"[('вчера', '-100'), ('вечером', '-100'), ('мы', '-100'), ('слушали', '-100'), ('прекрасную', '-100'), ('симмфонию', 'E')]"
"[('мы', '-100'), ('посетили', '-100'), ('новый', '-100'), ('спектакль', '-100'), ('в', '-100'), ('городском', '-100'), ('театоре', 'E')]"
"[('у', '-100'), ('автомобиля', '-100'), ('сломался', '-100'), ('двигеталь', 'E'), ('и', '-100'), ('он', '-100'), ('не', '-100'), ('мог', '-100'), ('ехать', '-100')]"
"[('древние', '-100'), ('науки', '-100'), ('такие', '-100'), ('как', '-100'), ('алхими', 'E'), ('всегда', '-100'), ('ее', '-100'), ('интересовали', '-100')]"
"[('весь', '-100'), ('двор', '-100'), ('надеялся', '-100'), ('на', '-100'), ('хорошую', '-100'), ('погоду', '-100'), ('на', '-100'), ('дожор', 'E')]"
"[('на', '-100'), ('новогодние', '-100'), ('праздники', '-100'), ('она', '-100'), ('всегда', '-100'), ('дари', 'E'), ('всем', '-100'), ('своим', '-100'), ('друзьям', '-100'), ('книги', '-100')]"
"[('у', '-100'), ('нее', '-100'), ('была', '-100'), ('секретиная', 'E'), ('коробочка', '-100'), ('с', '-100'), ('детскими', '-100'), ('воспоминаниями', '-100')]"
"[('старинная', '-100'), ('жухта', 'E'), ('была', '-100'), ('укрыта', '-100'), ('в', '-100'), ('лесу', '-100')]"
"[('у', '-100'), ('офиса', '-100'), ('компании', '-100'), ('были', '-100'), ('предусмотрены', '-100'), ('талани', 'E'), ('на', '-100'), ('обед', '-100')]"
"[('мой', '-100'), ('основый', 'E'), ('принцип', '-100'), ('—', '-100'), ('честность', '-100'), ('и', '-100')]"
"[('у', '-100'), ('нее', '-100'), ('на', '-100'), ('шее', '-100'), ('висел', '-100'), ('красивый', '-100'), ('кллон', 'E')]"
"[('в', '-100'), ('древности', '-100'), ('этот', '-100'), ('амфитеатор', 'E'), ('был', '-100'), ('местом', '-100'), ('гладиаторских', '-100'), ('боев', '-100')]"
"[('летом', '-100'), ('мы', '-100'), ('ездили', '-100'), ('на', '-100'), ('музыкальный', '-100'), ('фестифаль', 'E')]"
"[('у', '-100'), ('нас', '-100'), ('дома', '-100'), ('живет', '-100'), ('маленький', '-100'), ('котёнкок', 'E')]"
"[('дедушка', '-100'), ('рассказывал', '-100'), ('истории', '-100'), ('о', '-100'), ('своей', '-100'), ('службе', '-100'), ('моркяком', 'E')]"
"[('на', '-100'), ('столе', '-100'), ('лежала', '-100'), ('корзина', '-100'), ('с', '-100'), ('различными', '-100'), ('вкусными', '-100'), ('слдостями', 'E')]"
"[('вечером', '-100'), ('по', '-100'), ('радио', '-100'), ('играла', '-100'), ('красивая', '-100'), ('мелодиха', 'E')]"
"[('на', '-100'), ('дверях', '-100'), ('висел', '-100'), ('праздничный', '-100'), ('венокк', 'E')]"
"[('мама', '-100'), ('купила', '-100'), ('большую', '-100'), ('коризну', 'E'), ('для', '-100'), ('фруктов', '-100')]"
"[('в', '-100'), ('пустыне', '-100'), ('путники', '-100'), ('часто', '-100'), ('видят', '-100'), ('миражж', 'E')]"
"[('вдоль', '-100'), ('дороги', '-100'), ('тянулась', '-100'), ('длинная', '-100'), ('лака', 'E'), ('с', '-100'), ('сувенирами', '-100')]"
"[('на', '-100'), ('краю', '-100'), ('деревни', '-100'), ('была', '-100'), ('большая', '-100'), ('феррма', 'E')]"
"[('небо', '-100'), ('было', '-100'), ('лазрное', 'E'), ('и', '-100'), ('безоблачное', '-100')]"
"[('он', '-100'), ('всегда', '-100'), ('вел', '-100'), ('себя', '-100'), ('как', '-100'), ('настоящий', '-100'), ('джентлмэн', 'E')]"
"[('из', '-100'), ('его', '-100'), ('квартиры', '-100'), ('открывался', '-100'), ('блкон', 'E'), ('с', '-100'), ('видом', '-100'), ('на', '-100'), ('море', '-100')]"
"[('непомню', 'E'), ('я', '-100'), ('помню', '-100'), ('что', '-100'), ('всё', '-100'), ('было', '-100'), ('очень', '-100'), ('хорошо', '-100')]"
"[('надо', '-100'), ('бы', '-100'), ('попробовать', '-100'), ('встречатся', 'E'), ('с', '-100'), ('теми', '-100'), ('ребятами', '-100')]"
"[('как', '-100'), ('долго', '-100'), ('планируешь', '-100'), ('пожитьт', 'E'), ('в', '-100'), ('этом', '-100'), ('городе', '-100')]"
"[('она', '-100'), ('решила', '-100'), ('покупатся', 'E'), ('серьги', '-100'), ('для', '-100'), ('подруги', '-100')]"
"[('обязательно', '-100'), ('позвонитт', 'E'), ('когда', '-100'), ('приедет', '-100'), ('обратно', '-100')]"
"[('если', '-100'), ('будете', '-100'), ('стараться', '-100'), ('то', '-100'), ('научитес', 'E'), ('быстро', '-100')]"
"[('не', '-100'), ('забывай', '-100'), ('закрой', 'E'), ('дверь', '-100'), ('перед', '-100'), ('уходом', '-100')]"
"[('мои', '-100'), ('родители', '-100'), ('всегда', '-100'), ('погладитт', 'E'), ('бельё', '-100'), ('перед', '-100'), ('тем', '-100'), ('как', '-100'), ('выбирать', '-100')]"
"[('он', '-100'), ('точно', '-100'), ('начнётт', 'E'), ('новую', '-100'), ('работу', '-100'), ('в', '-100'), ('следующем', '-100'), ('месяце', '-100')]"
"[('иногда', '-100'), ('она', '-100'), ('хочетс', 'E'), ('просто', '-100'), ('остаться', '-100'), ('дома', '-100'), ('и', '-100'), ('никуда', '-100'), ('не', '-100'), ('идти', '-100')]"
"[('я', '-100'), ('надеюсь', '-100'), ('он', '-100'), ('оденетт', 'E'), ('чтото', '-100'), ('тёплое', '-100'), ('сегодня', '-100')]"
"[('я', '-100'), ('купила', '-100'), ('новый', '-100'), ('свитшотт', 'E'), ('на', '-100'), ('распродаже', '-100')]"
"[('он', '-100'), ('искалнр', 'E'), ('книги', '-100'), ('которые', '-100'), ('давно', '-100'), ('хотел', '-100'), ('прочитать', '-100')]"
"[('и', '-100'), ('как', '-100'), ('они', '-100'), ('говорят', 'E'), ('что', '-100'), ('изучается', '-100'), ('язык', '-100'), ('факультативно', '-100')]"
"[('уверен', '-100'), ('что', '-100'), ('она', '-100'), ('вернётт', 'E'), ('долг', '-100'), ('до', '-100'), ('конца', '-100'), ('месяца', '-100')]"
"[('он', '-100'), ('напишетт', 'E'), ('мне', '-100'), ('когда', '-100'), ('закончит', '-100'), ('свою', '-100'), ('работу', '-100')]"
"[('надо', '-100'), ('иногда', '-100'), ('просто', '-100'), ('заниматьсят', 'E'), ('своими', '-100'), ('делами', '-100')]"
"[('после', '-100'), ('работы', '-100'), ('он', '-100'), ('отдохнётт', 'E'), ('и', '-100'), ('снова', '-100'), ('вернётся', '-100'), ('к', '-100'), ('делам', '-100')]"
"[('давай', '-100'), ('лучше', '-100'), ('прогулятьсят', 'E'), ('по', '-100'), ('парку', '-100'), ('на', '-100'), ('свежем', '-100'), ('воздухе', '-100')]"
"[('вижу', '-100'), ('что', '-100'), ('он', '-100'), ('открываеть', 'E'), ('двери', '-100'), ('к', '-100'), ('новым', '-100'), ('возможностям', '-100')]"
"[('я', '-100'), ('забылаа', 'E'), ('где', '-100'), ('оставила', '-100'), ('свои', '-100'), ('ключи', '-100')]"
"[('надеюсь', '-100'), ('что', '-100'), ('дождь', '-100'), ('уйдётт', 'E'), ('к', '-100'), ('вечеру', '-100')]"
"[('эй', '-100'), ('а', '-100'), ('ты', '-100'), ('точно', '-100'), ('ему', '-100'), ('позвонишш', 'E'), ('а', '-100')]"
"[('както', '-100'), ('всё', '-100'), ('непонятнно', 'E'), ('давай', '-100'), ('по', '-100'), ('новой', '-100')]"
"[('говорят', '-100'), ('завтра', '-100'), ('соседи', '-100'), ('придуут', 'E'), ('на', '-100'), ('чай', '-100')]"
"[('смотритт', 'E'), ('на', '-100'), ('меня', '-100'), ('как', '-100'), ('будто', '-100'), ('я', '-100'), ('чтото', '-100'), ('натворила', '-100')]"
"[('страшно', '-100'), ('если', '-100'), ('мы', '-100'), ('заблудися', 'E'), ('в', '-100'), ('этом', '-100'), ('лесу', '-100'), ('честно', '-100'), ('говоря', '-100')]"
"[('у', '-100'), ('бабушки', '-100'), ('всегда', '-100'), ('всё', '-100'), ('такое', '-100'), ('вкусненькоо', 'E'), ('прямо', '-100'), ('пальчики', '-100'), ('оближешь', '-100')]"
"[('надеюсь', '-100'), ('что', '-100'), ('я', '-100'), ('тебя', '-100'), ('не', '-100'), ('позабудуу', 'E'), ('через', '-100'), ('много', '-100'), ('лет', '-100')]"
"[('когда', '-100'), ('же', '-100'), ('это', '-100'), ('мне', '-100'), ('всё', '-100'), ('уже', '-100'), ('надоестт', 'E'), ('а', '-100')]"
"[('ты', '-100'), ('не', '-100'), ('забудь', '-100'), ('закроить', 'E'), ('окна', '-100'), ('чтоб', '-100'), ('дождь', '-100'), ('не', '-100'), ('залил', '-100')]"
"[('вчера', '-100'), ('она', '-100'), ('обещала', '-100'), ('что', '-100'), ('сделаетт', 'E'), ('всё', '-100'), ('сама', '-100'), ('так', '-100'), ('что', '-100'), ('не', '-100'), ('переживай', '-100')]"
"[('как', '-100'), ('там', '-100'), ('у', '-100'), ('тебя', '-100'), ('на', '-100'), ('даче', '-100'), ('сеетт', 'E'), ('уже', '-100'), ('или', '-100'), ('ещё', '-100'), ('нет', '-100')]"
"[('уверена', '-100'), ('что', '-100'), ('завтра', '-100'), ('к', '-100'), ('нам', '-100'), ('гости', '-100'), ('пойдуут', 'E')]"
"[('я', '-100'), ('вовсе', '-100'), ('не', '-100'), ('виноватт', 'E'), ('это', '-100'), ('всё', '-100'), ('случайность', '-100')]"
"[('когда', '-100'), ('уж', '-100'), ('наконец', '-100'), ('заработаетт', 'E'), ('наш', '-100'), ('интернет', '-100'), ('надоело', '-100'), ('ждать', '-100')]"
"[('тут', '-100'), ('ктото', '-100'), ('закричитт', 'E'), ('я', '-100'), ('аж', '-100'), ('испугалась', '-100')]"
"[('ой', '-100'), ('когда', '-100'), ('мы', '-100'), ('наконец', '-100'), ('поедемт', 'E'), ('на', '-100'), ('ту', '-100'), ('экскурсию', '-100')]"
"[('на', '-100'), ('эту', '-100'), ('серию', '-100'), ('интересно', '-100'), ('смотеть', 'E'), ('даже', '-100'), ('не', '-100'), ('оторваться', '-100')]"
"[('если', '-100'), ('ты', '-100'), ('не', '-100'), ('отдохнёшь', '-100'), ('то', '-100'), ('тебя', '-100'), ('точно', '-100'), ('кинуут', 'E'), ('в', '-100'), ('работу', '-100')]"
"[('дети', '-100'), ('на', '-100'), ('площадке', '-100'), ('так', '-100'), ('весело', '-100'), ('танцуютт', 'E'), ('не', '-100'), ('могу', '-100'), ('не', '-100'), ('засмотреться', '-100')]"
"[('она', '-100'), ('точно', '-100'), ('приедитт', 'E'), ('ко', '-100'), ('времени', '-100'), ('не', '-100'), ('переживай', '-100')]"
"[('когда', '-100'), ('весной', '-100'), ('зашома', 'E'), ('сразу', '-100'), ('чувствуется', '-100'), ('жизнь', '-100')]"
"[('если', '-100'), ('дождь', '-100'), ('не', '-100'), ('прекратится', '-100'), ('он', '-100'), ('всё', '-100'), ('унесётт', 'E'), ('с', '-100'), ('собой', '-100')]"
"[('летним', '-100'), ('вечером', '-100'), ('так', '-100'), ('хочется', '-100'), ('плаватьт', 'E'), ('в', '-100'), ('реке', '-100')]"
"[('он', '-100'), ('всего', '-100'), ('лишь', '-100'), ('скажитт', 'E'), ('что', '-100'), ('думает', '-100'), ('не', '-100'), ('обижайся', '-100')]"
"[('надо', '-100'), ('както', '-100'), ('развелить', 'E'), ('друзей', '-100'), ('у', '-100'), ('них', '-100'), ('скучно', '-100')]"
"[('если', '-100'), ('не', '-100'), ('забуду', '-100'), ('то', '-100'), ('напишуут', 'E'), ('тебе', '-100'), ('сегодня', '-100')]"
"[('как', '-100'), ('часто', '-100'), ('приедут', '-100'), ('и', '-100'), ('убираютт', 'E'), ('у', '-100'), ('нас', '-100'), ('в', '-100'), ('доме', '-100')]"
"[('давай', '-100'), ('на', '-100'), ('выходных', '-100'), ('покатамся', 'E'), ('на', '-100'), ('велосипедах', '-100'), ('а', '-100')]"
"[('ты', '-100'), ('ведь', '-100'), ('смотришьт', 'E'), ('чтобы', '-100'), ('не', '-100'), ('пропустить', '-100'), ('этот', '-100'), ('момент', '-100')]"
"[('надеюсь', '-100'), ('что', '-100'), ('он', '-100'), ('долго', '-100'), ('не', '-100'), ('будет', '-100'), ('искать', '-100'), ('и', '-100'), ('найдётт', 'E'), ('сразу', '-100')]"
"[('вот', '-100'), ('это', '-100'), ('всё', '-100'), ('было', '-100'), ('надо', '-100'), ('было', '-100'), ('всё', '-100'), ('это', '-100'), ('сделать', '-100'), ('мне', '-100'), ('ну', '-100'), ('мильчишки', 'E'), ('меня', '-100'), ('выручали', '-100'), ('и', '-100'), ('я', '-100'), ('както', '-100'), ('с', '-100'), ('ними', '-100')]"
"[('уже', '-100'), ('нет', '-100'), ('нет', '-100'), ('новых', '-100'), ('такие', '-100'), ('знаете', '-100'), ('старенькие', '-100'), ('есть', '-100'), ('но', '-100'), ('я', '-100'), ('их', '-100'), ('не', '-100'), ('сцтелю', 'E'), ('сейчас', '-100'), ('вообще', '-100'), ('мне', '-100'), ('дочка', '-100'), ('говорит', '-100'), ('мама', '-100'), ('пыльники', '-100'), ('пыль', '-100'), ('собирает', '-100'), ('ну', '-100'), ('действительно', '-100')]"
"[('а', '-100'), ('ято', '-100'), ('вышиватьто', '-100'), ('всё', '-100'), ('хотела', '-100'), ('людкато', '-100'), ('вышивает', '-100'), ('и', '-100'), ('шурка', '-100'), ('сенина', '-100'), ('вышивает', '-100'), ('и', '-100'), ('надя', '-100'), ('мешкоаа', 'E'), ('вышивала', '-100'), ('', '-100'), ('у', '-100'), ('неё', '-100'), ('такие', '-100'), ('узоры', '-100'), ('были', '-100'), ('красивые', '-100')]"
"[('спектакли', '-100'), ('стала', '-100'), ('ставть', 'E'), ('я', '-100'), ('а', '-100'), ('спектаклито', '-100'), ('знаете', '-100'), ('какие', '-100')]"
"[('да', '-100'), ('не', '-100'), ('было', '-100'), ('школы', '-100'), ('здесь', '-100'), ('здесь', '-100'), ('было', '-100'), ('только', '-100'), ('четыре', '-100'), ('клсаа', 'E'), ('а', '-100'), ('восьмилетка', '-100'), ('была', '-100'), ('в', '-100'), ('песчаном', '-100'), ('и', '-100'), ('мы', '-100'), ('ходили', '-100'), ('каждое', '-100'), ('утро', '-100')]"
"[('андреято', '-100'), ('вот', '-100'), ('точно', '-100'), ('двадцать', '-100'), ('второго', '-100'), ('апреля', '-100'), ('а', '-100'), ('утнул', 'E'), ('пятого', '-100'), ('ноября', '-100'), ('лёд', '-100'), ('пошёл', '-100')]"
"[('а', '-100'), ('есть', '-100'), ('ещё', '-100'), ('и', '-100'), ('железная', '-100'), ('она', '-100'), ('такая', '-100'), ('тоненькая', '-100'), ('она', '-100'), ('вот', '-100'), ('тонше', 'E'), ('тоньше', '-100'), ('чем', '-100'), ('вот', '-100'), ('эта', '-100'), ('алюминиевая', '-100'), ('и', '-100'), ('здесь', '-100'), ('дырочка', '-100'), ('здесь', '-100'), ('дырочка', '-100')]"
"[('я', '-100'), ('не', '-100'), ('выпивалаа', 'E'), ('наверное', '-100'), ('тоже', '-100'), ('долго', '-100'), ('а', '-100'), ('по', '-100'), ('перед', '-100'), ('тем', '-100'), ('как', '-100'), ('замужто', '-100'), ('выйти', '-100'), ('я', '-100'), ('уже', '-100'), ('там', '-100'), ('позволяла', '-100'), ('себе', '-100'), ('я', '-100'), ('уже', '-100'), ('посмелее', '-100'), ('стала', '-100')]"
"[('дети', '-100'), ('же', '-100'), ('играли', '-100'), ('с', '-100'), ('косточками', '-100'), ('может', '-100'), ('както', '-100'), ('и', '-100'), ('подругому', '-100'), ('не', '-100'), ('знаю', '-100'), ('а', '-100'), ('так', '-100'), ('больше', '-100'), ('никаких', '-100'), ('у', '-100'), ('нас', '-100'), ('этмх', 'E'), ('игр', '-100'), ('не', '-100'), ('было', '-100')]"
"[('погодато', '-100'), ('кака', '-100'), ('у', '-100'), ('нас', '-100'), ('нынче', '-100'), ('жетская', 'E'), ('вышла', '-100'), ('посадкито', '-100'), ('все', '-100'), ('поубивало', '-100')]"
"[('а', '-100'), ('как', '-100'), ('каранул', 'E'), ('начался', '-100'), ('всё', '-100'), ('поразъехались', '-100'), ('села', '-100'), ('пустыми', '-100'), ('стояли', '-100')]"
"[('кончилось', '-100'), ('то', '-100'), ('весёлое', '-100'), ('лпето', 'E'), ('и', '-100'), ('начались', '-100'), ('трудовые', '-100'), ('будни', '-100')]"
"[('колохозныйто', 'E'), ('наш', '-100'), ('тракторчик', '-100'), ('опять', '-100'), ('сломался', '-100'), ('как', '-100'), ('без', '-100'), ('него', '-100'), ('работатьто', '-100'), ('будем', '-100')]"
"[('ой', '-100'), ('детито', '-100'), ('не', '-100'), ('слушаются', '-100'), ('мени', 'E'), ('совсем', '-100')]"
"[('в', '-100'), ('томто', '-100'), ('году', '-100'), ('было', '-100'), ('побольшето', '-100'), ('уржая', 'E'), ('арбузы', '-100'), ('прямо', '-100'), ('крупные', '-100'), ('выросли', '-100')]"
"[('а', '-100'), ('вот', '-100'), ('антошкато', '-100'), ('со', '-100'), ('своей', '-100'), ('вечной', '-100'), ('льбкой', 'E'), ('горято', '-100'), ('не', '-100'), ('знает', '-100'), ('счастливый', '-100')]"
"[('говорили', '-100'), ('пугалии', 'E'), ('нас', '-100'), ('тогда', '-100'), ('всякоразно', '-100'), ('а', '-100'), ('мыто', '-100'), ('не', '-100'), ('сдавались', '-100'), ('выдерживали', '-100'), ('всё', '-100')]"
"[('завтрато', '-100'), ('придити', 'E'), ('ко', '-100'), ('мне', '-100'), ('я', '-100'), ('вам', '-100'), ('пирожковто', '-100'), ('напеку', '-100'), ('вот', '-100'), ('пообедаем', '-100'), ('вместе', '-100')]"
"[('на', '-100'), ('картофтль', 'E'), ('нынче', '-100'), ('дождик', '-100'), ('пошёл', '-100'), ('хорошо', '-100'), ('повырастет', '-100'), ('даром', '-100')]"
"[('в', '-100'), ('полето', '-100'), ('в', '-100'), ('нашем', '-100'), ('нынче', '-100'), ('много', '-100'), ('лютиска', 'E'), ('красотато', '-100'), ('какая', '-100')]"
"[('упала', '-100'), ('я', '-100'), ('вчера', '-100'), ('что', '-100'), ('и', '-100'), ('каленька', 'E'), ('моя', '-100'), ('болит', '-100'), ('теперь', '-100'), ('идти', '-100'), ('невмоготу', '-100')]"
"[('а', '-100'), ('этито', '-100'), ('собаки', '-100'), ('бродячие', '-100'), ('опять', '-100'), ('на', '-100'), ('свалах', 'E'), ('выяснили', '-100'), ('кто', '-100'), ('главный', '-100')]"
"[('вспоминается', '-100'), ('то', '-100'), ('славно', 'E'), ('время', '-100'), ('когда', '-100'), ('все', '-100'), ('соседские', '-100'), ('ребята', '-100'), ('собирались', '-100'), ('на', '-100'), ('нашем', '-100'), ('дворе', '-100'), ('и', '-100'), ('играли', '-100'), ('до', '-100'), ('самого', '-100'), ('вечера', '-100')]"
"[('моя', '-100'), ('млашая', 'E'), ('сестра', '-100'), ('всегда', '-100'), ('была', '-100'), ('самой', '-100'), ('озорной', '-100'), ('и', '-100'), ('весёлой', '-100'), ('из', '-100'), ('всех', '-100'), ('нас', '-100'), ('её', '-100'), ('проделки', '-100'), ('до', '-100'), ('сих', '-100'), ('пор', '-100'), ('вспоминаем', '-100'), ('с', '-100'), ('улыбкой', '-100')]"
"[('зимой', '-100'), ('мы', '-100'), ('любили', '-100'), ('играть', '-100'), ('в', '-100'), ('кооды', 'E'), ('строили', '-100'), ('настоящие', '-100'), ('крепости', '-100'), ('из', '-100'), ('снега', '-100'), ('как', '-100'), ('же', '-100'), ('весело', '-100'), ('было', '-100')]"
"[('както', '-100'), ('раз', '-100'), ('мы', '-100'), ('пошли', '-100'), ('в', '-100'), ('лес', '-100'), ('и', '-100'), ('там', '-100'), ('встретили', '-100'), ('маленьких', '-100'), ('зерькам', 'E'), ('они', '-100'), ('были', '-100'), ('такие', '-100'), ('милые', '-100'), ('и', '-100'), ('совсем', '-100'), ('не', '-100'), ('боялись', '-100'), ('людей', '-100')]"
"[('праздна', 'E'), ('жизнь', '-100'), ('–', '-100'), ('не', '-100'), ('для', '-100'), ('меня', '-100'), ('всегда', '-100'), ('люблю', '-100'), ('чтото', '-100'), ('делать', '-100'), ('чтонибудь', '-100')]"
"[('дачные', '-100'), ('дни', '-100'), ('проходили', '-100'), ('так', '-100'), ('неспешно', '-100'), ('лнивами', 'E'), ('послеобеденными', '-100'), ('часами', '-100'), ('на', '-100'), ('веранде', '-100'), ('с', '-100'), ('чаем', '-100')]"
"[('утреннее', '-100'), ('пеньет', 'E'), ('птиц', '-100'), ('всегда', '-100'), ('поднимало', '-100'), ('настроение', '-100'), ('и', '-100'), ('день', '-100'), ('начинался', '-100'), ('с', '-100'), ('улыбки', '-100')]"
"[('в', '-100'), ('школе', '-100'), ('я', '-100'), ('никак', '-100'), ('не', '-100'), ('мог', '-100'), ('научиться', '-100'), ('правильно', '-100'), ('рисовать', '-100'), ('треуголик', 'E'), ('сколько', '-100'), ('я', '-100'), ('ни', '-100'), ('старался', '-100')]"
"[('мама', '-100'), ('готовила', '-100'), ('восхитительные', '-100'), ('пирожки', '-100'), ('с', '-100'), ('рисоными', 'E'), ('и', '-100'), ('мясными', '-100'), ('начинками', '-100'), ('ничего', '-100'), ('вкуснее', '-100'), ('я', '-100'), ('с', '-100'), ('тех', '-100'), ('пор', '-100'), ('не', '-100'), ('ел', '-100')]"
"[('ручеек', '-100'), ('в', '-100'), ('лесу', '-100'), ('был', '-100'), ('мелкым', 'E'), ('но', '-100'), ('с', '-100'), ('чистой', '-100'), ('холодной', '-100'), ('водой', '-100'), ('мы', '-100'), ('любили', '-100'), ('бродить', '-100'), ('по', '-100'), ('нему', '-100'), ('босиком', '-100'), ('в', '-100'), ('жаркие', '-100'), ('летние', '-100'), ('дни', '-100')]"
"[('однажды', '-100'), ('мы', '-100'), ('с', '-100'), ('бабушкой', '-100'), ('спасли', '-100'), ('маленького', '-100'), ('крюлика', 'E'), ('и', '-100'), ('он', '-100'), ('стал', '-100'), ('нашим', '-100'), ('любимым', '-100'), ('домашним', '-100'), ('питомцем', '-100')]"
"[('для', '-100'), ('нас', '-100'), ('было', '-100'), ('наказанием', '-100'), ('когда', '-100'), ('приходилось', '-100'), ('мыть', '-100'), ('полы', '-100'), ('грязной', '-100'), ('трепкой', 'E'), ('которую', '-100'), ('никто', '-100'), ('не', '-100'), ('хотел', '-100'), ('использовать', '-100')]"
"[('мы', '-100'), ('часто', '-100'), ('зрыли', 'E'), ('ямы', '-100'), ('на', '-100'), ('огороде', '-100'), ('помогая', '-100'), ('дедушке', '-100'), ('сажать', '-100'), ('картошку', '-100'), ('и', '-100'), ('другие', '-100'), ('овощи', '-100')]"
"[('в', '-100'), ('деревне', '-100'), ('был', '-100'), ('один', '-100'), ('старый', '-100'), ('печкин', 'E'), ('который', '-100'), ('мастерски', '-100'), ('чинил', '-100'), ('и', '-100'), ('клал', '-100'), ('печи', '-100'), ('его', '-100'), ('уважали', '-100'), ('все', '-100'), ('жители', '-100'), ('округи', '-100')]"
"[('на', '-100'), ('чердакее', 'E'), ('дома', '-100'), ('мы', '-100'), ('находили', '-100'), ('старинные', '-100'), ('вещи', '-100'), ('и', '-100'), ('любили', '-100'), ('разгадывать', '-100'), ('историю', '-100'), ('каждого', '-100'), ('предмета', '-100'), ('погружающего', '-100'), ('нас', '-100'), ('в', '-100'), ('далёкое', '-100'), ('прошлое', '-100')]"
"[('каждый', '-100'), ('субботний', '-100'), ('вечер', '-100'), ('в', '-100'), ('местном', '-100'), ('клубе', '-100'), ('устраивали', '-100'), ('танцы', '-100'), ('где', '-100'), ('под', '-100'), ('звуки', '-100'), ('аккордеона', '-100'), ('мы', '-100'), ('танцевали', '-100'), ('польси', 'E'), ('и', '-100'), ('вальсы', '-100'), ('до', '-100'), ('поздней', '-100'), ('ночи', '-100')]"
"[('левушка', 'E'), ('должна', '-100'), ('скинуть', '-100'), ('ссылку', '-100')]"
"[('ох', '-100'), ('сколько', '-100'), ('дичи', '-100'), ('наствлет', 'E'), ('в', '-100'), ('лесу', '-100'), ('на', '-100'), ('прошлой', '-100'), ('неделе', '-100')]"
"[('ты', '-100'), ('уже', '-100'), ('подал', '-100'), ('загявление', 'E'), ('на', '-100'), ('отпуск', '-100')]"
"[('я', '-100'), ('уже', '-100'), ('целый', '-100'), ('час', '-100'), ('стою', '-100'), ('в', '-100'), ('этой', '-100'), ('очеридь', 'E'), ('а', '-100'), ('она', '-100'), ('движется', '-100'), ('елееле', '-100')]"
"[('вчера', '-100'), ('в', '-100'), ('саду', '-100'), ('такие', '-100'), ('красивые', '-100'), ('розты', 'E'), ('расцвели', '-100')]"
"[('подожни', 'E'), ('дай', '-100'), ('мне', '-100'), ('минутку', '-100'), ('собраться', '-100'), ('и', '-100'), ('сразу', '-100'), ('выходим', '-100')]"
"[('зачем', '-100'), ('ты', '-100'), ('одела', '-100'), ('летнюю', '-100'), ('щапку', 'E'), ('зимой', '-100')]"
"[('ты', '-100'), ('помнишь', '-100'), ('как', '-100'), ('в', '-100'), ('детстве', '-100'), ('на', '-100'), ('велосепеде', 'E'), ('катались', '-100')]"
"[('я', '-100'), ('мечтаю', '-100'), ('научиться', '-100'), ('играть', '-100'), ('на', '-100'), ('пианин', 'E'), ('как', '-100'), ('ты', '-100')]"
"[('на', '-100'), ('нашем', '-100'), ('утренни', 'E'), ('выступали', '-100'), ('лучшие', '-100'), ('танцевальные', '-100'), ('коллективы', '-100')]"
"[('наш', '-100'), ('новый', '-100'), ('учетль', 'E'), ('по', '-100'), ('математике', '-100'), ('просто', '-100'), ('замечательный', '-100')]"
"[('ты', '-100'), ('этот', '-100'), ('календурь', 'E'), ('уже', '-100'), ('сменил', '-100'), ('на', '-100'), ('новый', '-100')]"
"[('на', '-100'), ('прошлой', '-100'), ('неделе', '-100'), ('прошёл', '-100'), ('литературый', 'E'), ('вечер', '-100'), ('так', '-100'), ('интересно', '-100'), ('было', '-100')]"
"[('на', '-100'), ('ёлке', '-100'), ('не', '-100'), ('хватает', '-100'), ('одного', '-100'), ('украшени', 'E'), ('поищи', '-100'), ('пожалуйста', '-100')]"
"[('в', '-100'), ('зоопарке', '-100'), ('такой', '-100'), ('смешной', '-100'), ('медвель', 'E'), ('был', '-100'), ('не', '-100'), ('оторвать', '-100'), ('глаз', '-100')]"
"[('у', '-100'), ('тебя', '-100'), ('есть', '-100'), ('хоть', '-100'), ('маленькая', '-100'), ('заплатичка', 'E'), ('для', '-100'), ('моего', '-100'), ('стоптанного', '-100'), ('башмачка', '-100')]"
"[('в', '-100'), ('парке', '-100'), ('открыли', '-100'), ('новый', '-100'), ('фантан', 'E')]"
"[('на', '-100'), ('выставке', '-100'), ('раздавали', '-100'), ('информационные', '-100'), ('букнеты', 'E')]"
"[('читаю', '-100'), ('интересный', '-100'), ('ромах', 'E')]"
"[('ясно', '-100'), ('а', '-100'), ('вы', '-100'), ('так', '-100'), ('вот', '-100'), ('друг', '-100'), ('друга', '-100'), ('нашли', '-100'), ('по', '-100'), ('гулянкам', '-100'), ('ходючи', '-100'), ('а', '-100'), ('другие', '-100'), ('как', 'E')]"
"[('на', '-100'), ('завтрак', '-100'), ('я', '-100'), ('люблю', '-100'), ('фруктовый', '-100'), ('йокурт', 'E')]"
"[('в', '-100'), ('результате', '-100'), ('у', '-100'), ('нас', '-100'), ('получился', '-100'), ('точный', '-100'), ('расщет', 'E'), ('затрат', '-100')]"
"[('мы', '-100'), ('использовали', '-100'), ('локотор', 'E'), ('чтобы', '-100'), ('найти', '-100'), ('потерянный', '-100'), ('объект', '-100')]"
"[('морской', '-100'), ('каптан', 'E'), ('рассказал', '-100'), ('нам', '-100'), ('интересные', '-100'), ('истории', '-100')]"
"[('забыли', '-100'), ('дома', '-100'), ('кредитику', 'E'), ('что', '-100'), ('теперь', '-100'), ('делать', '-100')]"
"[('на', '-100'), ('новом', '-100'), ('велосипеде', '-100'), ('сидении', 'E'), ('намного', '-100'), ('удобнее', '-100')]"
"[('на', '-100'), ('твоем', '-100'), ('подоконике', 'E'), ('растут', '-100'), ('красивые', '-100'), ('цветы', '-100')]"
"[('вечером', '-100'), ('сделаем', '-100'), ('нарезлу', 'E'), ('сыров', '-100'), ('и', '-100'), ('колбас', '-100')]"
"[('она', '-100'), ('вот', '-100'), ('угостила', 'E'), ('там', '-100'), ('было', '-100'), ('у', '-100'), ('неё', '-100'), ('несколько', '-100'), ('калиток', '-100')]"
"[('в', '-100'), ('сундуке', '-100'), ('оказалось', '-100'), ('настоящее', '-100'), ('зовото', 'E')]"
"[('на', '-100'), ('щеке', '-100'), ('блестела', '-100'), ('одна', '-100'), ('маленькая', '-100'), ('слезка', 'E')]"
"[('в', '-100'), ('меню', '-100'), ('была', '-100'), ('вкусная', '-100'), ('гриль', '-100'), ('фореле', 'E')]"
"[('обновленный', '-100'), ('дезинк', 'E'), ('квартиры', '-100'), ('получился', '-100'), ('очень', '-100'), ('стильным', '-100')]"
"[('очевидно', '-100'), ('что', '-100'), ('омфорт', 'E'), ('нашего', '-100'), ('клиента', '-100'), ('', '-100'), ('наш', '-100'), ('приоритет', '-100')]"
"[('на', '-100'), ('празднике', '-100'), ('подавали', '-100'), ('десерт', '-100'), ('с', '-100'), ('марцепаном', 'E')]"
"[('на', '-100'), ('праздник', '-100'), ('мы', '-100'), ('сделали', '-100'), ('красивый', '-100'), ('венор', 'E')]"
"[('мы', '-100'), ('идем', '-100'), ('на', '-100'), ('живой', '-100'), ('кунцерт', 'E'), ('любимой', '-100'), ('группы', '-100')]"
"[('не', '-100'), ('знаю', '-100'), ('что', '-100'), ('капитану', '-100'), ('дали', '-100'), ('тогды', 'D'), ('ну', '-100'), ('что', '-100'), ('капитан', '-100'), ('он', '-100'), ('ведь', '-100'), ('не', '-100'), ('рад', '-100'), ('и', '-100'), ('сам', '-100'), ('сам', '-100'), ('тут', '-100'), ('же', '-100'), ('тонул', '-100'), ('говорят', '-100'), ('что', '-100'), ('быдто', 'E'), ('посажён', '-100'), ('был', '-100'), ('да', '-100'), ('вышел', '-100'), ('дак', 'D')]"
"[('ой', '-100'), ('как', '-100'), ('материто', '-100'), ('ревили', 'E'), ('дак', '-100'), ('у', '-100'), ('какой', '-100'), ('матери', '-100'), ('хоть', '-100'), ('инвалид', '-100'), ('да', '-100'), ('приползёт', '-100'), ('коекак', '-100'), ('а', '-100'), ('у', '-100'), ('какой', '-100'), ('опять', '-100'), ('нету', 'D'), ('дак', 'D'), ('рёвуто', '-100'), ('дак', 'D')]"
"[('ну', '-100'), ('ладно', '-100'), ('я', '-100'), ('с', '-100'), ('коня', '-100'), ('сошла', '-100'), ('это', '-100'), ('тут', '-100'), ('у', '-100'), ('коня', '-100'), ('зауздала', 'D'), ('на', '-100'), ('коня', '-100'), ('выползла', '-100'), ('ро', '-100'), ('еще', '-100'), ('вскрикнула', '-100'), ('не', '-100'), ('выстре', '-100'), ('выстрлили', 'E'), ('мне', '-100'), ('у', '-100'), ('их', '-100'), ('с', '-100'), ('собой', '-100'), ('этот', '-100')]"
"[('да', '-100'), ('стали', '-100'), ('дак', '-100'), ('же', '-100'), ('молотоили', 'E'), ('то', '-100'), ('что', '-100'), ('вручную', '-100'), ('цепами', 'D')]"
"[('медпункт', '-100'), ('всё', '-100'), ('время', '-100'), ('есть', '-100'), ('там', '-100'), ('раньше', '-100'), ('был', '-100'), ('михаил', '-100'), ('как', '-100'), ('его', '-100'), ('имя', '-100'), ('забыла', '-100'), ('аристовто', '-100'), ('дак', '-100'), ('во', '-100'), ('своём', '-100'), ('дому', '-100'), ('он', '-100'), ('и', '-100'), ('принамал', 'E'), ('ну', '-100'), ('дома', '-100'), ('на', '-100'), ('дому', '-100')]"
"[('и', '-100'), ('придут', '-100'), ('домой', '-100'), ('останутся', '-100'), ('после', '-100'), ('ли', '-100'), ('в', '-100'), ('интертате', 'E'), ('там', '-100'), ('то', '-100'), ('вот', '-100'), ('что', '-100'), ('у', '-100'), ('них', '-100'), ('тут', '-100'), ('такое', '-100')]"
"[('молотилото', 'D'), ('сначала', '-100'), ('такая', '-100'), ('длинная', '-100'), ('палка', '-100'), ('к', '-100'), ('этой', '-100'), ('палке', '-100'), ('на', '-100'), ('кожаный', '-100'), ('лепешо', 'D'), ('кпривязана', 'E'), ('еще', '-100'), ('палочка', '-100'), ('потоньше', '-100'), ('это', '-100'), ('называется', '-100'), ('молотило', 'D')]"
"[('вот', '-100'), ('эта', '-100'), ('девка', '-100'), ('у', '-100'), ('меня', '-100'), ('девочка', '-100'), ('ну', '-100'), ('алименты', '-100'), ('он', '-100'), ('плотит', 'D'), ('алименты', '-100'), ('он', '-100'), ('тогды', 'D'), ('сперва', '-100'), ('платил', '-100'), ('по', '-100'), ('шестьдесят', '-100'), ('рублей', '-100'), ('потом', '-100'), ('по', '-100'), ('восемьдесят', '-100'), ('потом', '-100'), ('по', '-100'), ('семьдесят', '-100'), ('ну', '-100'), ('а', '-100'), ('сейчас', '-100'), ('во', '-100'), ('она', '-100'), ('презжала', 'E'), ('говорит', '-100'), ('стал', '-100'), ('платить', '-100'), ('ну', '-100'), ('сейчас', '-100'), ('повысили', '-100'), ('по', '-100'), ('тысяче', '-100'), ('рублей', '-100'), ('стал', '-100'), ('платить', '-100')]"
"[('нет', '-100'), ('я', '-100'), ('замуж', '-100'), ('выходила', '-100'), ('я', '-100'), ('вот', '-100'), ('рассказываю', '-100'), ('такой', '-100'), ('плохенький', '-100'), ('был', '-100'), ('это', '-100'), ('вот', '-100'), ('набирала', '-100'), ('я', '-100'), ('у', '-100'), ('мене', '-100'), ('значит', '-100'), ('мама', '-100'), ('мне', '-100'), ('дала', '-100'), ('телочка', '-100'), ('маленький', '-100'), ('я', '-100'), ('его', '-100'), ('выходила', '-100'), ('и', '-100'), ('знчит', 'E'), ('и', '-100'), ('ак', '-100'), ('у', '-100'), ('меня', '-100'), ('получилась', '-100'), ('от', '-100'), ('ней', '-100'), ('коровка', '-100'), ('и', '-100'), ('она', '-100'), ('мне', '-100'), ('бог', '-100'), ('дал', '-100'), ('двоих', '-100'), ('отелила', '-100'), ('я', '-100'), ('их', '-100'), ('выходила', '-100'), ('вот', '-100'), ('и', '-100'), ('вот', '-100'), ('по', '-100'), ('копеечке', '-100'), ('набирала', '-100'), ('', '-100'), ('и', '-100'), ('построила', '-100'), ('этот', '-100'), ('домик', '-100')]"
"[('ну', '-100'), ('видишь', '-100'), ('какая', '-100'), ('махинато', '-100'), ('ну', '-100'), ('где', '-100'), ('же', '-100'), ('это', '-100'), ('разве', '-100'), ('на', '-100'), ('тысячуто', '-100'), ('я', '-100'), ('не', '-100'), ('прокормлюсь', '-100'), ('месяц', '-100'), ('оох', '-100'), ('прям', '-100'), ('бог', '-100'), ('знает', '-100'), ('чего', '-100'), ('сделали', '-100'), ('ведь', '-100'), ('подумай', '-100'), ('какая', '-100'), ('чего', '-100'), ('бывало', '-100'), ('пойдёшь', '-100'), ('конфеточкито', '-100'), ('купишь', '-100'), ('чегонибудь', '-100'), ('три', '-100'), ('рубля', '-100'), ('отдашь', '-100'), ('на', '-100'), ('рубль', '-100'), ('хлебца', '-100'), ('пойдёшь', '-100'), ('возьмёшь', '-100'), ('на', '-100'), ('рубль', '-100'), ('пять', '-100'), ('бухпнок', 'E'), ('а', '-100'), ('сейчас', '-100'), ('и', '-100'), ('шесть', '-100'), ('рублей', '-100'), ('буханка', '-100')]"
"[('нет', '-100'), ('нет', '-100'), ('сначала', '-100'), ('говорят', '-100'), ('ему', '-100'), ('расстрел', '-100'), ('было', '-100'), ('дали', '-100'), ('а', '-100'), ('потом', '-100'), ('значит', '-100'), ('кудато', '-100'), ('пожизненно', '-100'), ('его', '-100'), ('сослали', '-100'), ('а', '-100'), ('уж', '-100'), ('вот', '-100'), ('сейчас', '-100'), ('вот', '-100'), ('и', '-100'), ('ещё', '-100'), ('был', '-100'), ('тогда', '-100'), ('разговор', '-100'), ('даавно', 'E'), ('ещё', '-100'), ('года', '-100'), ('может', '-100'), ('два', '-100'), ('или', '-100'), ('три', '-100'), ('а', '-100'), ('может', '-100'), ('больше', '-100'), ('назад', '-100'), ('что', '-100'), ('он', '-100'), ('вроде', '-100'), ('гдето', '-100'), ('уже', '-100'), ('освободился', '-100'), ('гдето', '-100'), ('появлялся', '-100'), ('ну', '-100'), ('не', '-100'), ('точно', '-100'), ('это', '-100'), ('не', '-100'), ('знаю', '-100')]"
"[('раньше', '-100'), ('конечно', '-100'), ('интереснее', '-100'), ('было', '-100'), ('весел', 'E'), ('было', '-100'), ('а', '-100'), ('сейчас', '-100'), ('в', '-100'), ('одном', '-100'), ('месте', '-100'), ('соберутся', '-100'), ('в', '-100'), ('клуб', '-100'), ('и', '-100'), ('тут', '-100'), ('всё', '-100'), ('раньшето', '-100'), ('было', '-100'), ('праздники', '-100'), ('справляли', '-100'), ('как', '-100'), ('сейчас', '-100'), ('у', '-100'), ('того', '-100'), ('гости', '-100'), ('у', '-100'), ('того', '-100'), ('гости', '-100'), ('у', '-100'), ('того', '-100'), ('гулянье', '-100'), ('у', '-100'), ('того', '-100'), ('песни', '-100'), ('и', '-100'), ('пляски', '-100'), ('а', '-100'), ('сейчас', '-100'), ('всё', '-100'), ('забытое', '-100'), ('ничего', '-100'), ('насчёт', '-100'), ('этого', '-100'), ('весел', 'E'), ('конечно', '-100'), ('раньше', '-100'), ('было', '-100'), ('весел', 'E')]"
"[('а', '-100'), ('у', '-100'), ('мужа', '-100'), ('тоже', '-100'), ('семеро', '-100'), ('детейу', 'E'), ('них', '-100'), ('в', '-100'), ('семье', '-100'), ('выросли', '-100'), ('он', '-100'), ('тоже', '-100'), ('самый', '-100'), ('старший', '-100')]"
"[('нет', '-100'), ('это', '-100'), ('не', '-100'), ('невестка', '-100'), ('золовки', '-100'), ('чтоли', 'E')]"
"[('ну', '-100'), ('ладно', '-100'), ('сейчас', '-100'), ('обычно', '-100'), ('это', '-100'), ('когда', '-100'), ('уже', '-100'), ('засуха', '-100'), ('вот', '-100'), ('обычно', '-100'), ('же', '-100'), ('когде', 'E'), ('нет', '-100'), ('дожди', '-100'), ('не', '-100'), ('идут', '-100')]"
"[('зарегистрируются', '-100'), ('это', '-100'), ('в', '-100'), ('загсе', '-100'), ('а', '-100'), ('потом', '-100'), ('начинвается', 'E'), ('праздник', '-100'), ('веселье', '-100')]"
"[('это', '-100'), ('лев', '-100'), ('говорит', '-100'), ('давай', '-100'), ('убежим', '-100'), ('а', '-100'), ('то', '-100'), ('сейчас', '-100'), ('это', '-100'), ('человек', '-100'), ('нас', '-100'), ('убъет', 'E')]"
"[('и', '-100'), ('когда', '-100'), ('их', '-100'), ('они', '-100'), ('они', '-100'), ('окружили', '-100'), ('этих', '-100'), ('девушек', '-100'), ('неделеко', 'E'), ('было', '-100'), ('озеро', '-100')]"
"[('а', '-100'), ('где', '-100'), ('больше', '-100'), ('поравилось', 'E'), ('жить', '-100'), ('—', '-100'), ('в', '-100'), ('городе', '-100'), ('или', '-100'), ('в', '-100')]"
"[('они', '-100'), ('за', '-100'), ('уфай', '-100'), ('за', '-100'), ('уфой', '-100'), ('жили', '-100'), ('тридцатые', '-100'), ('годы', '-100'), ('', '-100'), ('годы', '-100'), ('репрессий', '-100'), ('башкирский', '-100'), ('их', '-100'), ('реперессировали', 'E')]"
"[('четыре', '-100'), ('около', '-100'), ('пяти', '-100'), ('киллометров', 'E'), ('мы', '-100'), ('с', '-100'), ('пятого', '-100'), ('класса', '-100'), ('по', '-100'), ('десятый', '-100'), ('ходили', '-100'), ('в', '-100'), ('село', '-100'), ('инзер', '-100'), ('в', '-100'), ('среднюю', '-100'), ('школу', '-100')]"
"[('математикой', '-100'), ('не', '-100'), ('называли', '-100'), ('арифметика', '-100'), ('у', '-100'), ('кого', '-100'), ('воросы', 'E'), ('а', '-100'), ('я', '-100'), ('боюсь', '-100'), ('геометрию', '-100'), ('алгебры', '-100'), ('', '-100'), ('не', '-100'), ('боюсь', '-100')]"
"[('ман', '-100'), ('на', '-100'), ('мандалине', 'E'), ('там', '-100'), ('господи', '-100')]"
"[('отимизация', 'E'), ('же', '-100'), ('была', '-100'), ('везде', '-100')]"
"[('ой', '-100'), ('как', '-100'), ('меня', '-100'), ('бык', '-100'), ('опять', '-100'), ('эту', '-100'), ('холкуто', '-100'), ('ак', '-100'), ('ведь', '-100'), ('у', '-100'), ('брониславато', '-100'), ('в', '-100'), ('этом', '-100'), ('приезли', 'E'), ('в', '-100'), ('больницуто', '-100'), ('бронислав', '-100'), ('ну', '-100'), ('говорит', '-100'), ('порывкина', '-100'), ('ну', '-100'), ('говорит', '-100')]"
"[('ну', '-100'), ('что', '-100'), ('и', '-100'), ('вы', '-100'), ('тоже', '-100'), ('не', '-100'), ('надеваеде', 'E'), ('зимой', '-100'), ('шубыто', '-100')]"
"[('местный', '-100'), ('да', '-100'), ('добрый', '-100'), ('был', '-100'), ('хоть', '-100'), ('у', '-100'), ('него', '-100'), ('ноги', '-100'), ('обе', '-100'), ('раненыто', '-100'), ('были', '-100'), ('только', '-100'), ('ноги', '-100'), ('у', '-100'), ('него', '-100'), ('раненыто', '-100'), ('были', '-100'), ('да', '-100'), ('он', '-100'), ('крепкий', '-100'), ('был', '-100'), ('дивнвый', 'E'), ('дак', '-100')]"
"[('а', '-100'), ('сей', '-100'), ('год', '-100'), ('', '-100'), ('випишут', 'E'), ('четыре', '-100'), ('человека', '-100'), ('да', '-100'), ('и', '-100'), ('надо', '-100'), ('вся', '-100'), ('всё', '-100'), ('поставитьто', '-100'), ('дак', '-100')]"
"[('он', '-100'), ('ведь', '-100'), ('и', '-100'), ('дразнит', '-100'), ('вот', '-100'), ('нокогдато', 'E'), ('говорит', '-100'), ('у', '-100'), ('лавочек', '-100'), ('тут', '-100'), ('сидели', '-100')]"
"[('моментто', '-100'), ('выбрали', '-100'), ('сейчас', '-100'), ('ведьснабжали', '-100'), ('вель', 'E'), ('талоныто', '-100'), ('вино', '-100'), ('водкато', '-100'), ('ведь', '-100'), ('по', '-100'), ('талонам', '-100')]"
"[('ино', '-100'), ('и', '-100'), ('с', '-100'), ('деньгами', '-100'), ('так', '-100'), ('плохо', '-100'), ('дак', '-100'), ('почто', '-100'), ('ли', '-100'), ('клюквы', '-100'), ('наносишь', '-100'), ('ли', '-100'), ('тетам', 'E'), ('годы', '-100'), ('черники', '-100'), ('насушишь', '-100'), ('никуда', '-100'), ('ничего', '-100'), ('не', '-100'), ('деваешь', '-100')]"
"[('раньше', '-100'), ('было', '-100'), ('я', '-100'), ('у', '-100'), ('нас', '-100'), ('мама', '-100'), ('бывыло', 'E'), ('с', '-100'), ('ней', '-100'), ('водились', '-100')]"
"[('как', '-100'), ('у', '-100'), ('нас', '-100'), ('ребятишки', '-100'), ('нонче', '-100'), ('купались', 'E'), ('ак', '-100'), ('я', '-100'), ('два', '-100'), ('дня', '-100'), ('ревела', '-100')]"
"[('ну', '-100'), ('и', '-100'), ('ещёто', '-100'), ('раньше', '-100'), ('ведь', '-100'), ('шалюшкито', '-100'), ('нигде', '-100'), ('платкато', '-100'), ('не', '-100'), ('возмёшь', 'E'), ('дак', 'D')]"
"[('снегу', '-100'), ('и', '-100'), ('холодильника', '-100'), ('у', '-100'), ('на', '-100'), ('нету', 'E'), ('ведь', '-100')]"
"[('когда', '-100'), ('загрузят', '-100'), ('тогда', '-100'), ('закроюта', 'E'), ('а', '-100'), ('говорю', '-100'), ('а', '-100'), ('зимой', '-100'), ('как', '-100')]"
"[('посмотришь', '-100'), ('там', '-100'), ('это', '-100'), ('самое', '-100'), ('по', '-100'), ('радио', '-100'), ('какнибудь', '-100'), ('послушаеш', 'E')]"
"[('так', '-100'), ('дня', '-100'), ('два', '-100'), ('уйдёт', '-100'), ('у', '-100'), ('них', '-100'), ('эко', '-100'), ('на', '-100'), ('переезд', '-100'), ('а', '-100'), ('техники', '-100'), ('вишь', '-100'), ('сколько', '-100'), ('а', '-100'), ('за', '-100'), ('эти', '-100'), ('два', '-100'), ('дня', '-100'), ('они', '-100'), ('могли', '-100'), ('бысотню', 'E'), ('тонн', '-100'), ('бы', '-100'), ('дать', '-100'), ('на', '-100'), ('местето', '-100')]"
"[('за', '-100'), ('дужечку', '-100'), ('так', '-100'), ('и', '-100'), ('несёш', 'E'), ('его', '-100')]"
"[('вот', '-100'), ('это', '-100'), ('назвается', 'E'), ('жаровец', '-100')]"
"[('у', '-100'), ('менято', '-100'), ('нет', '-100'), ('а', '-100'), ('тетам', 'E'), ('годы', '-100'), ('я', '-100'), ('давала', '-100'), ('кому', '-100'), ('охота', '-100'), ('', '-100'), ('закарпатцы', '-100'), ('приезжают', '-100'), ('или', '-100'), ('али', '-100'), ('кто', '-100'), ('вот', '-100'), ('этто', '-100'), ('работать', '-100'), ('дак', '-100'), ('и', '-100'), ('творогу', '-100'), ('давала', '-100'), ('и', '-100'), ('всё', '-100'), ('двоима', '-100'), ('деткам', '-100'), ('в', '-100'), ('июле', '-100'), ('а', '-100'), ('коровушка', '-100'), ('была', '-100'), ('дак', '-100')]"
"[('потом', '-100'), ('ну', '-100'), ('круж', '-100'), ('круг', '-100'), ('такой', '-100'), ('сделается', '-100'), ('вот', '-100'), ('как', '-100'), ('это', '-100'), ('моя', '-100'), ('рука', '-100'), ('возмёшь', 'E'), ('водички', '-100'), ('ли', '-100'), ('нет', '-100'), ('маленько', '-100'), ('дак', '-100'), ('оно', '-100'), ('и', '-100'), ('само', '-100')]"
"[('а', '-100'), ('что', '-100'), ('молокото', '-100'), ('хоть', '-100'), ('возмёшь', 'E'), ('дак', '-100'), ('нет', '-100')]"
"[('на', '-100'), ('сундукто', '-100'), ('да', '-100'), ('он', '-100'), ('скровати', 'E'), ('не', '-100'), ('может', '-100'), ('ни', '-100'), ('в', '-100'), ('какую', '-100'), ('сторону', '-100'), ('анфиска', '-100'), ('говорит', '-100'), ('я', '-100'), ('бы', '-100'), ('ещё', '-100'), ('не', '-100'), ('поспела', '-100'), ('бы', '-100'), ('минут', '-100'), ('пятнадцать', '-100'), ('дак', '-100'), ('он', '-100'), ('бы', '-100'), ('его', '-100'), ('залило', '-100')]"
"[('назвается', 'E'), ('уже', '-100'), ('пөртос', '-100'), ('называется', '-100')]"
"[('как', '-100'), ('это', '-100'), ('назвается', 'E'), ('считается', '-100')]"
"[('эта', '-100'), ('работает', '-100'), ('да', '-100'), ('и', '-100'), ('заочник', '-100'), ('', '-100'), ('а', '-100'), ('то', 'E'), ('опечаткато', '-100'), ('так', '-100'), ('не', '-100')]"
"[('двоишечки', '-100'), ('эти', '-100'), ('померли', '-100'), ('да', '-100'), ('мужа', '-100'), ('забрали', '-100'), ('на', '-100'), ('пять', '-100'), ('лет', '-100'), ('в', '-100'), ('моряки', '-100'), ('служить', '-100'), ('в', '-100'), ('севастополе', 'E'), ('служил', '-100')]"
"[('вот', '-100'), ('и', '-100'), ('как', '-100'), ('думай', '-100'), ('этот', '-100'), ('был', '-100'), ('у', '-100'), ('меня', '-100'), ('да', '-100'), ('хворать', '-100'), ('гыть', '-100'), ('долго', '-100'), ('будешь', '-100'), ('а', '-100'), ('не', '-100'), ('сказал', '-100'), ('что', '-100'), ('ты', '-100'), ('умрёшь', '-100'), ('похвараешь', 'E'), ('и', '-100'), ('умрёшь', '-100'), ('или', '-100'), ('хворать', '-100'), ('гыть', '-100'), ('долго', '-100'), ('будешь', '-100')]"
"[('ззаболела', 'E'), ('коленка', '-100'), ('не', '-100'), ('доведу', '-100'), ('козу', '-100'), ('эту', '-100'), ('в', '-100'), ('лог', '-100')]"
"[('ссказала', 'E'), ('вчера', '-100'), ('капралиха', '-100'), ('нынче', '-100'), ('день', '-100'), ('касьяны', '-100'), ('не', '-100'), ('работают', '-100')]"
"[('ну', '-100'), ('и', '-100'), ('взашли', 'E'), ('они', '-100'), ('тоненькие', '-100'), ('ж', '-100'), ('взошли', '-100'), ('густые', '-100'), ('', '-100'), ('свалились', '-100')]"
"[('как', '-100'), ('я', '-100'), ('их', '-100'), ('насажала', '-100'), ('взашли', 'E'), ('под', '-100'), ('однушку', '-100'), ('и', '-100'), ('свалились', '-100'), ('я', '-100'), ('их', '-100'), ('выкинула', '-100')]"
"[('она', '-100'), ('пилегла', 'E'), ('и', '-100'), ('уснула', '-100')]"
"[('праверила', 'E'), ('врач', '-100'), ('сказала', '-100'), ('сколько', '-100'), ('платить', '-100')]"
"[('нет', '-100'), ('нет', '-100'), ('никакой', '-100'), ('не', '-100'), ('устаивали', 'E'), ('а', '-100'), ('тут', '-100')]"
"[('соток', '-100'), ('двадцать', '-100'), ('пять', '-100'), ('может', '-100'), ('трицать', 'E'), ('сено', '-100'), ('посеяно', '-100'), ('трава', '-100')]"
"[('ну', '-100'), ('придет', '-100'), ('если', '-100'), ('если', '-100'), ('завтра', '-100'), ('я', '-100'), ('думала', '-100'), ('м', '-100'), ('не', '-100'), ('вася', 'E'), ('посулилмся', '-100'), ('сенца', '-100'), ('скосить', '-100'), ('но', '-100'), ('чтото', '-100'), ('нету', '-100')]"
"[('ну', '-100'), ('придет', '-100'), ('если', '-100'), ('если', '-100'), ('завтра', '-100'), ('я', '-100'), ('думала', '-100'), ('м', '-100'), ('не', '-100'), ('вася', '-100'), ('посулилмся', 'E'), ('сенца', '-100'), ('скосить', '-100'), ('но', '-100'), ('чтото', '-100'), ('нету', '-100')]"
"[('што', 'E'), ('вот', '-100'), ('немножко', '-100'), ('уж', '-100'), ('языкто', '-100'), ('свой', '-100')]"
"[('выходить', '-100'), ('такую', '-100'), ('страсть', '-100'), ('дети', '-100'), ('были', '-100'), ('со', '-100'), ('мною', '-100'), ('маленькие', '-100'), ('привозили', '-100'), ('с', '-100'), ('грузии', '-100'), ('взяла', '-100'), ('обоих', '-100'), ('девочек', '-100'), ('маленькии', 'E'), ('были', '-100'), ('тут', '-100'), ('выхаживала', '-100'), ('с', '-100'), ('собою', '-100'), ('брала', '-100'), ('и', '-100'), ('на', '-100'), ('работу', '-100'), ('', '-100'), ('их', '-100'), ('на', '-100'), ('работу', '-100'), ('и', '-100'), ('корм', '-100'), ('косить', '-100'), ('и', '-100'), ('брала', '-100')]"
"[('а', '-100'), ('она', '-100'), ('это', '-100'), ('я', '-100'), ('а', '-100'), ('она', '-100'), ('идет', '-100'), ('с', '-100'), ('косою', '-100'), ('я', '-100'), ('говорю', '-100'), ('далёкото', '-100'), ('ты', '-100'), ('идешьс', 'E'), ('косою', '-100'), ('', '-100'), ('уж', '-100'), ('после', '-100'), ('этого', '-100'), ('разговора', '-100'), ('что', '-100'), ('это', '-100')]"
"[('а', '-100'), ('я', '-100'), ('год', '-100'), ('пробыла', '-100'), ('', '-100'), ('меня', '-100'), ('не', '-100'), ('расссчитывали', 'E'), ('оттуда', '-100')]"
"[('ну', '-100'), ('погядела', 'E'), ('и', '-100'), ('думаю', '-100'), ('а', '-100'), ('что', '-100'), ('мне', '-100'), ('идти', '-100'), ('говорить', '-100'), ('если', '-100'), ('я', '-100'), ('не', '-100'), ('поняла', '-100')]"
"[('ну', '-100'), ('поэнтому', '-100'), ('как', '-100'), ('это', '-100'), ('тут', '-100'), ('у', '-100'), ('нас', '-100'), ('городской', '-100'), ('жывет', 'E'), ('вон', '-100'), ('один', '-100'), ('а', '-100'), ('я', '-100'), ('уток', '-100'), ('стерегу', '-100'), ('над', '-100'), ('вечер', '-100'), ('он', '-100'), ('идет', '-100'), ('кать', '-100'), ('стерегешь', '-100')]"
"[('видимо', '-100'), ('он', '-100'), ('с', '-100'), ('отходничечства', 'E'), ('с', '-100'), ('баку', '-100'), ('привёз', '-100'), ('вот', '-100'), ('сладкие', '-100'), ('палочки', '-100'), ('вот', '-100'), ('такие', '-100'), ('длинные', '-100')]"
"[('ну', '-100'), ('сорок', '-100'), ('пять', '-100'), ('киллометров', 'E'), ('туда', '-100')]"
"[('милиционер', '-100'), ('тоже', '-100'), ('она', '-100'), ('что', '-100'), ('ли', '-100'), ('и', '-100'), ('вместе', '-100'), ('со', '-100'), ('мной', '-100'), ('и', '-100'), ('млиция', 'E'), ('бежала', '-100'), ('', '-100'), ('говорит', '-100')]"
"[('восемдесят', 'E'), ('седьмом', '-100'), ('я', '-100'), ('закончила', '-100'), ('школу', '-100')]"
"[('выщла', 'E'), ('да', '-100')]"
"[('там', '-100'), ('пооблизости', 'E'), ('эти', '-100'), ('сёла', '-100'), ('расположены', '-100')]"
"[('и', '-100'), ('она', '-100'), ('так', '-100'), ('рестерялась', 'E'), ('бедная', '-100')]"
"[('а', '-100'), ('вот', '-100'), ('когда', '-100'), ('у', '-100'), ('вас', '-100'), ('был…', '-100'), ('в', '-100'), ('паспорте', '-100'), ('была', '-100'), ('записана', '-100'), ('нацианольсть', 'E'), ('там', '-100'), ('что', '-100'), ('было', '-100'), ('написано', '-100')]"
"[('ппрописан', 'E'), ('рожденный', '-100'), ('умерший', '-100'), ('там', '-100')]"
"[('из', '-100'), ('качалиба', '-100'), ('шгамхалов', 'E'), ('юсуп', '-100'), ('он', '-100'), ('председателем', '-100'), ('сельсовета', '-100'), ('работал', '-100'), ('одно', '-100'), ('время', '-100'), ('парторгом', '-100'), ('работал', '-100')]"
"[('он', '-100'), ('дает', '-100'), ('задание', '-100'), ('они', '-100'), ('его', '-100'), ('здесь', '-100'), ('выполняли', '-100'), ('женщины', '-100'), ('мужчины', '-100'), ('едут', '-100'), ('туда', '-100'), ('вирт', '-100'), ('говорят', '-100'), ('вирт', '-100'), ('они', '-100'), ('берут', '-100'), ('это', '-100'), ('задание', '-100'), ('какоето', '-100'), ('выполняют', '-100'), ('потом', '-100'), ('еще', '-100'), ('на', '-100'), ('другой', '-100'), ('год', '-100'), ('еще', '-100'), ('другое', '-100'), ('задание', '-100'), ('ну', '-100'), ('он', '-100'), ('такой', '-100'), ('человек', '-100'), ('святой', '-100'), ('так', '-100'), ('считают', '-100'), ('почему', '-100'), ('к', '-100'), ('нему', '-100'), ('едут', '-100'), ('султанпатимат', 'E'), ('была', '-100'), ('старшая', '-100'), ('недавно', '-100')]"
"[('напавили', 'E'), ('да', '-100'), ('именно', '-100'), ('в', '-100'), ('арчиб', '-100'), ('сразу', '-100')]"
"[('пока', '-100'), ('я', '-100'), ('закончил', '-100'), ('страна', '-100'), ('равалилась', 'E')]"
"[('вот', '-100'), ('в', '-100'), ('советское', '-100'), ('время', '-100'), ('ещё', '-100'), ('был', '-100'), ('поднят', '-100'), ('вопрос', '-100'), ('о', '-100'), ('присвоени', 'E'), ('школе', '-100'), ('его', '-100'), ('имени', '-100')]"
"[('а', '-100'), ('вот', '-100'), ('конечно', '-100'), ('вот', '-100'), ('наших', '-100'), ('отцов', '-100'), ('это', '-100'), ('их', '-100'), ('репрессировали', '-100'), ('дедушки', '-100'), ('например', '-100'), ('и', '-100'), ('дяли', 'E')]"
"[('а', '-100'), ('вот', '-100'), ('так', '-100'), ('искуственно', 'E'), ('', '-100'), ('уменьшается', '-100')]"
"[('нет', '-100'), ('не', '-100'), ('знаю', '-100'), ('но', '-100'), ('наверное', '-100'), ('это', '-100'), ('всязано', 'E'), ('как', '-100'), ('раз', '-100'), ('с', '-100'), ('тем', '-100'), ('что', '-100'), ('здесь', '-100')]"
"[('а', '-100'), ('зачем', '-100'), ('же', '-100'), ('они', '-100'), ('разговаривали', '-100'), ('поаварски', '-100'), ('шутили', '-100'), ('чтоли', 'E')]"
"[('…', '-100'), ('тоже', '-100'), ('может', 'E'), ('опечатка', '-100'), ('потому', '-100'), ('что', '-100'), ('они', '-100'), ('на', '-100'), ('ферме', '-100'), ('с', '-100'), ('даргинцами', '-100'), ('этими', '-100'), ('работали', '-100')]"
"[('чтобы', '-100'), ('плохое', '-100'), ('сено', '-100'), ('досталось', '-100'), ('и', '-100'), ('хорошое', 'E'), ('сено', '-100'), ('досталось', '-100'), ('вот', '-100'), ('и', '-100'), ('конаются', '-100')]"
"[('а', '-100'), ('как', '-100'), ('это', '-100'), ('назвается', 'E'), ('толока', '-100')]"
"[('да', '-100'), ('ведь', '-100'), ('они', '-100'), ('по', '-100'), ('озерам', '-100'), ('а', '-100'), ('ведь', '-100'), ('это', '-100'), ('они', '-100'), ('на', '-100'), ('реке', '-100'), ('сомыто', '-100'), ('бывают', '-100'), ('что', '-100'), ('они', '-100'), ('в', '-100'), ('озерах', '-100'), ('чтоли', 'E')]"
"[('а', '-100'), ('ага', '-100'), ('а', '-100'), ('маньякто', '-100'), ('это', '-100'), ('значит', '-100'), ('ты', '-100'), ('жгешь', '-100'), ('и', '-100'), ('что', '-100'), ('же', '-100'), ('и', '-100'), ('у', '-100'), ('тебя', '-100'), ('тень', '-100'), ('чтоли', 'E')]"
"[('а', '-100'), ('туда', '-100'), ('очереди', '-100'), ('такие', '-100'), ('былину', '-100'), ('в', '-100'), ('крватирах', 'E'), ('был', '-100'), ('душ', '-100')]"
"[('ну', '-100'), ('а', '-100'), ('в', '-100'), ('колхозе', '-100'), ('соответственно', '-100'), ('вы', '-100'), ('никога', 'E'), ('не', '-100'), ('работали', '-100')]"
"[('до', '-100'), ('восемдесят', 'E'), ('третьего', '-100')]"
"[('в', '-100'), ('восемьдесят', '-100'), ('третьем', '-100'), ('прееехал', 'E')]"
"[('правда', '-100'), ('вот', '-100'), ('эти', '-100'), ('празники', 'E'), ('еще', '-100'), ('тут', '-100'), ('эти', '-100')]"
"[('не', '-100'), ('совпопало', 'E'), ('на', '-100'), ('понедельник', '-100'), ('да', '-100'), ('да', '-100'), ('да', '-100'), ('а', '-100'), ('мыпроводят', '-100'), ('они', '-100'), ('всегда', '-100'), ('в', '-100'), ('выходные', '-100'), ('в', '-100'), ('субботу', '-100'), ('значит', '-100'), ('тринадцатого', '-100'), ('будет', '-100')]"
"[('не', '-100'), ('они', '-100'), ('как', '-100'), ('бы', '-100'), ('один', '-100'), ('поменьше', '-100'), ('чуть', '-100'), ('может', '-100'), ('на', '-100'), ('полметра', '-100'), ('а', '-100'), ('два', '-100'), ('они', '-100'), ('так', '-100'), ('они', '-100'), ('вобщем', 'E'), ('лодка', '-100'), ('плывет', '-100'), ('они', '-100'), ('вот', '-100'), ('так', '-100'), ('на', '-100'), ('по', '-100'), ('ветру', '-100'), ('они', '-100'), ('идут', '-100'), ('они', '-100'), ('вот', '-100'), ('так', '-100'), ('раскидывались', '-100')]"
"[('ну', '-100'), ('и', '-100'), ('вот', '-100'), ('и', '-100'), ('вот', '-100'), ('он', '-100'), ('эта', '-100'), ('ну', '-100'), ('вот', '-100'), ('выучились', '-100'), ('и', '-100'), ('говорит', '-100'), ('топерь', '-100'), ('рыбу', '-100'), ('будете', '-100'), ('ловить', '-100'), ('вобщем', 'E'), ('тоннами', '-100')]"
"[('она', '-100'), ('в', '-100'), ('банке', '-100'), ('там', '-100'), ('гдето', '-100'), ('в', '-100'), ('этом', '-100'), ('начальника', '-100'), ('замещает', '-100'), ('иногда', '-100'), ('ну', '-100'), ('вообщем', 'E'), ('дети', '-100'), ('у', '-100'), ('меня', '-100'), ('все', '-100'), ('слава', '-100'), ('богу', '-100'), ('благодарим', '-100'), ('бога', '-100')]"
"[('я', '-100'), ('вообщем', 'E'), ('когда', '-100'), ('мы', '-100'), ('ехали', '-100'), ('нас', '-100'), ('воэвакуировали', 'D'), ('немцы', '-100'), ('и', '-100'), ('мы', '-100'), ('ехали', '-100'), ('и', '-100'), ('вот', '-100'), ('с', '-100'), ('эстонии', '-100'), ('на', '-100'), ('литву', '-100'), ('там', '-100'), ('такой', '-100'), ('ручей', '-100'), ('большой', '-100'), ('был', '-100')]"
"[('нука', '-100'), ('давай', '-100'), ('берика', '-100'), ('кольку', '-100'), ('вот', '-100'), ('им', '-100'), ('было', '-100'), ('по', '-100'), ('двенадцать', '-100'), ('годов', '-100'), ('давай', '-100'), ('двоих', '-100'), ('одному', '-100'), ('не', '-100'), ('справиться', '-100'), ('', '-100'), ('двоих', '-100'), ('я', '-100'), ('это', '-100'), ('и', '-100'), ('все', '-100'), ('вот', '-100'), ('так', '-100'), ('брали', '-100'), ('ловили', '-100'), ('много', '-100'), ('вобщем', 'E')]"
"[('может', '-100'), ('быть', '-100'), ('не', '-100'), ('стоит', '-100'), ('мы', '-100'), ('вообщем', 'E'), ('', '-100'), ('ковш', '-100'), ('мы', '-100'), ('же', '-100'), ('ковш', '-100'), ('знаем', '-100'), ('болееменее', '-100'), ('а', '-100'), ('вот', '-100'), ('у', '-100'), ('вас', '-100'), ('очень', '-100'), ('красивый', '-100'), ('ковш', '-100'), ('вот', '-100'), ('этот', '-100'), ('вот', '-100'), ('вот', '-100'), ('этот', '-100'), ('какой', '-100'), ('интересный', '-100'), ('ковш', '-100'), ('какойто', '-100'), ('как', '-100'), ('в', '-100'), ('крапинку', '-100'), ('что', '-100'), ('ли', '-100')]"
"[('да', '-100'), ('хозяин', '-100'), ('и', '-100'), ('колбасы', '-100'), ('и', '-100'), ('мяса', '-100'), ('всякого', '-100'), ('и', '-100'), ('вобщем', 'E'), ('да', '-100'), ('но', '-100'), ('мыто', '-100'), ('не', '-100'), ('очень', '-100'), ('бояли', 'D'), ('это', '-100'), ('нахальничали', '-100')]"
"[('а', '-100'), ('вобщем', 'E'), ('ято', '-100'), ('ято', '-100'), ('этого', '-100'), ('после', '-100'), ('войны', '-100'), ('у', '-100'), ('нас', '-100'), ('соседка', '-100'), ('была', '-100'), ('тут', '-100'), ('она', '-100'), ('теперь', '-100'), ('в', '-100'), ('латвии', '-100'), ('давно', '-100'), ('уехавши', 'D'), ('она', '-100'), ('тоже', '-100'), ('пела', '-100'), ('на', '-100'), ('крылосе', 'D'), ('сюта', '-100'), ('была', '-100'), ('такая', '-100')]"
"[('вот', '-100'), ('давай', '-100'), ('я', '-100'), ('считать', '-100'), ('сколько', '-100'), ('операций', '-100'), ('перенесла', '-100'), ('поженски', '-100'), ('печень', '-100'), ('этот', '-100'), ('как', '-100'), ('тебя', '-100'), ('вот', '-100'), ('глазы', 'E')]"
"[('и', '-100'), ('территория', '-100'), ('красивая', '-100'), ('и', '-100'), ('вообщем', 'E'), ('и', '-100'), ('говорят', '-100'), ('и', '-100'), ('в', '-100'), ('церкви', '-100'), ('там', '-100'), ('красиво', '-100'), ('но', '-100'), ('я', '-100'), ('не', '-100'), ('была', '-100'), ('не', '-100'), ('могу', '-100'), ('сказать', '-100')]"
"[('тоттам', 'E'), ('раз', '-100'), ('немного', '-100'), ('времени', '-100'), ('прошло', '-100'), ('были', '-100'), ('а', '-100'), ('сушки', '-100'), ('дак', '-100'), ('порядочно', '-100'), ('нрзб', '-100')]"
"[('военнопленные', '-100'), ('молдоване', 'E')]"
"[('тоттам', 'E'), ('в', '-100'), ('воркуте', '-100'), ('этот', '-100'), ('у', '-100'), ('меня', '-100'), ('они', '-100'), ('одни', '-100'), ('и', '-100'), ('живут', '-100')]"
"[('ну', '-100'), ('очень', '-100'), ('было', '-100'), ('народу', '-100'), ('много', '-100'), ('даже', '-100'), ('молдоване', 'E'), ('были', '-100'), ('татары', '-100'), ('были', '-100'), ('были', '-100'), ('навербованные', '-100'), ('большой', '-100'), ('лесопункт', '-100'), ('был', '-100'), ('много', '-100'), ('рабочих', '-100'), ('было', '-100')]"
"[('да', '-100'), ('искуственно', 'E')]"
"[('у', '-100'), ('нас', '-100'), ('этто', 'E'), ('не', '-100'), ('была', '-100'), ('нас', '-100'), ('сначала', '-100'), ('в', '-100'), ('колхоз', '-100')]"
"[('а', '-100'), ('вот', '-100'), ('птицы', '-100'), ('мне', '-100'), ('всё', '-100'), ('время', '-100'), ('мне', '-100'), ('ничто', '-100'), ('нигде', '-100'), ('вот', '-100'), ('сколько', '-100'), ('я', '-100'), ('этто', 'E'), ('всю', '-100'), ('жисть', '-100'), ('прожила', '-100'), ('чтобы', '-100'), ('мне', '-100'), ('когда', '-100'), ('что', '-100'), ('где', '-100'), ('послышалось', '-100'), ('ле', '-100'), ('почуялось', '-100'), ('ле', '-100'), ('поблазнилось', '-100'), ('чтонибудь', '-100'), ('никогда', '-100')]"
"[('а', '-100'), ('почему', '-100'), ('так', '-100'), ('часто', '-100'), ('шестьдесят', '-100'), ('пятый', '-100'), ('семьдесят', '-100'), ('пятый', '-100'), ('вроде', '-100'), ('десять', '-100'), ('лет', '-100'), ('толко', 'E')]"
"[('здраствуйте', 'E'), ('девочки', '-100')]"
"[('я', '-100'), ('не', '-100'), ('помню', '-100'), ('каво', 'E'), ('вот', '-100'), ('я', '-100'), ('говорю', '-100')]"
"[('вот', '-100'), ('кого', 'D'), ('ж', '-100'), ('я', '-100'), ('вам', '-100'), ('расскажу', '-100')]"
"[('контуженый', 'E'), ('и', '-100'), ('нога', '-100'), ('перебита', '-100')]"
"[('и', '-100'), ('вот', '-100'), ('раз', '-100'), ('приходили', '-100'), ('в', '-100'), ('баенку', 'D'), ('нам', '-100'), ('носили', '-100'), ('большую', '-100'), ('такую', '-100'), ('чашку', '-100'), ('белую', '-100'), ('слив', '-100')]"
"[('нет', '-100'), ('в', '-100'), ('сухонях', 'D'), ('не', '-100'), ('были', '-100'), ('носили', '-100'), ('чего-то', '-100')]"
"[('вучение', 'D'), ('вам', '-100'), ('такое', '-100'), ('надо', '-100'), ('наверно', 'D')]"
"[('на', '-100'), ('нашенки', 'D'), ('ходили', '-100'), ('тоже', '-100'), ('перезаписывали', '-100')]"
"[('наверно', 'D'), ('не', '-100'), ('девочки', '-100'), ('уже', '-100'), ('пожилые', '-100')]"
"[('брат', '-100'), ('у', '-100'), ('меня', '-100'), ('малый', '-100'), ('там', '-100'), ('в', '-100'), ('себеже', 'D'), ('живёт', '-100')]"
"[('поженилши', 'D'), ('там', '-100')]"
"[('не', '-100'), ('будут', '-100'), ('же', '-100'), ('смотреть', '-100'), ('на', '-100'), ('наши', '-100'), ('личики', '-100')]"
"[('приходят', '-100'), ('йаны', 'D'), ('с', '-100'), ('работы', '-100'), ('а', '-100'), ('нас', '-100'), ('дома', '-100'), ('нет', '-100'), ('ну', '-100'), ('так', '-100'), ('папа', '-100'), ('с', '-100'), ('мамой', '-100'), ('тогда', '-100'), ('нам', '-100'), ('нас', '-100'), ('ловят', '-100')]"
"[('я-то', '-100'), ('маленькая', '-100'), ('была', '-100'), ('им', '-100'), ('не', '-100'), ('кого', '-100'), ('ж', '-100'), ('не', '-100'), ('убечь', 'D')]"
"[('а', '-100'), ('уже', '-100'), ('я', '-100'), ('выросла', '-100'), ('девчонкой', '-100'), ('побольше', '-100'), ('стала', '-100')]"
"[('с', '-100'), ('матюшек', 'D'), ('не', '-100'), ('стала', '-100'), ('учиться', '-100'), ('как', '-100'), ('вы', '-100'), ('думаете', '-100')]"
"[('она', '-100'), ('дочуш', 'D'), ('клади', '-100'), ('говорят', '-100'), ('под', '-100'), ('подушку', '-100'), ('книжку', '-100'), ('прочитаешь', '-100'), ('книжку', '-100'), ('под', '-100'), ('подушку', '-100')]"
"[('почему', '-100'), ('вы', '-100'), ('не', '-100'), ('пускаете', '-100'), ('девочку', 'E'), ('то', 'E'), ('она', '-100'), ('хорошо', '-100'), ('учится', '-100')]"
"[('что', '-100'), ('мы-то', '-100'), ('вот', '-100'), ('девочки', '-100'), ('с', '-100'), ('девочкою', 'D'), ('и', '-100'), ('мальчиков', '-100'), ('нету', '-100'), ('никого', '-100')]"
"[('одной', '-100'), ('бабушке', '-100'), ('надо', '-100'), ('две', '-100'), ('пясточки', 'D'), ('дать', '-100'), ('другая', '-100'), ('бабушка', '-100')]"
"[('и', '-100'), ('йим', 'D'), ('дают', '-100')]"
"[('двери', '-100'), ('теперь', '-100'), ('во', '-100'), ('всех', '-100'), ('заложены', '-100'), ('раньше', '-100'), ('не', '-100'), ('закладали', 'D'), ('дверь', '-100'), ('никто', '-100')]"
"[('и', '-100'), ('в', '-100'), ('прошлом', '-100'), ('году', '-100'), ('ходили', '-100'), ('женщины', '-100'), ('ругал', '-100'), ('не', '-100'), ('приваживай', 'D')]"
"[('кто', '-100'), ('маленько', 'D'), ('помоложе', '-100'), ('а', '-100'), ('кого', '-100'), ('мне', '-100'), ('уже', '-100'), ('девяносто', '-100'), ('лет', '-100'), ('скоро', '-100')]"
"[('милые', '-100'), ('это', '-100'), ('вот', '-100'), ('она', '-100'), ('приехавши', 'D'), ('у', '-100'), ('меня', '-100'), ('с', '-100'), ('ленинграда', '-100'), ('а', '-100'), ('так', '-100'), ('она', '-100'), ('б', '-100'), ('жила', '-100'), ('в', '-100'), ('ленинграде', '-100')]"
"[('вот', '-100'), ('колхозы', '-100'), ('сочиняли', '-100'), ('вот', '-100'), ('у', '-100'), ('нас', '-100'), ('был', '-100'), ('жеребёнок', 'D'), ('от', '-100'), ('немцев', '-100'), ('прятал', '-100'), ('папа', '-100'), ('по', '-100'), ('лесу', '-100')]"
"[('мама', '-100'), ('сзаду', 'D')]"
"[('жеребёнка', '-100'), ('спортите', 'D')]"
"[('в', '-100'), ('двух', '-100'), ('за', '-100'), ('борону', 'D'), ('тянем', '-100')]"
"[('под', '-100'), ('ляды', 'D'), ('разбиваем', '-100'), ('эти', '-100'), ('кочки', '-100')]"
"[('и', '-100'), ('я', '-100'), ('пошла', '-100'), ('с', '-100'), ('йим', 'D'), ('опять', '-100'), ('косить', '-100')]"
"[('их', '-100'), ('с', '-100'), ('зерном', '-100'), ('в', '-100'), ('опочку', 'D'), ('возила', '-100'), ('государство', '-100'), ('отправляло', '-100'), ('по', '-100'), ('семь', '-100'), ('мешков', '-100')]"
"[('он', '-100'), ('и', '-100'), ('говорит', '-100'), ('а', '-100'), ('ну-ка', '-100'), ('хлопцы', 'D'), ('давайте', '-100'), ('девке', 'D'), ('поможемте', 'D')]"
"[('наверно', 'D'), ('двадцатых', 'D'), ('годе', 'D')]"
"[('аны', 'D'), ('хохочут', '-100'), ('надо', '-100'), ('мной', '-100')]"
"[('а', '-100'), ('ягоды', '-100'), ('а', '-100'), ('ягоды', 'D'), ('то', 'D'), ('это', '-100'), ('далёко', 'D')]"
"[('недалёко', 'D'), ('там', '-100'), ('ходили', '-100'), ('в', '-100'), ('шлёпиху', 'D')]"
"[('продашь', '-100'), ('снесёшь', 'D'), ('в', '-100'), ('опочку', 'D'), ('на', '-100'), ('то', '-100'), ('и', '-100'), ('живёшь', '-100')]"
"[('у', '-100'), ('нас', '-100'), ('отдыху', 'D'), ('и', '-100'), ('не', '-100'), ('было', '-100'), ('отдыхали', '-100'), ('как', '-100')]"
"[('вот', '-100'), ('я', '-100'), ('не', '-100'), ('помню', '-100'), ('никола', 'D'), ('рождество', '-100')]"
"[('чтоб', 'D'), ('никола', 'D'), ('вписана', 'D'), ('в', '-100'), ('газетках', '-100'), ('или', '-100'), ('где', '-100'), ('в', '-100'), ('книжках', '-100')]"
"[('никола', 'D'), ('летняя', '-100'), ('двадцать', '-100'), ('второго', '-100')]"
"[('а', '-100'), ('теперь', '-100'), ('николы', 'D'), ('нет', '-100'), ('нигде', '-100'), ('ни', '-100'), ('зимней', '-100'), ('ни', '-100'), ('летней', '-100'), ('нет', '-100')]"
"[('гулянки', 'D'), ('да', '-100')]"
"[('тебя', '-100'), ('за', '-100'), ('стол', '-100'), ('с', 'D'), ('йих', 'D')]"
"[('там', '-100'), ('малёхо', 'D'), ('мне', '-100')]"
"[('отрежут', '-100'), ('вкратке', 'D'), ('сунут', '-100')]"
"[('с', '-100'), ('бороду', 'D')]"
"[('а', '-100'), ('вышедши', 'D'), ('была', '-100')]"
"[('йаны', 'D'), ('меня', '-100'), ('знали', '-100'), ('всё', '-100'), ('вот', '-100'), ('этот', '-100'), ('и', '-100'), ('вот', '-100'), ('этот', '-100')]"
"[('клавдия', '-100'), ('тут', '-100'), ('вот', '-100'), ('мужик', '-100'), ('ейный', 'D'), ('клавдин', '-100')]"
"[('с', '-100'), ('йим', 'D'), ('приехали', '-100')]"
"[('едут', '-100'), ('и', '-100'), ('под', '-100'), ('себежем', 'D')]"
"[('опоринки', 'D'), ('никакой', '-100')]"
"[('мамушка', 'D'), ('в', '-100'), ('поле', '-100'), ('взялась', '-100'), ('ради', '-100'), ('меня', '-100'), ('брат', '-100'), ('поженился', '-100'), ('не', '-100'), ('дашь', '-100')]"
"[('за', '-100'), ('трудодень', '-100'), ('работалши', 'D'), ('мы', '-100'), ('маленькие', '-100'), ('чтобы', '-100'), ('подмочь', 'D'), ('ей', '-100')]"
"[('всяко', 'D'), ('пожито', 'D')]"
"[('а', '-100'), ('муж', '-100'), ('когда', '-100'), ('умер', '-100'), ('а', '-100'), ('лет', '-100'), ('десять', '-100'), ('умерши', 'D')]"
"[('как', '-100'), ('обрёк', 'D'), ('врач', '-100')]"
"[('но', '-100'), ('душно', '-100'), ('купе', 'D'), ('ты', '-100'), ('слышала', '-100'), ('что', '-100'), ('сказал', '-100'), ('говорил', '-100')]"
"[('я', '-100'), ('-', '-100'), ('маленькую', '-100'), ('мне', '-100'), ('не', '-100'), ('надова', 'D'), ('много', '-100'), ('маленькую', '-100')]"
"[('поджегать', 'E'), ('и', '-100'), ('бить', '-100'), ('и', '-100')]"
"[('вот', '-100'), ('я', '-100'), ('ругаю', '-100'), ('дочушку', 'D')]"
"[('и', '-100'), ('стоит', '-100'), ('он', '-100'), ('с', '-100'), ('верёвкою', 'D')]"
"[('да', '-100'), ('теперь', '-100'), ('и', '-100'), ('бочек', '-100'), ('нету', '-100'), ('а', '-100'), ('таки', 'D'), ('раньше', '-100'), ('были', '-100'), ('бочечки', '-100'), ('такие', '-100'), ('небольшие', '-100')]"
"[('ну', '-100'), ('не', '-100'), ('знаю', '-100'), ('девчушки', 'D')]"
"[('вечерком', 'D'), ('все', '-100'), ('дома', '-100')]"
"[('а', '-100'), ('чего', '-100'), ('не', '-100'), ('против', '-100'), ('ишь', 'D')]"
"[('руку', '-100'), ('дали', '-100'), ('так', '-100'), ('сразу', '-100'), ('без', '-100'), ('вочереди', 'D')]"
"[('так', '-100'), ('мне', '-100'), ('прописан', 'D'), ('капли', '-100')]"
"[('вучиться', 'D'), ('не', '-100'), ('работать', '-100'), ('физически', '-100')]"
"[('несите-несите', '-100'), ('куплен', '-100'), ('всяко', 'D'), ('разный', '-100')]"
"[('не', '-100'), ('слыхивала', 'D'), ('я', '-100')]"
"[('свои', 'D'), ('что', '-100'), ('скорей', '-100'), ('да', '-100'), ('крикнут', '-100'), ('на', '-100'), ('меня', '-100'), ('а', '-100'), ('он', '-100'), ('нет', '-100')]"
"[('такой', '-100'), ('усердный', '-100'), ('малец', 'D'), ('был', '-100')]"
"[('евонов', 'D'), ('в', '-100'), ('машине', '-100'), ('и', '-100'), ('всё', '-100'), ('равно', '-100'), ('машине', '-100')]"
"[('старый', '-100'), ('уже', '-100'), ('хотел', '-100'), ('сменить', '-100'), ('и', '-100'), ('деньжонок', 'D'), ('подобрал', '-100')]"
"[('раз', '-100'), ('похороненый', 'E')]"
"[('а', '-100'), ('как', '-100'), ('в', '-100'), ('церкву', 'D'), ('сходят', '-100'), ('отслужат', 'D')]"
"[('свои', '-100'), ('родненькие', 'D'), ('соберутся', '-100')]"
"[('и', '-100'), ('помянёт', 'D')]"
"[('раньше', '-100'), ('всё', '-100'), ('по-другому', '-100'), ('было', '-100'), ('теперь', '-100'), ('перевернулась', '-100'), ('жизнь', '-100'), ('во', '-100'), ('всих', 'D')]"
"[('я', '-100'), ('уже', '-100'), ('своих', '-100'), ('вот', '-100'), ('что', '-100'), ('в', '-100'), ('деревне', '-100'), ('в', '-100'), ('матюшкине', 'D'), ('всих', 'D'), ('забыла', '-100')]"
"[('саник', 'D'), ('первей', 'D'), ('всех', '-100'), ('захватил-то', '-100')]"
"[('никто', '-100'), ('не', '-100'), ('знает', '-100'), ('когда', '-100'), ('мы', '-100'), ('мрём', 'D')]"
"[('как', '-100'), ('я', '-100'), ('вчера', '-100'), ('сон', '-100'), ('соснился', 'D')]"
"[('нога', '-100'), ('вытянут', 'D'), ('что', '-100'), ('жарко', '-100')]"
"[('с-под', 'D'), ('одеяла', '-100')]"
"[('-', '-100'), ('а', '-100'), ('я', '-100'), ('думала', '-100'), ('ты', '-100'), ('уже', '-100'), ('и', '-100'), ('уехала', '-100'), ('чего', '-100'), ('это', '-100'), ('ты', '-100'), ('такую', 'D'), ('рань', 'D'), ('думаю', '-100'), ('уехала', 'D')]"
"[('здраствуйте', 'E')]"
"[('нет', '-100'), ('не', '-100'), ('надо', '-100'), ('не-не-не', '-100'), ('мой', '-100'), ('хороший', '-100'), ('не-не-не', '-100'), ('это', '-100'), ('тоже', '-100'), ('я', '-100'), ('только-только', '-100'), ('приехала', '-100'), ('с', 'D'), ('магазина', 'D'), ('и', '-100'), ('чай', '-100'), ('купила', '-100'), ('и', '-100'), ('вот', '-100'), ('это', '-100'), ('я', '-100'), ('прям', 'D'), ('с', 'D'), ('опочки', 'D'), ('с', '-100'), ('этого', '-100')]"
"[('да', '-100'), ('я', '-100'), ('тоже', '-100'), ('приехала', '-100'), ('сейчас', '-100'), ('в', '-100'), ('опочку', 'D'), ('ездила', '-100'), ('тоже', '-100'), ('за', '-100'), ('продуктами', '-100'), ('так', '-100')]"
"[('купила', '-100'), ('ей', '-100'), ('мягонькую', 'D'), ('абрикосину', 'D'), ('эту', '-100')]"
"[('например', '-100'), ('когда', '-100'), ('быбушка', 'E'), ('одна', '-100'), ('я', '-100'), ('говорю', '-100'), ('никому', '-100'), ('дверь', '-100'), ('не', '-100'), ('открывать', '-100')]"
"[('вот', '-100'), ('знаю', '-100'), ('что', '-100'), ('вот', '-100'), ('я', '-100'), ('говорю', '-100'), ('в', '-100'), ('серове', 'D'), ('только', '-100'), ('ту', '-100'), ('бабу', '-100'), ('женю', '-100'), ('знаю', '-100'), ('и', '-100'), ('всё', '-100'), ('больше', '-100'), ('никого', '-100'), ('не', '-100'), ('знаю', '-100'), ('я', '-100'), ('лично', '-100')]"
"[('это', '-100'), ('четырнадцать', '-100'), ('километров', '-100'), ('от', '-100'), ('опочки', 'D'), ('но', '-100'), ('другое', '-100'), ('направление', '-100')]"
"[('вся', 'D'), ('никто', '-100'), ('не', '-100'), ('работал', '-100'), ('все', '-100'), ('гулевали', 'D'), ('так', '-100'), ('что', '-100')]"
"[('девочки', '-100'), ('нате', 'D'), ('если', '-100'), ('не', '-100'), ('хотите', '-100'), ('сразу', '-100'), ('кушать', '-100'), ('так', '-100'), ('это', '-100'), ('в', '-100'), ('пакетик', '-100')]"
"[('не', '-100'), ('заимейте', 'D')]"
"[('деревенское', '-100'), ('корушки', 'D')]"
"[('я', '-100'), ('мешаю', '-100'), ('девчонки', '-100'), ('чувствую', '-100')]"
"[('до', '-100'), ('свиданья', 'E'), ('.', '-100')]"
"[('вот', '-100'), ('игоря', '-100'), ('да', '-100'), ('игорь', '-100'), ('у', '-100'), ('нас', '-100'), ('не', '-100'), ('проблема', '-100'), ('хороший', '-100'), ('ребёнок', '-100'), ('там', '-100'), ('не', '-100'), ('слушается', '-100'), ('маленько', 'D')]"
"[('мамка', 'D'), ('нас', '-100'), ('бросила', '-100'), ('кинула', '-100'), ('его', '-100'), ('выкинула', '-100'), ('с', '-100'), ('новосокольников', 'D'), ('а', '-100'), ('мамка', 'D'), ('нас', '-100'), ('бросила', '-100')]"
"[('игорь', '-100'), ('давай', '-100'), ('девчонкам', '-100'), ('что-нибудь', '-100'), ('угости', '-100'), ('им', 'D'), ('печеньем', '-100')]"
"[('кого', '-100'), ('ты', '-100'), ('там', '-100'), ('бузишь', 'D')]"
"[('поди', 'D'), ('уже', '-100'), ('по', '-100'), ('семнадцать', 'D'), ('по', '-100'), ('восемнадцать', 'D'), ('лет', '-100')]"
"[('пап', '-100'), ('подыми', 'D'), ('меня', '-100')]"
"[('расскажи', '-100'), ('рассказ', 'D'), ('им', '-100')]"
"[('позвала', '-100'), ('бабка', 'D'), ('внучку', '-100')]"
"[('тянут-потянут', '-100'), ('выгащить', 'E'), ('не', '-100'), ('могут', '-100')]"
"[('да', '-100'), ('рома-то', 'D'), ('тебя', '-100'), ('бы', '-100'), ('знала', '-100'), ('я', '-100')]"
"[('а', '-100'), ('тых', 'D'), ('девочек', '-100'), ('забыла', '-100'), ('я', '-100')]"
"[('а', '-100'), ('я', '-100'), ('думаю', '-100'), ('вот', '-100'), ('только', '-100'), ('с', '-100'), ('вулицы', 'D'), ('я', '-100'), ('пришла', '-100')]"
"[('ой', '-100'), ('ноньма', 'D'), ('заболелши', 'D'), ('я', '-100')]"
"[('вот', '-100'), ('сегодня', '-100'), ('была', '-100'), ('скорая', '-100'), ('пришедши', 'D'), ('сделали', '-100'), ('укол', '-100'), ('и', '-100'), ('уехали', '-100'), ('теперь', '-100'), ('на', '-100'), ('неделю', '-100')]"
"[('не', '-100'), ('уже', '-100'), ('возраст', '-100'), ('такой', '-100'), ('что', '-100'), ('моих', '-100'), ('ровесников', '-100'), ('считай', '-100'), ('и', '-100'), ('не', '-100'), ('стается', 'D')]"
"[('ещё', '-100'), ('к', '-100'), ('девятносто', 'E'), ('двинется', '-100'), ('так', '-100'), ('кого', '-100'), ('ж', '-100')]"
"[('а', '-100'), ('потом', '-100'), ('купили', '-100'), ('этот', '-100'), ('дом', '-100'), ('перешли', '-100'), ('сюда', '-100'), ('и', '-100'), ('я', '-100'), ('тут', '-100'), ('прожили', 'D'), ('уже', '-100'), ('пятьдесят', '-100'), ('восемь', '-100'), ('лет', '-100')]"
"[('в', '-100'), ('кадникове', 'D'), ('я', '-100'), ('прожила', '-100'), ('двенадцать', '-100'), ('лет', '-100')]"
"[('сын', '-100'), ('помёрши', '-100'), ('семнадцать', 'D'), ('лет', 'D'), ('мужик', '-100'), ('-', '-100'), ('тридцать', 'D'), ('шесть', 'D'), ('лет', 'D'), ('помёрши', 'D'), ('а', '-100'), ('я', '-100'), ('одна', '-100')]"
"[('что', '-100'), ('в', '-100'), ('порядино', 'D')]"
"[('ну', '-100'), ('там', '-100'), ('осталши', 'D'), ('можно', '-100'), ('сказать', '-100'), ('одна', '-100'), ('бабка', '-100')]"
"[('и', '-100'), ('сейчас', '-100'), ('конечно', '-100'), ('брод', '-100'), ('есть', '-100'), ('-', '-100'), ('с', '-100'), ('кадникова', 'D'), ('в', '-100'), ('порядино', 'D')]"
"[('а', '-100'), ('в', '-100'), ('порядине', 'D'), ('только', '-100'), ('дачники', '-100')]"
"[('там', '-100'), ('народу', '-100'), ('нету', '-100'), ('деревня', '-100'), ('осталши', 'D'), ('и', '-100'), ('всё', '-100')]"
"[('ой', '-100'), ('а', '-100'), ('есть', '-100'), ('ли', '-100'), ('йон', 'D'), ('дед-кабак', '-100')]"
"[('и', '-100'), ('так', '-100'), ('и', '-100'), ('тиханова', 'D'), ('росляков', 'D'), ('нет', '-100'), ('загонья', 'D'), ('нет', '-100'), ('старина', '-100'), ('нет', '-100'), ('сидорова', 'D'), ('нет', '-100'), ('попцов', 'D'), ('нет', '-100')]"
"[('там', '-100'), ('какие-то', '-100'), ('справки', '-100'), ('выдают', '-100'), ('и', '-100'), ('всё', '-100'), ('теперь', '-100'), ('сельсовет', '-100'), ('в', '-100'), ('варыгине', 'D')]"
"[('всё', '-100'), ('склепали', 'D'), ('в', '-100'), ('одну', '-100'), ('кучу', '-100')]"
"[('со', '-100'), ('старшим', '-100'), ('тут', '-100'), ('на', '-100'), ('считай', '-100'), ('никто', '-100'), ('и', '-100'), ('не', '-100'), ('осталши', 'D')]"
"[('сегодня', '-100'), ('две', '-100'), ('гуляло', '-100'), ('соседовы', 'D'), ('они', '-100'), ('приезжие', '-100'), ('не', '-100'), ('местные', '-100')]"
"[('а', '-100'), ('деревня', '-100'), ('-', '-100'), ('если', '-100'), ('от', 'D'), ('мосту', 'D'), ('начинается', '-100'), ('барабаны', '-100'), ('я', '-100'), ('конец', '-100'), ('барабаны', '-100'), ('начинается', '-100'), ('серово', 'D')]"
"[('папка', 'D'), ('с', '-100'), ('мамкой', 'D'), ('получат', '-100'), ('пенсию', '-100'), ('мне', '-100'), ('дадут', '-100'), ('ну', '-100'), ('а', '-100'), ('зачем', '-100'), ('я', '-100'), ('буду', '-100'), ('работать', '-100')]"
"[('никакой', '-100'), ('техники', '-100'), ('можно', '-100'), ('сказать', '-100'), ('мы', '-100'), ('и', '-100'), ('не', '-100'), ('видали', 'D')]"
"[('тогда', '-100'), ('и', '-100'), ('говорят', '-100'), ('а', '-100'), ('ели', '-100'), ('ли', '-100'), ('эти', '-100'), ('девки', '-100'), ('сегодня', '-100'), ('аль', 'D'), ('не', 'D')]"
"[('а', '-100'), ('после', '-100'), ('войны', '-100'), ('конечно', '-100'), ('ходили', '-100'), ('коров', 'D'), ('пригнали', '-100'), ('с', 'D'), ('германии', 'D'), ('коней', '-100')]"
"[('возьмутся', '-100'), ('цыгане', '-100'), ('маленько', 'D'), ('попасут', '-100'), ('бросают', '-100')]"
"[('этые', 'D'), ('дурочки', '-100')]"
"[('не', '-100'), ('они', '-100'), ('не', '-100'), ('знаю', '-100'), ('где', '-100'), ('родились', '-100'), ('к', '-100'), ('ребятёнкам', 'D'), ('они', '-100'), ('сюда', '-100')]"
"[('а', '-100'), ('потом', '-100'), ('у', '-100'), ('йих', 'D'), ('было', '-100'), ('три', '-100'), ('цыганки', '-100')]"
"[('родные', '-100'), ('вот', '-100'), ('одна', '-100'), ('семья', '-100'), ('вымерла', 'D'), ('цыганочка', '-100'), ('одна', '-100'), ('осталась', '-100'), ('тая', 'D'), ('в', '-100'), ('пуршеве', 'D')]"
"[('и', '-100'), ('эта', '-100'), ('дочка', '-100'), ('осталши', 'D'), ('мать', '-100'), ('помёрла', 'D'), ('тоже', '-100'), ('вот', '-100'), ('тут', '-100'), ('в', '-100'), ('клубе', '-100'), ('жила', '-100')]"
"[('приезжает', '-100'), ('племянник', '-100'), ('сестрин', 'D'), ('сын', '-100')]"
"[('дочка', '-100'), ('там', '-100'), ('в', '-100'), ('испании', '-100'), ('замуж', '-100'), ('вышедши', 'D')]"
"[('в', '-100'), ('коровкине', 'D'), ('купил', '-100'), ('тот', 'D'), ('дом', '-100'), ('-', '-100'), ('рассыпал', '-100'), ('рассыпал', '-100'), ('-', '-100'), ('так', '-100'), ('и', '-100'), ('бросил', '-100')]"
"[('теперь', '-100'), ('уехалши', 'D'), ('в', '-100'), ('испанию', '-100'), ('месяц', '-100'), ('уже', '-100'), ('вот', '-100'), ('должен', '-100'), ('приехать', '-100'), ('оттуда', '-100')]"
"[('а', '-100'), ('приедет', '-100'), ('жонка', 'D'), ('в', '-100'), ('москву', '-100'), ('-', '-100'), ('я', '-100'), ('и', '-100'), ('не', '-100'), ('знаю', '-100')]"
"[('вси', 'D'), ('на', '-100'), ('машинах', '-100'), ('являются', '-100')]"
"[('а', '-100'), ('это', '-100'), ('соседи', '-100'), ('кто', '-100'), ('нас', '-100'), ('знает', '-100'), ('их', '-100'), ('нету', '-100'), ('а', '-100'), ('это', '-100'), ('уже', '-100'), ('ихные', 'D'), ('дети', '-100'), ('они', '-100'), ('нас', '-100'), ('и', '-100'), ('не', '-100'), ('видали', 'D'), ('можно', '-100'), ('сказать', '-100')]"
"[('не', '-100'), ('осталши', 'D'), ('этого', '-100'), ('ничего', '-100')]"
"[('ну', '-100'), ('там', '-100'), ('наверно', 'D'), ('в', '-100'), ('кадникове', 'D'), ('дачники', '-100'), ('есть', '-100'), ('вот', '-100'), ('где', '-100'), ('бабки', '-100'), ('находились', '-100'), ('там', '-100'), ('тот', '-100'), ('дом', '-100'), ('не', '-100'), ('бросить', '-100'), ('он', '-100')]"
"[('уже', '-100'), ('пять', '-100'), ('часов', '-100'), ('наверно', 'D')]"
"[('вот', '-100'), ('мой', '-100'), ('отец', '-100'), ('серовский', '-100'), ('в', '-100'), ('этой', '-100'), ('деревне', '-100'), ('было', '-100'), ('двадцать', '-100'), ('два', '-100'), ('мальца', 'D')]"
"[('а', '-100'), ('ходят', '-100'), ('взад-вперёд', 'D')]"
"[('и', '-100'), ('задеремся', 'D'), ('так', '-100'), ('что', '-100'), ('и', '-100'), ('убьют', '-100'), ('парень', '-100'), ('парня', '-100')]"
"[('а', '-100'), ('кто', '-100'), ('приходит', '-100'), ('на', '-100'), ('ярманку', 'D'), ('-', '-100'), ('и', '-100'), ('ножик', '-100'), ('в', '-100'), ('кармане', '-100')]"
"[('а', '-100'), ('мы', '-100'), ('примерно', '-100'), ('помираем', 'D'), ('-', '-100'), ('то', 'D'), ('в', '-100'), ('церкви', '-100'), ('проводят', '-100')]"
"[('а', '-100'), ('сжигать', '-100'), ('не', '-100'), ('положен', 'D'), ('это', '-100'), ('с', 'D'), ('веков', '-100'), ('в', '-100'), ('века', '-100')]"
"[('да', '-100'), ('это', '-100'), ('время', '-100'), ('хорошая', '-100'), ('средка', 'D'), ('дождинки', 'D'), ('проходили', '-100'), ('дня', '-100'), ('два', '-100'), ('был', '-100'), ('дождь', '-100')]"
"[('было', '-100'), ('засохши', 'D'), ('так', '-100'), ('дня', '-100'), ('два', '-100'), ('прошёл', '-100'), ('дождь', '-100'), ('а', '-100'), ('теперь', '-100'), ('можно', '-100'), ('сказать', '-100'), ('давно', '-100'), ('уже', '-100'), ('нет', '-100'), ('дожжу', 'D')]"
"[('йон', 'D'), ('нанимает', '-100'), ('косилку', '-100'), ('а', '-100'), ('косить', '-100'), ('тоже', '-100'), ('некому', '-100')]"
"[('просит', 'D'), ('а', '-100'), ('вот', '-100'), ('и', '-100'), ('стоят', '-100'), ('огороды', '-100'), ('некошен', 'E')]"
"[('да', '-100'), ('хлев', '-100'), ('сарай', '-100'), ('ну', '-100'), ('сарай', '-100'), ('сейчас', '-100'), ('захламощён', 'D'), ('племянника', '-100')]"
"[('дровы', 'D'), ('в', '-100'), ('той', '-100'), ('повети', 'D'), ('у', '-100'), ('меня', '-100')]"
"[('дровы', 'D'), ('были', '-100'), ('сухие', '-100'), ('на', '-100'), ('вулицы', 'D'), ('переволочила', '-100')]"
"[('а', '-100'), ('его', '-100'), ('нет', '-100'), ('уже', '-100'), ('теперь', '-100'), ('наверно', 'D'), ('сорок', '-100'), ('лет', '-100')]"
"[('сейчас', '-100'), ('никого', '-100'), ('-', '-100'), ('скотины', '-100'), ('нету', '-100'), ('и', '-100'), ('свету', '-100'), ('в', 'D'), ('хлев', 'D'), ('нет', '-100')]"
"[('в', 'D'), ('дому', 'D'), ('только', '-100')]"
"[('байня', 'D'), ('да', '-100'), ('и', '-100'), ('байне', 'D'), ('наверно', 'D'), ('больше', '-100'), ('тридцати', '-100'), ('лет', '-100')]"
"[('байню', '-100'), ('йон', 'D'), ('только', '-100'), ('покрыл', '-100')]"
"[('были', 'D'), ('раньше', '-100'), ('канавы', '-100'), ('выкопан', 'D'), ('глубокие', '-100')]"
"[('с', '-100'), ('реки', '-100'), ('попросишь', '-100'), ('-', '-100'), ('вот', '-100'), ('у', '-100'), ('мя', 'D'), ('две', '-100'), ('бочки', '-100'), ('стоит', '-100'), ('попросила', '-100'), ('-', '-100'), ('привезли', '-100'), ('воду', '-100'), ('слили', '-100'), ('мне', '-100')]"
"[('вот', '-100'), ('рядом', '-100'), ('сосед', '-100'), ('-', '-100'), ('в', '-100'), ('доме', '-100'), ('вода', '-100'), ('у', '-100'), ('его', 'D')]"
"[('и', '-100'), ('у', '-100'), ('цыганки', '-100'), ('вики', '-100'), ('в', 'D'), ('дому', 'D'), ('вода', '-100')]"
"[('говорят', '-100'), ('что', '-100'), ('мало', '-100'), ('черник', 'D'), ('но', '-100'), ('мне', '-100'), ('не', '-100'), ('ходить', '-100'), ('ни', '-100'), ('в', 'D'), ('какие', '-100'), ('ягоды', 'D')]"
"[('а', '-100'), ('землянику', '-100'), ('продают', '-100'), ('это', '-100'), ('ноньм', 'D'), ('говорят', '-100'), ('что', '-100'), ('мы', '-100'), ('поллитровую', '-100'), ('банку', '-100'), ('продаём', '-100'), ('пятьсот', '-100'), ('рублей', '-100')]"
"[('а', '-100'), ('я', '-100'), ('и', '-100'), ('говорю', '-100'), ('это', '-100'), ('с', '-100'), ('ума', '-100'), ('надо', '-100'), ('сойти', '-100'), ('-', '-100'), ('за', '-100'), ('поллитровую', '-100'), ('банку', '-100'), ('пятьсот', '-100'), ('рублей', '-100'), ('заплатить', '-100')]"
"[('много', 'D'), ('прошлом', 'D'), ('году', '-100'), ('их', '-100'), ('двести', 'D'), ('пятьдесят', 'D'), ('продавали', '-100')]"
"[('а', '-100'), ('прошлом', 'D'), ('году', 'D'), ('я', '-100'), ('сама', '-100'), ('покупала', '-100')]"
"[('и', '-100'), ('то', '-100'), ('а', '-100'), ('вот', '-100'), ('я', '-100'), ('другой', 'D'), ('раз', 'D'), ('продала', '-100'), ('за', '-100'), ('триста', 'D'), ('я', '-100'), ('тебе', '-100'), ('дёшево', 'D'), ('продала', '-100')]"
"[('а', '-100'), ('ноньма', 'D'), ('не', '-100'), ('знаю', '-100')]"
"[('бог', '-100'), ('с', 'D'), ('йим', 'D'), ('с', '-100'), ('ягодами', '-100')]"
"[('а', '-100'), ('йана', 'D'), ('йето', 'D'), ('давно', '-100'), ('посажен', 'D'), ('считай', '-100'), ('смороды', 'D'), ('нет', '-100'), ('вот', '-100'), ('крыжовник', '-100'), ('есть', '-100')]"
"[('ага', '-100'), ('и', '-100'), ('йето', 'D'), ('была', '-100'), ('кружевинка', 'D'), ('для', '-100'), ('байни', '-100'), ('я', '-100'), ('выкопала', '-100'), ('вот', '-100'), ('тут', '-100'), ('посадила', '-100')]"
"[('вот', '-100'), ('второй', '-100'), ('или', '-100'), ('третий', '-100'), ('год', '-100'), ('кружевник', 'D'), ('есть', '-100')]"
"[('ранетка', 'D'), ('есть', '-100'), ('яблоки', '-100'), ('вот', '-100'), ('туда', '-100'), ('подальше', '-100')]"
"[('а', '-100'), ('йето', 'D'), ('старая', '-100'), ('яблоня', '-100'), ('кое-где', '-100'), ('и', '-100'), ('яблочко', '-100')]"
"[('да', '-100'), ('вот', '-100'), ('этот', '-100'), ('последний', '-100'), ('дом', '-100'), ('и', '-100'), ('рядом', '-100'), ('перепишенный', 'D'), ('последний', '-100')]"
"[('тая', 'D'), ('дорога', '-100'), ('называется', '-100'), ('село', '-100'), ('а', '-100'), ('эта', '-100'), ('дорога', '-100'), ('-', '-100'), ('гора', '-100')]"
"[('а', '-100'), ('туда', '-100'), ('дальше', '-100'), ('за', '-100'), ('деревней', '-100'), ('село', '-100'), ('там', '-100'), ('было', '-100'), ('емельянцево', 'D')]"
"[('парни', '-100'), ('и', '-100'), ('девчата', 'D'), ('отдыхали', '-100')]"
"[('дома', '-100'), ('там', '-100'), ('настроена', 'D'), ('были', 'D')]"
"[('сейчас', '-100'), ('дачники', '-100'), ('приехавши', 'D'), ('в', '-100'), ('серове', 'D'), ('там', '-100')]"
"[('а', '-100'), ('никого', '-100'), ('одна', '-100'), ('баба', '-100'), ('там', '-100'), ('осталши', 'D')]"
"[('в', '-100'), ('первом', '-100'), ('доме', '-100'), ('ну', '-100'), ('йето', 'D'), ('только', '-100'), ('на', '-100'), ('пенсию', '-100'), ('ушедши', 'D')]"
"[('хочешь', '-100'), ('-', '-100'), ('по', '-100'), ('горе', '-100'), ('сюда', '-100'), ('пройди', '-100'), ('а', '-100'), ('сюда', '-100'), ('если', '-100'), ('по', '-100'), ('дороге', '-100'), ('-', '-100'), ('там', '-100'), ('дачники', '-100'), ('приехавши', 'D')]"
"[('и', '-100'), ('она', '-100'), ('вывела', '-100'), ('и', '-100'), ('а', '-100'), ('ей', 'D'), ('не', '-100'), ('в', '-100'), ('силах', '-100')]"
"[('был', '-100'), ('здеся', 'D'), ('участковым', '-100')]"
"[('там', '-100'), ('год', '-100'), ('за', '-100'), ('два', '-100'), ('год', '-100'), ('за', '-100'), ('полтора', '-100'), ('йаму', 'D'), ('шёл', '-100')]"
"[('говорит', '-100'), ('ребяты', 'D'), ('-', '-100'), ('говорит', '-100'), ('-', '-100'), ('со', 'D'), ('своего', '-100'), ('города', '-100'), ('я', '-100'), ('никуда', '-100'), ('не', '-100'), ('уеду', '-100')]"
"[('они', '-100'), ('приехавши', 'D')]"
"[('два', '-100'), ('мальца', 'D'), ('тама', 'D'), ('внучка', '-100'), ('у', '-100'), ('меня', '-100'), ('тута', 'D')]"
"[('да', '-100'), ('ну', '-100'), ('раньше', '-100'), ('они', '-100'), ('там', '-100'), ('на', '-100'), ('хуторе', '-100'), ('жили', '-100'), ('под', '-100'), ('емельянцевым', 'D'), ('там', '-100')]"
"[('как', '-100'), ('в', '-100'), ('двенадцать', '-100'), ('лет', '-100'), ('двадцать', '-100'), ('два', '-100'), ('гектара', '-100'), ('картошки', '-100'), ('разъезжали', 'D'), ('ребята', '-100'), ('в', '-100'), ('четырёх', '-100')]"
"[('всего', '-100'), ('поглядели', 'D'), ('всего', '-100'), ('повидали', 'D')]"
"[('в', '-100'), ('общем', '-100'), ('спать', '-100'), ('горазд', 'D'), ('не', '-100'), ('приходилось', '-100')]"
"[('а', '-100'), ('здеся', 'D'), ('в', '-100'), ('опочке', 'D')]"
"[('всю', '-100'), ('жизнь', '-100'), ('тута', 'D')]"
"[('раньше', '-100'), ('вот', '-100'), ('посюда', 'D'), ('был', '-100'), ('вот', '-100'), ('так', '-100'), ('коридор', '-100'), ('во', '-100'), ('весь', '-100')]"
"[('тут', '-100'), ('дочка', '-100'), ('помогла', '-100'), ('в', '-100'), ('ленграде', 'D'), ('работала', '-100')]"
"[('нет', '-100'), ('это', '-100'), ('павлыч', '-100'), ('был', '-100'), ('сгоревши', 'D')]"
"[('вот', '-100'), ('первый', '-100'), ('дом', '-100'), ('где', '-100'), ('стоит', '-100'), ('вот', '-100'), ('тама', 'D'), ('был', '-100'), ('сожгён', 'D'), ('наш', '-100'), ('целы', 'D'), ('были', '-100'), ('ещё', '-100'), ('дома', '-100')]"
"[('ходили', '-100'), ('в', '-100'), ('емельянцево', 'D'), ('тама', 'D')]"
"[('весь', '-100'), ('праздник', '-100'), ('тама', 'D'), ('а', '-100'), ('тут', '-100'), ('это', '-100'), ('так', '-100'), ('гости', '-100'), ('собиралися', 'D')]"
"[('а', '-100'), ('у', '-100'), ('нас', '-100'), ('не', '-100'), ('отмечают', '-100'), ('его', '-100'), ('здеся', 'D')]"
"[('в', '-100'), ('опочке', 'D'), ('отмечают', '-100'), ('в', '-100'), ('отмечают', '-100')]"
"[('съезжались', '-100'), ('и', '-100'), ('в', '-100'), ('с', '-100'), ('варыгина', 'D'), ('приезжали', '-100'), ('оттуда', '-100')]"
"[('закусывали', '-100'), ('и', '-100'), ('и', '-100'), ('шли', '-100'), ('гулять', '-100'), ('туда', '-100'), ('в', '-100'), ('емельянцево', 'D'), ('тама', 'D'), ('народу', '-100'), ('было', '-100'), ('очень', '-100'), ('много', '-100')]"
"[('ну', '-100'), ('и', '-100'), ('всё', '-100'), ('пошлите', 'D'), ('чай', '-100'), ('пить', '-100')]"
"[('и', '-100'), ('как', '-100'), ('часто', '-100'), ('вы', '-100'), ('видетесь', 'E')]"
"[('ну', '-100'), ('а', '-100'), ('я', '-100'), ('вкусил', '-100'), ('этого', '-100'), ('всего', '-100'), ('мне', '-100'), ('как-то', '-100'), ('уже', '-100'), ('кто', '-100'), ('вот', '-100'), ('это', '-100'), ('попробовал', '-100'), ('тот', '-100'), ('в', '-100'), ('сельское', '-100'), ('хозяйство', '-100'), ('не', '-100'), ('горазд', 'D'), ('хочет', '-100')]"
"[('мать', '-100'), ('работала', '-100'), ('в', '-100'), ('колхозе', '-100'), ('дабы', 'D'), ('она', '-100'), ('была', '-100'), ('старше', '-100'), ('она', '-100'), ('и', '-100'), ('птичницей', '-100'), ('работала', '-100'), ('она', '-100'), ('у', '-100'), ('меня', '-100'), ('в', '-100'), ('пашкино', 'D'), ('в', '-100'), ('пашкино', 'D'), ('ходила', '-100'), ('на', '-100'), ('птичник', '-100')]"
"[('великолукский', '-100'), ('потом', '-100'), ('кунье', 'D')]"
"[('прадед', '-100'), ('получается', '-100'), ('мамкин', '-100'), ('отец', '-100'), ('дед', '-100'), ('васька', '-100'), ('он', '-100'), ('как', '-100'), ('бы', '-100'), ('получается', '-100'), ('помер', 'D'), ('от', '-100'), ('испанки', '-100'), ('тогда', '-100'), ('в', '-100'), ('двадцатые', '-100'), ('годы', '-100'), ('испанка', '-100'), ('бушевала', '-100')]"
"[('да', '-100'), ('это', '-100'), ('такой', '-100'), ('особый', '-100'), ('вид', '-100'), ('гриппа', '-100'), ('он', '-100'), ('как', '-100'), ('пришёл', '-100'), ('потом', '-100'), ('ушёл', '-100'), ('и', '-100'), ('вообще', '-100'), ('его', '-100'), ('сейчас', '-100'), ('нет', '-100'), ('говорят', '-100'), ('возвращется', 'E')]"
"[('как', '-100'), ('бы', '-100'), ('получается', '-100'), ('там', '-100'), ('даже', '-100'), ('улица', '-100'), ('пятнадцатого', 'D'), ('июля', '-100'), ('у', '-100'), ('нас', '-100'), ('есть', '-100'), ('это', '-100'), ('как', '-100'), ('бы', '-100'), ('день', '-100'), ('города', '-100'), ('считается', '-100'), ('ну', '-100'), ('такой', '-100'), ('день', '-100'), ('освобождения', '-100'), ('города', '-100')]"
"[('ну', '-100'), ('бывали', '-100'), ('и', '-100'), ('всякие', '-100'), ('и', '-100'), ('националисты', '-100'), ('конечно', '-100'), ('и', '-100'), ('всё', '-100'), ('которые', '-100'), ('там', '-100'), ('один', '-100'), ('раз', '-100'), ('говорит', '-100'), ('и', '-100'), ('под', '-100'), ('автоматом', '-100'), ('походили', '-100'), ('и', '-100'), ('всё', '-100'), ('говорит', '-100'), ('были', '-100'), ('в', '-100'), ('подвале', '-100'), ('где-то', '-100'), ('заныкавши', 'D')]"
"[('вот', '-100'), ('ну', '-100'), ('всяко', 'D'), ('было', '-100'), ('вот', '-100'), ('в', '-100'), ('войну', '-100'), ('ну', '-100'), ('я', '-100'), ('особо', '-100'), ('не', '-100'), ('спрашивал', '-100'), ('особо', '-100'), ('мне', '-100'), ('и', '-100'), ('не', '-100'), ('рассказывали', '-100')]"
"[('а', '-100'), ('то', '-100'), ('что', '-100'), ('там', '-100'), ('под', '-100'), ('мадон', '-100'), ('направили', '-100'), ('дед', '-100'), ('тоже', '-100'), ('ничего', '-100'), ('не', '-100'), ('рассказывал', '-100'), ('да', '-100'), ('и', '-100'), ('дед', '-100'), ('помер', 'D'), ('когда', '-100'), ('я', '-100'), ('во', '-100'), ('втором', '-100'), ('классе', '-100'), ('был', '-100'), ('вот', '-100')]"
"[('это', '-100'), ('вот', '-100'), ('туда', '-100'), ('сторона', '-100'), ('на', '-100'), ('если', '-100'), ('ехать', '-100'), ('на', '-100'), ('варыгино', 'D'), ('и', '-100'), ('вправо', '-100'), ('туда', '-100'), ('на', '-100'), ('фёдоровское', '-100'), ('это', '-100'), ('староверское', '-100'), ('но', '-100'), ('она', '-100'), ('не', '-100'), ('была', '-100'), ('старовером', '-100'), ('не', '-100'), ('была', '-100')]"
"[('вот', '-100'), ('где', '-100'), ('духова', 'D'), ('кирово', 'D'), ('кирово', 'D'), ('вот', '-100'), ('кирово', 'D'), ('и', '-100'), ('духова', 'D'), ('гора', '-100'), ('там', '-100')]"
"[('да-да', '-100'), ('тоже', '-100'), ('опочецкий', 'D'), ('это', '-100'), ('всё', '-100'), ('район', '-100'), ('вот', '-100')]"
"[('она', '-100'), ('одна', '-100'), ('муж', '-100'), ('схоронен', 'D'), ('и', '-100'), ('как', '-100'), ('бы', '-100'), ('здравствуйте', '-100'), ('вот', '-100'), ('и', '-100'), ('как', '-100'), ('бы', '-100'), ('нормально', '-100')]"
"[('не', '-100'), ('ласкино', 'D'), ('ласкино', 'D'), ('это', '-100'), ('другая', '-100'), ('сторона', '-100')]"
"[('вот', '-100'), ('это', '-100'), ('у', '-100'), ('них', '-100'), ('было', '-100'), ('я', '-100'), ('семьдесят', 'D'), ('третьем', 'D'), ('году', 'D'), ('родился', '-100')]"
"[('а', '-100'), ('они', '-100'), ('ну', '-100'), ('мать', '-100'), ('в', '-100'), ('роддом', '-100'), ('повезли', '-100'), ('мне', '-100'), ('записали', '-100'), ('место', '-100'), ('рождения', '-100'), ('в', '-100'), ('опочке', 'D'), ('не', '-100'), ('тут', '-100'), ('же', '-100'), ('я', '-100'), ('в', '-100'), ('подоле', '-100'), ('родился', '-100'), ('в', '-100'), ('бане', '-100'), ('вот', '-100')]"
"[('потом', '-100'), ('она', '-100'), ('мамка', 'D'), ('ещё', '-100'), ('в', '-100'), ('райпо', 'D'), ('работала', '-100'), ('ну', '-100'), ('вот', '-100'), ('и', '-100'), ('там', '-100'), ('дали', '-100'), ('квартиру', '-100')]"
"[('то', '-100'), ('полоть', '-100'), ('то', '-100'), ('хряпа', 'D'), ('то', '-100'), ('крошить', '-100'), ('то', '-100'), ('там', '-100'), ('ещё', '-100'), ('что-то', '-100'), ('то', '-100'), ('сено', '-100'), ('сзади', '-100'), ('подграбают', 'D'), ('мне', '-100'), ('надо', '-100'), ('то', '-100'), ('скидывать', '-100'), ('то', '-100'), ('возишь', '-100'), ('то', '-100'), ('это', '-100'), ('самое', '-100'), ('косишь', '-100'), ('то', '-100'), ('ну', '-100'), ('в', '-100'), ('общем', '-100'), ('дофига', '-100'), ('чего', '-100')]"
"[('мамка', 'D'), ('с', '-100'), ('батькой', 'D'), ('в', 'D'), ('порядовку', 'D')]"
"[('женщины', '-100'), ('мужчины-от', 'D'), ('она', '-100'), ('сзади', '-100'), ('он', '-100'), ('впереди', '-100'), ('а', '-100'), ('она', '-100'), ('сзади', '-100'), ('косит', '-100'), ('не', '-100'), ('отстаёт', '-100'), ('от', '-100'), ('него', '-100'), ('надо', '-100'), ('быстро', '-100'), ('нахватать', '-100'), ('выкосить', '-100'), ('привезти', '-100'), ('потому', '-100'), ('что', '-100'), ('скотину', '-100'), ('надо', '-100'), ('свою', '-100'), ('кормить', '-100')]"
"[('всё', '-100'), ('за', '-100'), ('каждое', '-100'), ('вот', '-100'), ('что', '-100'), ('делали', '-100'), ('с', '-100'), ('утра', '-100'), ('в', '-100'), ('спозаранку', '-100'), ('мамка', 'D'), ('бидончик', '-100'), ('в', '-100'), ('город', '-100'), ('часов', '-100'), ('в', '-100'), ('пять', '-100'), ('молоко', 'D'), ('продала', '-100'), ('чтобы', '-100'), ('деньги', '-100'), ('было', 'D')]"
"[('они', '-100'), ('жили', '-100'), ('с', 'D'), ('питера', '-100'), ('приезжали', '-100'), ('вот', '-100'), ('даже', '-100'), ('пристройку', '-100'), ('там', '-100'), ('специально', '-100'), ('построили', '-100'), ('вот', '-100'), ('ту', '-100'), ('она', '-100'), ('у', '-100'), ('него', '-100'), ('для', '-100'), ('дачников', '-100'), ('тогда', '-100')]"
"[('эх', 'D'), ('как', '-100'), ('сказать', '-100'), ('тяжко', '-100'), ('если', '-100'), ('не', '-100'), ('понимаешь', '-100'), ('если', '-100'), ('в', '-100'), ('обузу', '-100'), ('а', '-100'), ('так', '-100'), ('интересно', '-100'), ('в', '-100'), ('принципе', '-100')]"
"[('да', '-100'), ('нет', '-100'), ('там', '-100'), ('там', '-100'), ('у', '-100'), ('меня', '-100'), ('несколько', '-100'), ('ульев', '-100'), ('там', '-100'), ('улей', '-100'), ('стоит', '-100'), ('ещё', '-100'), ('сейчас', '-100'), ('поеду', '-100'), ('туда', '-100'), ('посмотрю', '-100'), ('там', '-100'), ('у', '-100'), ('меня', '-100'), ('пай', '-100'), ('пять', '-100'), ('гектаров', '-100'), ('оставшись', 'D')]"
"[('два', '-100'), ('в', '-100'), ('один', '-100'), ('прилетели', '-100'), ('вот', '-100'), ('сейчас', '-100'), ('поеду', '-100'), ('посмотрю', '-100'), ('и', '-100'), ('тут', '-100'), ('мне', '-100'), ('сегодня', '-100'), ('знакомый', '-100'), ('с', '-100'), ('макушино', 'D'), ('позвонил', '-100'), ('сказал', '-100'), ('говорит', 'D'), ('серёга', 'D'), ('приезжай', '-100'), ('забирай', '-100'), ('пчёл', '-100')]"
"[('а', '-100'), ('они', '-100'), ('просто', '-100'), ('на', '-100'), ('месте', '-100'), ('леток', '-100'), ('закроешь', '-100'), ('и', '-100'), ('пчёлы', '-100'), ('все', '-100'), ('на', '-100'), ('месте', '-100'), ('спят', '-100'), ('ещё', '-100'), ('да', '-100'), ('они', '-100'), ('не', '-100'), ('вылетают', '-100'), ('так', '-100'), ('рано', '-100'), ('вот', '-100'), ('три', '-100'), ('часа', '-100'), ('как', '-100'), ('светает', 'D'), ('но', '-100'), ('они', '-100'), ('ещё', '-100'), ('не', '-100'), ('вылетают', '-100')]"
"[('вот', '-100'), ('ну', '-100'), ('здесь', '-100'), ('какие', '-100'), ('места', '-100'), ('здесь-то', '-100'), ('особо', '-100'), ('так', '-100'), ('туда', '-100'), ('если', '-100'), ('вы', '-100'), ('пройдёте', '-100'), ('по', '-100'), ('дороге', '-100'), ('того', '-100'), ('попадёте', '-100'), ('в', '-100'), ('этот', '-100'), ('самый', '-100'), ('в', '-100'), ('алтово', 'D'), ('и', '-100'), ('в', '-100'), ('пуршево', 'D')]"
"[('идёте', '-100'), ('сейчас', '-100'), ('не', '-100'), ('знаю', '-100'), ('там', '-100'), ('знак', '-100'), ('было', 'D'), ('ли', 'E'), ('не', '-100'), ('было', 'D'), ('который', '-100'), ('охота', '-100'), ('запрещена', '-100')]"
"[('вот', '-100'), ('идёт', '-100'), ('в', '-100'), ('лес', '-100'), ('основно', 'D'), ('в', '-100'), ('лес', '-100'), ('идёт', '-100'), ('идёте', '-100'), ('в', '-100')]"
"[('да-да-да', '-100'), ('в', '-100'), ('алтово', 'D'), ('я', '-100'), ('вам', '-100'), ('рассказываю', '-100'), ('вот', '-100'), ('этой', '-100'), ('левой', '-100'), ('дорогой', '-100'), ('как', '-100'), ('бы', '-100'), ('идёте', '-100')]"
"[('ну', '-100'), ('это', '-100'), ('как', '-100'), ('только', '-100'), ('перейдёте', '-100'), ('болотину', 'D'), ('сейчас', '-100'), ('не', '-100'), ('знаю', '-100'), ('вода', '-100'), ('есть', '-100'), ('там', '-100'), ('или', '-100'), ('нет', '-100'), ('там', '-100'), ('ручей', '-100'), ('тоже', '-100'), ('ну', '-100'), ('не', '-100'), ('ручей', '-100'), ('такая', '-100'), ('как', '-100'), ('бы', '-100'), ('ну', '-100'), ('канавина', '-100'), ('не', '-100'), ('канавина', '-100'), ('лужина', 'D'), ('не', '-100'), ('лужина', 'D'), ('просто', '-100'), ('болото', '-100'), ('с', '-100'), ('одного', '-100'), ('места', '-100'), ('перетекает', '-100'), ('через', '-100'), ('дорожу', 'D'), ('вот', '-100')]"
"[('э-э-э', '-100'), ('перевалите', '-100'), ('эту', '-100'), ('горочку', '-100'), ('вот', '-100'), ('прямо', '-100'), ('пуршево', 'D'), ('как', '-100'), ('раз', '-100'), ('перед', '-100'), ('вами', '-100'), ('будет', '-100'), ('вот', '-100')]"
"[('да-да-да', '-100'), ('вот', '-100'), ('в', '-100'), ('пуршево', 'D'), ('попадёте', '-100'), ('когда', '-100'), ('канатный', '-100'), ('у', '-100'), ('нас', '-100'), ('такой', '-100'), ('же', '-100'), ('вот', '-100'), ('в', '-100'), ('опочке', 'D'), ('канатный', '-100')]"
"[('в', '-100'), ('пуршево', 'D'), ('да', '-100'), ('сколько', '-100'), ('я', '-100'), ('помню', '-100'), ('сколько', '-100'), ('я', '-100'), ('живу', '-100'), ('он', '-100'), ('есть', '-100')]"
"[('вот', '-100'), ('попадаете', '-100'), ('в', '-100'), ('пуршево', 'D'), ('это', '-100'), ('и', '-100'), ('в', '-100'), ('алтово', 'D'), ('там', '-100'), ('если', '-100'), ('перейдёте', '-100'), ('дачи', '-100'), ('ну', '-100'), ('там', '-100'), ('дачники', '-100'), ('основном', '-100')]"
"[('нет', '-100'), ('через', '-100'), ('пуршево', 'D'), ('через', '-100'), ('речку', '-100'), ('там', '-100'), ('дачи', '-100')]"
"[('захново', 'D'), ('это', '-100'), ('где', '-100'), ('глазаново', 'D'), ('это', '-100'), ('где', '-100'), ('глазановский', 'D'), ('карьер', '-100'), ('горка', '-100'), ('глазановская', 'D'), ('там', '-100'), ('поворачивать', '-100'), ('налево', '-100')]"
"[('а', '-100'), ('галуха', 'D'), ('что', '-100'), ('да', '-100'), ('в', '-100'), ('галухе', 'D'), ('живут', '-100'), ('там', '-100'), ('брюшково', 'D'), ('наверно', '-100'), ('уже', '-100'), ('деревни', '-100'), ('нету', '-100'), ('как', '-100'), ('таковой', '-100'), ('а', '-100'), ('галуха', 'D'), ('живая', '-100'), ('деревня', '-100')]"
"[('там', '-100'), ('галуха', 'D'), ('потом', '-100'), ('ляпуны', 'D'), ('роги', 'D')]"
"[('там', '-100'), ('пикали', 'D'), ('юхново', 'D'), ('туда', '-100'), ('направлением', '-100'), ('то', '-100')]"
"[('там', '-100'), ('раньше', '-100'), ('батька', 'D'), ('работал', '-100'), ('в', '-100'), ('этом', '-100'), ('самом', '-100'), ('под', '-100'), ('ляпунами', 'D'), ('был', '-100'), ('комплекс', '-100'), ('от', '-100'), ('этого', '-100'), ('совхоза', '-100'), ('глубоковский', '-100'), ('вот', '-100'), ('и', '-100'), ('были', '-100'), ('на', '-100'), ('откорм', '-100'), ('бычки', '-100')]"
"[('нет', '-100'), ('мелкое', '-100'), ('я', '-100'), ('там', '-100'), ('особо', '-100'), ('не', '-100'), ('был', '-100'), ('а', '-100'), ('в', '-100'), ('галухе', 'D'), ('есть', '-100'), ('кстати', '-100'), ('пруд', '-100'), ('такой', '-100'), ('я', '-100'), ('раньше', '-100'), ('раньше', '-100'), ('карасей', '-100'), ('ловил', '-100'), ('ну', '-100'), ('не', '-100'), ('знаю', '-100'), ('сейчас', '-100'), ('наверно', 'D'), ('смельчали', 'D'), ('и', '-100'), ('есть', '-100'), ('ли', '-100'), ('они', 'D'), ('там', '-100'), ('караси', '-100')]"
"[('не', '-100'), ('здесь', '-100'), ('наверно', 'D'), ('нет', '-100'), ('у', '-100'), ('меня', '-100'), ('наверно', 'D'), ('с', '-100'), ('собой', '-100'), ('забрано', 'D'), ('книга', '-100'), ('там', '-100')]"
"[('а', '-100'), ('я', '-100'), ('думаю', '-100'), ('и', '-100'), ('к', '-100'), ('этому', '-100'), ('и', '-100'), ('правильно', '-100'), ('потому', '-100'), ('что', '-100'), ('слишком', '-100'), ('уж', '-100'), ('расхозяйничались', 'D'), ('народ', '-100'), ('не', '-100'), ('знает', 'D'), ('ни', '-100'), ('землю', '-100'), ('ухаживать', '-100'), ('ничего', '-100')]"
"[('ценится', '-100'), ('только', '-100'), ('золотой', '-100'), ('телец', '-100'), ('да', '-100'), ('шмотки', '-100'), ('всё', '-100'), ('ой', '-100'), ('а', '-100'), ('я', '-100'), ('для', '-100'), ('меня', '-100'), ('пока', '-100'), ('вещь', '-100'), ('не', '-100'), ('превратилась', '-100'), ('в', '-100'), ('дуршлаг', '-100'), ('она', '-100'), ('ещё', '-100'), ('для', '-100'), ('меня', '-100'), ('нормальная', '-100'), ('то', '-100'), ('что', '-100'), ('её', '-100'), ('можно', '-100'), ('одеть', 'D'), ('а', '-100'), ('смысл', '-100'), ('там', '-100'), ('что', '-100'), ('но', 'D'), ('всех', '-100'), ('встречают', '-100'), ('сейчас', '-100'), ('по', '-100'), ('одёжке', 'D'), ('ещё', '-100'), ('что', '-100')]"
"[('приехал', '-100'), ('то', '-100'), ('ли', '-100'), ('с', 'D'), ('воркуты', '-100'), ('они', '-100'), ('приехали', '-100'), ('девки', '-100'), ('сидят', '-100'), ('наверно', 'D'), ('с', 'D'), ('воркуты', '-100'), ('да', '-100')]"
"[('раньше', '-100'), ('пацаны', '-100'), ('были', '-100'), ('вот', '-100'), ('сашка', '-100'), ('там', '-100'), ('ещё', '-100'), ('там', '-100'), ('святотецкие', 'D'), ('пацаны', '-100'), ('были', '-100'), ('здесь', '-100'), ('олег', '-100'), ('ванька', '-100'), ('вот', '-100'), ('толька', '-100'), ('как', '-100'), ('бы', '-100'), ('старший', '-100'), ('вот', '-100')]"
"[('ну', '-100'), ('говорят', '-100'), ('до', '-100'), ('революции', '-100'), ('сто', '-100'), ('восемьдесят', '-100'), ('тысяч', '-100'), ('опочецкий', 'D'), ('район', '-100'), ('был', '-100')]"
"[('некоторые', '-100'), ('и', '-100'), ('зимой', '-100'), ('ещё', '-100'), ('здесь', '-100'), ('как', '-100'), ('бы', '-100'), ('подъезживают', 'D'), ('вот', '-100'), ('дорога', '-100'), ('чистится', '-100'), ('здесь', '-100'), ('нормально', '-100'), ('как', '-100'), ('бы', '-100'), ('но', '-100'), ('единственное', '-100'), ('что', '-100'), ('отсюда', '-100'), ('никакого', '-100'), ('ни', '-100'), ('автобусного', '-100'), ('сообщения', '-100'), ('ничего', '-100'), ('но', '-100'), ('автолавка', '-100'), ('три', '-100'), ('раза', '-100'), ('в', '-100'), ('неделю', '-100'), ('приходит', '-100')]"
"[('вот', '-100'), ('подновить', 'D'), ('грубо', '-100'), ('говоря', '-100'), ('вот', '-100'), ('дом', '-100'), ('тоже', '-100'), ('на', '-100'), ('ладан', '-100'), ('дышит', '-100'), ('а', '-100'), ('сдругой', 'E'), ('стороны', '-100'), ('я', '-100'), ('не', '-100'), ('хочу', '-100'), ('его', '-100'), ('ничего', '-100'), ('делать', '-100'), ('руки', '-100'), ('обивать', 'E')]"
"[('не', '-100'), ('оно', '-100'), ('вот', '-100'), ('здесь-то', '-100'), ('здесь-то', '-100'), ('более-менее', '-100'), ('вот', '-100'), ('там', '-100'), ('вот', '-100'), ('шифер', '-100'), ('надо', '-100'), ('поменять', '-100'), ('или', '-100'), ('или', '-100'), ('ещё', '-100'), ('что-то', '-100'), ('сделать', '-100'), ('трубу', '-100'), ('клали', '-100'), ('вот', '-100'), ('подавили', '-100'), ('и', '-100'), ('там', '-100'), ('начало', '-100'), ('протекать', '-100'), ('и', '-100'), ('там', '-100'), ('сейчас', '-100'), ('нездорово', '-100'), ('там', '-100'), ('раньше', '-100'), ('кухня', '-100'), ('была', 'D'), ('нормально', '-100'), ('сделан', 'D'), ('у', '-100'), ('родителей', '-100'), ('хорошая', '-100'), ('кухня', '-100'), ('печка', '-100'), ('топилась', '-100'), ('но', '-100')]"
"[('да', '-100'), ('бревно', '-100'), ('но', '-100'), ('здесь', '-100'), ('тоже', '-100'), ('бревно', '-100'), ('здесь', '-100'), ('и', '-100'), ('бумага', '-100'), ('и', '-100'), ('там', '-100'), ('в', '-100'), ('пазы', 'D'), ('какие-то', '-100'), ('там', '-100'), ('колючая', '-100'), ('проволока', '-100'), ('напиханы', 'D'), ('что', '-100'), ('только', '-100'), ('не', '-100'), ('делают', '-100'), ('в', '-100'), ('общем', '-100'), ('в', '-100'), ('общем', '-100')]"
"[('детство', '-100'), ('всё', '-100'), ('на', '-100'), ('речке', '-100'), ('прошло', '-100'), ('в', '-100'), ('этой', '-100'), ('речке', '-100'), ('я', '-100'), ('даже', '-100'), ('по', 'D'), ('детству', 'D'), ('тонул', '-100')]"
"[('больше', '-100'), ('здесь', '-100'), ('интернет', '-100'), ('нигде', '-100'), ('только', '-100'), ('в', '-100'), ('городе', '-100'), ('и', '-100'), ('даже', '-100'), ('вот', '-100'), ('до', '-100'), ('святотца', 'D'), ('дойдёте', '-100'), ('там', '-100'), ('нет', '-100'), ('интернета', '-100')]"
"[('проходите', '-100'), ('это', '-100'), ('всё', '-100'), ('там', '-100'), ('начинается', '-100'), ('асфальт', '-100'), ('уже', '-100'), ('вот', '-100'), ('проходите', '-100'), ('всё', '-100'), ('по', '-100'), ('асфальту', '-100'), ('там', '-100'), ('он', '-100'), ('маленько', 'D'), ('идёт', '-100'), ('вдоль', '-100'), ('военной', '-100'), ('части', '-100')]"
"[('о', 'D'), ('из', '-100'), ('она', '-100'), ('из', '-100'), ('анчинок', 'D'), ('вот', '-100'), ('вспомнил', '-100'), ('анчинки', 'D'), ('анчинкский', 'D'), ('мост', '-100'), ('анчинкский', 'D'), ('мост', '-100')]"
"[('это', '-100'), ('туда', '-100'), ('макушино', 'D'), ('далеко', '-100'), ('это', '-100'), ('уже', '-100'), ('там', '-100'), ('чуть-чуть', '-100'), ('подальше', '-100'), ('уже', '-100'), ('скоро', '-100'), ('начинается', 'D'), ('границы', '-100'), ('латвийские', '-100')]"
"[('вот', '-100'), ('я', '-100'), ('сейчас', '-100'), ('отъеду-подъеду', '-100'), ('али', 'D'), ('может', '-100'), ('не', '-100'), ('я', '-100'), ('съезжу', '-100'), ('посмотрю', '-100'), ('что', '-100')]"
"[('а', '-100'), ('под', '-100'), ('мадона', 'D'), ('что', '-100'), ('это', '-100'), ('значит', '-100')]"
"[('а', '-100'), ('я', '-100'), ('вспомнил', '-100'), ('жарки', 'D'), ('это', '-100'), ('там', '-100'), ('рядом', '-100'), ('где', '-100'), ('духова', 'D'), ('гора', '-100'), ('да', '-100')]"
"[('а', '-100'), ('может', '-100'), ('мы', '-100'), ('как-нибудь', '-100'), ('дойдём', '-100'), ('до', '-100'), ('опочки', 'D'), ('к', '-100'), ('вам', '-100'), ('в', '-100'), ('гости', '-100'), ('придём', '-100'), ('и', '-100'), ('её', '-100'), ('тоже', '-100'), ('послушаем', '-100')]"
"[('я', '-100'), ('не', '-100'), ('понял', '-100'), ('вы', '-100'), ('вы', '-100'), ('родились', '-100'), ('в', '-100'), ('опочке', 'D'), ('потом', '-100'), ('в', '-100'), ('детстве', '-100'), ('здесь', '-100'), ('жили', '-100')]"
"[('и', '-100'), ('вот', '-100'), ('это', '-100'), ('в', '-100'), ('алтово', 'D')]"
"[('ну', '-100'), ('это', '-100'), ('недавно', '-100'), ('вроде', '-100'), ('его', '-100'), ('сделали', '-100'), ('он', '-100'), ('такой', '-100'), ('новенький', '-100'), ('в', '-100'), ('пуршево', 'D')]"
"[('в', '-100'), ('алтово', 'D'), ('в', '-100'), ('в', '-100'), ('пуршево', 'D'), ('дачники', '-100'), ('а', '-100'), ('нет', '-100'), ('в', '-100'), ('пуршево', 'D')]"
"[('и', '-100'), ('захново', 'D'), ('мы', '-100'), ('знаем', '-100'), ('там', '-100'), ('рядом', '-100'), ('где-то', '-100'), ('есть', '-100')]"
"[('ну', '-100'), ('в', '-100'), ('этот', '-100'), ('лес', '-100'), ('например', '-100'), ('между', '-100'), ('алтово', '-100'), ('и', '-100'), ('кишкино', 'D')]"
"[('а', '-100'), ('сейчас', '-100'), ('наверно', 'D'), ('в', '-100'), ('опочке', 'D'), ('тысяч', '-100'), ('пятнадцать', '-100'), ('живёт', '-100')]"
"[('вообще', '-100'), ('там', '-100'), ('как-то', '-100'), ('плохо', '-100'), ('написано', '-100'), ('вот', '-100'), ('пишут', '-100'), ('что', '-100'), ('в', '-100'), ('кишкине', 'D'), ('живёт', '-100'), ('двадцать', '-100'), ('пять', '-100'), ('человек', '-100')]"
"[('в', '-100'), ('опочку', 'D'), ('заехать', '-100'), ('к', '-100'), ('вам', '-100'), ('тогда', '-100'), ('к', '-100'), ('бабушке', '-100'), ('любе', '-100')]"
"[('тогда', '-100'), ('мы', '-100'), ('будем', '-100'), ('в', '-100'), ('опочке', 'D'), ('там', '-100'), ('может', '-100'), ('вам', '-100'), ('позвоним', '-100'), ('или', '-100'), ('заранее', '-100'), ('как-нибудь', '-100'), ('договоримся', '-100'), ('на', '-100'), ('неделе', '-100'), ('как', '-100'), ('лучше', '-100'), ('заранее', '-100'), ('или', '-100'), ('можно', '-100'), ('прямо', '-100')]"
"[('а', '-100'), ('вот', '-100'), ('сегодня', '-100'), ('мы', '-100'), ('шли', '-100'), ('по', '-100'), ('дороге', '-100'), ('и', '-100'), ('нам', '-100'), ('сказали', '-100'), ('что', '-100'), ('эта', '-100'), ('дорога', '-100'), ('выйдет', '-100'), ('в', '-100'), ('опочку', 'D'), ('в', '-100'), ('заброшенную', '-100'), ('военную', '-100'), ('часть', '-100')]"
"[('тут', '-100'), ('в', '-100'), ('каждой', '-100'), ('деревне', '-100'), ('был', 'D'), ('разный', 'D'), ('праздники', '-100')]"
"[('а', '-100'), ('там', '-100'), ('был', '-100'), ('илья', '-100'), ('веденьё', 'D'), ('четвёртого', 'D'), ('декабря', '-100')]"
"[('тут', '-100'), ('ярмарка', '-100'), ('было', 'D'), ('в', '-100'), ('емельянцеве-то', 'D')]"
"[('он', '-100'), ('еёсь', 'D'), ('привёз', '-100')]"
"[('так', '-100'), ('у', '-100'), ('нас', '-100'), ('дядя', '-100'), ('павлик', '-100'), ('был', '-100'), ('с', '-100'), ('барабан', 'D')]"
"[('кто', '-100'), ('мать', '-100'), ('кто', '-100'), ('отец', '-100'), ('оставши', 'D'), ('а', '-100'), ('так', '-100')]"
"[('емельянцеве', 'D')]"
"[('в', '-100'), ('емельянцево', 'D')]"
"[('это', '-100'), ('тутношный', 'D')]"
"[('так', '-100'), ('ни', 'E'), ('выйдут', '-100')]"
"[('это', '-100'), ('уже', '-100'), ('серово', 'D')]"
"[('деревень', '-100'), ('было', '-100'), ('кругом', '-100'), ('вон', '-100'), ('там', '-100'), ('кожаново', 'D'), ('было', '-100')]"
"[('вот', '-100'), ('эта', '-100'), ('улица', '-100'), ('и', '-100'), ('вот', '-100'), ('там', '-100'), ('вдоль', '-100'), ('речки', '-100'), ('тая', 'D'), ('улица', '-100'), ('дома', '-100')]"
"[('нет-нет', '-100'), ('тут', '-100'), ('здесь', '-100'), ('только', '-100'), ('нумерация', '-100'), ('домов', '-100'), ('присвоено', 'D'), ('и', '-100'), ('всё', '-100')]"
"[('и', '-100'), ('вот', '-100'), ('мой', '-100'), ('сын', '-100'), ('под', '-100'), ('коровкиным', 'D'), ('застрелил', '-100')]"
"[('ну', '-100'), ('вот', '-100'), ('в', '-100'), ('детстве', '-100'), ('вот', '-100'), ('в', '-100'), ('емельянцеве', 'D'), ('я', '-100'), ('ловила', '-100'), ('да', '-100'), ('и', '-100'), ('тут', '-100'), ('тоже', '-100'), ('ловила', '-100')]"
"[('евоная', 'D'), ('грамота', '-100'), ('награда', '-100')]"
"[('живёт', '-100'), ('он', '-100'), ('в', '-100'), ('себеже', 'D')]"
"[('там', '-100'), ('она', '-100'), ('жила', '-100'), ('вот', '-100'), ('дом', '-100'), ('сгоревши', 'D')]"
"[('теперь', '-100'), ('она', '-100'), ('в', '-100'), ('опочке', 'D'), ('живёт', '-100')]"
"[('ходили', '-100'), ('мы', '-100'), ('в', '-100'), ('лес', '-100'), ('в', '-100'), ('сдвиженье', 'D'), ('это', '-100'), ('какого', '-100'), ('двадцать', '-100'), ('седьмого', '-100'), ('сентября', '-100')]"
"[('мы', '-100'), ('вначале', '-100'), ('в', '-100'), ('емельянцеве', 'D'), ('семьёй', '-100'), ('жили', '-100'), ('а', '-100'), ('потом', '-100'), ('тут', '-100'), ('дед', '-100'), ('с', '-100'), ('бабкой', 'D'), ('здесь', '-100'), ('умерли', '-100'), ('сюда', '-100'), ('мы', '-100'), ('переехали', '-100')]"
"[('как', '-100'), ('понютино', 'D'), ('было', '-100'), ('раньше', '-100'), ('с', '-100'), ('хутора', '-100')]"
"[('ну', '-100'), ('мы', '-100'), ('называем', '-100'), ('поветь', 'D')]"
"[('серово', 'D'), ('даже', '-100'), ('был', '-100'), ('отдельно', '-100'), ('от', '-100'), ('барабан', 'D')]"
"[('ну', '-100'), ('это', '-100'), ('ещё', '-100'), ('и', '-100'), ('моя', '-100'), ('мама', '-100'), ('тут', '-100'), ('не', '-100'), ('работала', '-100'), ('с', '-100'), ('отцом', '-100'), ('когда', '-100'), ('красное', '-100'), ('серово', 'D'), ('это', '-100'), ('сразу', '-100'), ('после', '-100'), ('войны', '-100'), ('как-то', '-100'), ('были', 'D')]"
"[('важно', '-100'), ('была', 'E')]"
"[('и', '-100'), ('сразу', '-100'), ('оно', '-100'), ('сушилось', '-100'), ('там', '-100'), ('сушилка', '-100'), ('так', '-100'), ('провеявалось', 'D'), ('эти', '-100'), ('все', '-100'), ('отходы', '-100'), ('готовое', '-100'), ('выходило', '-100')]"
"[('вот', '-100'), ('там', '-100'), ('в', '-100'), ('себеже', 'D'), ('у', '-100'), ('моих', '-100'), ('детей', '-100'), ('в', '-100'), ('сосновом', '-100'), ('бору', '-100')]"
"[('тоже', '-100'), ('в', '-100'), ('ту', '-100'), ('сторону', '-100'), ('где', '-100'), ('вот', '-100'), ('к', '-100'), ('матюшкино', 'D')]"
"[('дня', '-100'), ('через', '-100'), ('два', '-100'), ('можно', '-100'), ('ещё', '-100'), ('ехать', '-100'), ('ещё', '-100'), ('небольшеньки', 'D'), ('такие', '-100')]"
"[('тут', '-100'), ('нет', '-100'), ('вот', '-100'), ('как', '-100'), ('были', '-100'), ('на', '-100'), ('вырубках', '-100'), ('в', '-100'), ('прошлом', '-100'), ('году', '-100'), ('земляника', '-100'), ('у', '-100'), ('меня', '-100'), ('внук', '-100'), ('был', '-100'), ('тут', '-100'), ('привезено', 'D'), ('ну', '-100'), ('вот', '-100'), ('на', '-100'), ('выходные', '-100'), ('двенадцатого', '-100')]"
"[('раньше', '-100'), ('была', '-100'), ('в', '-100'), ('себеже', 'D'), ('этот', '-100')]"
"[('ипотеку', '-100'), ('не', '-100'), ('стали', '-100'), ('как', '-100'), ('молодая', '-100'), ('семья', '-100'), ('не', '-100'), ('стали', '-100'), ('брать', '-100'), ('сказали', '-100'), ('дождут', 'D')]"
"[('внутри', '-100'), ('гузова', 'D'), ('он', '-100'), ('во', '-100'), ('сколько', '-100'), ('с', '-100'), ('опочки', 'D'), ('он', '-100'), ('выходит', '-100'), ('в', '-100'), ('час', '-100'), ('тридцать', '-100'), ('пять', '-100')]"
"[('да', '-100'), ('они', '-100'), ('вот', '-100'), ('он', 'D'), ('говорил', 'D'), ('где-то', '-100'), ('там', '-100'), ('они', '-100'), ('в', '-100'), ('кустах', '-100'), ('это', '-100'), ('у', '-100'), ('них', '-100'), ('специально', '-100'), ('это', '-100'), ('на', 'D'), ('деревне', '-100'), ('было', '-100'), ('где-то', '-100'), ('там', '-100'), ('чтоб', 'D'), ('никто', '-100'), ('не', '-100'), ('видел', '-100')]"
"[('и', '-100'), ('в', '-100'), ('матюшкине', '-100'), ('теперь', '-100'), ('вот', '-100'), ('церква', 'D'), ('стала', '-100')]"
"[('нет', '-100'), ('она', '-100'), ('старая', '-100'), ('она', '-100'), ('старинная', '-100'), ('церква', 'D')]"
"[('верующая', '-100'), ('вот', '-100'), ('у', '-100'), ('неё', '-100'), ('было', 'D'), ('библия', '-100')]"
"[('а', '-100'), ('я-то', '-100'), ('небольшая', '-100'), ('была', '-100'), ('может', '-100'), ('мне', '-100'), ('лет', '-100'), ('двенадцать', 'D'), ('было', '-100')]"
"[('ну', '-100'), ('баба', '-100'), ('паш', '-100'), ('а', '-100'), ('зачем', '-100'), ('она', '-100'), ('дочуш', 'D'), ('потом', '-100'), ('ты', '-100'), ('поймёшь', '-100'), ('зачем', '-100'), ('она', '-100')]"
"[('она', '-100'), ('знала', '-100'), ('и', '-100'), ('мне', '-100'), ('вот', '-100'), ('она', '-100'), ('вот', '-100'), ('эту', '-100'), ('я', '-100'), ('взяла', '-100'), ('но', '-100'), ('я', '-100'), ('отдала', '-100'), ('во', 'D'), ('псков', '-100'), ('в', '-100'), ('музей', '-100'), ('у', '-100'), ('меня', '-100'), ('вот', '-100'), ('это', '-100'), ('скатерть', '-100')]"
"[('она', '-100'), ('сделана', '-100'), ('такая', '-100'), ('как', '-100'), ('вот', '-100'), ('со', 'D'), ('льна', 'D'), ('с', 'D'), ('мотка', 'D'), ('она', '-100'), ('такой', '-100'), ('таким', 'D'), ('паутинкам', 'D'), ('была', '-100')]"
"[('во', 'D'), ('пскове', '-100'), ('ну', '-100'), ('вот', '-100'), ('эти', '-100'), ('музеи', '-100'), ('она', '-100'), ('экскурсии', '-100'), ('проводит', '-100')]"
"[('в', '-100'), ('бородах', '-100'), ('вот', '-100'), ('она', '-100'), ('женщина', '-100'), ('она', '-100'), ('сейчас', '-100'), ('тоже', '-100'), ('во', 'D'), ('пскове', '-100'), ('живёт', '-100'), ('её', '-100'), ('тоже', '-100'), ('дети', '-100'), ('туда', '-100'), ('забрали', '-100')]"
"[('там', '-100'), ('два', '-100'), ('вроде', '-100'), ('бы', '-100'), ('ещё', '-100'), ('во', '-100'), ('втором', '-100'), ('доме', '-100'), ('появивше', 'E'), ('вот', '-100'), ('ну', '-100'), ('я', '-100'), ('в', '-100'), ('выборах', '-100'), ('до', '-100'), ('сих', '-100'), ('пор', '-100'), ('участвую', '-100'), ('так', '-100'), ('это', '-100'), ('самое', '-100')]"
"[('сказали', '-100'), ('что', '-100'), ('голосовать', '-100'), ('нет', '-100'), ('а', '-100'), ('эти', '-100'), ('с', 'D'), ('питера', '-100')]"
"[('по', '-100'), ('пушкиногорской', 'D'), ('дороге', '-100'), ('вот', '-100'), ('там', '-100'), ('порядино', 'D'), ('коровкино', 'D'), ('это', '-100'), ('тоже', '-100'), ('восемь', '-100'), ('девять', '-100'), ('километров', '-100')]"
"[('а', '-100'), ('вот', '-100'), ('там', '-100'), ('вот', '-100'), ('ильмова', 'D'), ('гора', '-100'), ('порядино', 'D'), ('тоже', '-100'), ('это', '-100'), ('мало', '-100'), ('в', '-100'), ('коровкине', 'D'), ('человек', '-100'), ('наверное', '-100'), ('семь', '-100')]"
"[('шебутной', 'D')]"
"[('я', '-100'), ('начальную', '-100'), ('школу', '-100'), ('вот', '-100'), ('в', '-100'), ('емельянцеве', 'D'), ('кончала', '-100')]"
"[('четыре', '-100'), ('класса', '-100'), ('потом', '-100'), ('вот', '-100'), ('в', '-100'), ('опочку', 'D')]"
"[('все', '-100'), ('поразъехавши', 'D'), ('кто', '-100'), ('в', '-100')]"
"[('брось', '-100'), ('едь', 'D'), ('я', '-100'), ('говорю', '-100'), ('не', '-100')]"
"[('в', '-100'), ('опочке', 'D'), ('мы', '-100'), ('учились', '-100')]"
"[('он', '-100'), ('же', '-100'), ('вот', '-100'), ('мой', '-100'), ('супруг', '-100'), ('в', '-100'), ('матюшкино', 'D'), ('ходил', '-100'), ('вот', '-100'), ('это', '-100'), ('захново', 'D'), ('они', '-100'), ('там', '-100'), ('где-то', '-100'), ('через', '-100'), ('лес', '-100'), ('как-то', '-100'), ('ну', '-100'), ('там', '-100'), ('дорога', '-100'), ('как', '-100'), ('раньше', '-100'), ('называлась', '-100'), ('катериновка', 'D')]"
"[('вот', '-100'), ('у', '-100'), ('нас', '-100'), ('в', '-100'), ('опочке', 'D'), ('вот', '-100'), ('у', '-100'), ('нас', '-100'), ('емельянцево', 'D'), ('там', '-100'), ('только', '-100'), ('через', '-100'), ('речку', '-100'), ('катерина', '-100')]"
"[('сельского', '-100'), ('совета', 'D'), ('да', '-100'), ('был', '-100'), ('матюшкинская', 'D'), ('волость', '-100')]"
"[('это', '-100'), ('губернаторы', '-100'), ('мы', '-100'), ('выбирали', '-100'), ('а', '-100'), ('теперь', '-100'), ('будем', '-100'), ('главу', '-100'), ('опочецкого', 'D'), ('района', '-100'), ('девятого', '-100'), ('сентября', '-100'), ('выбирать', '-100')]"
"[('веденьё', 'D'), ('-', '-100'), ('что', '-100'), ('за', '-100'), ('праздник', '-100')]"
"[('поветь', 'D')]"
"[('а', '-100'), ('вот', '-100'), ('тут', '-100'), ('так', '-100'), ('принято', '-100'), ('стоить', 'E'), ('с', '-100'), ('этими', '-100'), ('поветями', 'D'), ('да', '-100')]"
"[('а', '-100'), ('сын', '-100'), ('в', '-100'), ('себеже', 'D'), ('потому', '-100'), ('что', '-100'), ('у', '-100'), ('него', '-100'), ('там', '-100'), ('работа', '-100')]"
"[('то', '-100'), ('есть', '-100'), ('в', '-100'), ('советское', '-100'), ('время', '-100'), ('церковь', '-100'), ('в', '-100'), ('опочке', 'D'), ('нормально', '-100'), ('работала', '-100')]"
"[('а', '-100'), ('мы', '-100'), ('вот', '-100'), ('в', '-100'), ('кадниково', 'D'), ('остановились', '-100'), ('вроде', '-100'), ('как', '-100'), ('порядино', 'D'), ('через', '-100'), ('реку', '-100')]"
"[('и', '-100'), ('вы', '-100'), ('в', '-100'), ('опочке', 'D'), ('не', '-100'), ('в', '-100'), ('матюшкино', 'D'), ('в', '-100'), ('матюшкино', 'D'), ('только', '-100'), ('начальная', '-100')]"
"[('слушай', '-100'), ('йето', 'D'), ('а', '-100'), ('где', '-100'), ('вы', '-100'), ('ночуете', '-100'), ('в', '-100'), ('кадникове', 'D')]"
"[('а', '-100'), ('кто', '-100'), ('йон', 'D')]"
"[('вчера', '-100'), ('стопила', 'D'), ('байню', 'D')]"
"[('вот', '-100'), ('сходила', '-100'), ('в', '-100'), ('байню', 'D'), ('помочила', '-100'), ('платье', '-100'), ('маленько', 'D'), ('покомкала', '-100')]"
"[('и', '-100'), ('вот', '-100'), ('спасибо', '-100'), ('что', '-100'), ('отлежала', '-100'), ('полтора', '-100'), ('часу', 'D')]"
"[('так', '-100'), ('когда', '-100'), ('тихо', '-100'), ('солнце', '-100'), ('а', '-100'), ('сегодня', '-100'), ('ветер', '-100'), ('и', '-100'), ('не', '-100'), ('горазд', 'D'), ('тёпло', '-100'), ('на', '-100'), ('вулицы', 'D')]"
"[('а', '-100'), ('вчера', '-100'), ('йето', 'D'), ('и', '-100'), ('дождец', 'D'), ('пройдёт', '-100'), ('и', '-100'), ('холодно', '-100'), ('сегодня', '-100'), ('тоже', '-100'), ('ветер', '-100')]"
"[('уехалши', 'D'), ('он', '-100'), ('за', '-100'), ('границу', '-100')]"
"[('там', '-100'), ('его', '-100'), ('дочка', '-100'), ('замуж', '-100'), ('вышедши', 'D')]"
"[('ребёнок', 'D'), ('жонка', 'D'), ('с', '-100'), ('ребёнком', '-100'), ('сидела', '-100')]"
"[('должен', '-100'), ('подъехать', '-100'), ('йон', 'D')]"
"[('были', '-100'), ('вы', '-100'), ('в', '-100'), ('коровкине', 'D')]"
"[('я', '-100'), ('думала', '-100'), ('был', '-100'), ('в', '-100'), ('коровкине', 'D'), ('так', '-100'), ('может', '-100'), ('видишь', '-100')]"
"[('не', '-100'), ('не', '-100'), ('йон', 'D'), ('там', '-100'), ('не', '-100'), ('может', '-100'), ('быть', '-100'), ('он', '-100'), ('в', '-100'), ('своей', '-100'), ('половине', '-100'), ('живёт', '-100'), ('у', '-100'), ('меня', '-100')]"
"[('он', '-100'), ('не', '-100'), ('может', '-100'), ('в', '-100'), ('коровкине', 'D'), ('купил', 'D'), ('дом', '-100')]"
"[('йетот', 'D'), ('дом', '-100'), ('рассыпал', '-100'), ('теперь', '-100'), ('стоит', '-100'), ('этот', '-100'), ('дом', '-100'), ('под', '-100'), ('небесной', '-100'), ('крышей', '-100')]"
"[('йон', 'D'), ('думал', '-100'), ('так', '-100'), ('а', '-100'), ('сейчас', '-100'), ('я', '-100'), ('дачу', '-100'), ('купил', '-100'), ('купил', '-100'), ('хорошую', '-100'), ('дачу', '-100'), ('сейчас', '-100'), ('тысяч', '-100'), ('отдал', '-100'), ('колодец', '-100'), ('выкопал', '-100'), ('там', '-100'), ('воды', '-100'), ('нет', '-100')]"
"[('йон', 'D'), ('должен', '-100'), ('к', '-100'), ('первому', '-100'), ('июлю', 'D'), ('приехать', '-100')]"
"[('его', '-100'), ('бесы', '-100'), ('гоняют', '-100'), ('в', '-100'), ('коровкино', 'D'), ('три', '-100'), ('раз', 'D'), ('в', '-100'), ('коровкино', 'D'), ('съездит', '-100'), ('три', '-100'), ('раз', 'D'), ('с', '-100'), ('коровкина', 'D'), ('приедет', '-100')]"
"[('вот', '-100'), ('уехалши', 'D'), ('полный', '-100'), ('месяц', '-100'), ('там', '-100'), ('в', '-100'), ('испании', '-100')]"
"[('вот', '-100'), ('порядино', 'D'), ('пройдёшь', '-100'), ('а', '-100'), ('потом', '-100'), ('будет', '-100'), ('коровкино', 'D')]"
"[('только', '-100'), ('это', '-100'), ('коровкино-то', 'D'), ('с', '-100'), ('шоссе', '-100'), ('и', '-100'), ('не', '-100'), ('видишь', '-100'), ('-', '-100'), ('там', '-100'), ('написан', 'D'), ('коровкино', 'D'), ('и', '-100'), ('сворот', 'D'), ('будет', '-100')]"
"[('мужик', '-100'), ('с', '-100'), ('женой', '-100'), ('ды', 'D'), ('парень', '-100'), ('один', '-100'), ('и', '-100'), ('всё', '-100')]"
"[('сегодня', '-100'), ('хоть', '-100'), ('дождю', 'D'), ('дожжу', 'D'), ('нет', '-100'), ('благо', '-100')]"
"[('у', '-100'), ('йих', 'D'), ('йихные', '-100'), ('коровы', '-100'), ('коровы', '-100'), ('-', '-100'), ('и', '-100'), ('навязывает', '-100'), ('тут', '-100'), ('навязывал', '-100'), ('всё', '-100'), ('а', '-100'), ('теперь', '-100')]"
"[('ага', '-100'), ('а', '-100'), ('тойе', 'D'), ('время', '-100'), ('ещё', '-100'), ('вот', '-100'), ('тут', '-100')]"
"[('косит', '-100'), ('мой', '-100'), ('огород', '-100'), ('и', '-100'), ('соседов', 'D'), ('огород', '-100'), ('а', '-100'), ('коровы', '-100'), ('нету', '-100'), ('у', '-100'), ('нас', '-100'), ('в', '-100'), ('деревне', '-100'), ('-', '-100'), ('пустынь', '-100')]"
"[('в', '-100'), ('емельянцеве', 'D'), ('там', '-100'), ('пара', '-100'), ('жила', '-100'), ('мужик', '-100'), ('с', '-100'), ('жонкой', 'D'), ('-', '-100'), ('они', '-100'), ('специально', '-100'), ('как', '-100'), ('как', '-100'), ('сторожа', '-100'), ('вот', '-100')]"
"[('а', '-100'), ('сейчас', '-100'), ('не', '-100'), ('знаю', '-100'), ('они', '-100'), ('живут', '-100'), ('в', '-100'), ('емельянцеве', 'D'), ('или', '-100'), ('в', '-100'), ('пуршево', 'D'), ('ушедши', 'D'), ('не', '-100'), ('знаю', '-100')]"
"[('а', '-100'), ('второй', '-100'), ('дом', '-100'), ('налево', '-100'), ('-', '-100'), ('мужик', '-100'), ('с', '-100'), ('женкой', 'D'), ('таня-ваня', '-100')]"
"[('это', '-100'), ('деревня', '-100'), ('начинается', '-100'), ('дом', '-100'), ('сгорелши', 'D')]"
"[('а', '-100'), ('дом', '-100'), ('йетот', 'D'), ('сгорел', '-100'), ('весной', '-100'), ('зажгли', '-100'), ('траву', '-100'), ('и', '-100'), ('сгорел', '-100'), ('вот', '-100')]"
"[('тут', '-100'), ('йон', 'D'), ('сразу', '-100'), ('с', '-100'), ('шоссейной', '-100'), ('йетот', 'D'), ('дом', '-100')]"
"[('ещё', '-100'), ('соседи', '-100'), ('-', '-100'), ('молодой', '-100'), ('и', '-100'), ('йето', 'D'), ('соседов', 'D'), ('сын', '-100'), ('сейчас', '-100'), ('в', '-100'), ('лесу', '-100'), ('работал', '-100'), ('нога', '-100'), ('спорчена', 'D'), ('на', '-100'), ('три', '-100'), ('месяца', '-100'), ('на', '-100'), ('костылях', '-100'), ('ходит', '-100'), ('вот', '-100')]"
"[('а', '-100'), ('сорвало', '-100'), ('клок', '-100'), ('-', '-100'), ('и', '-100'), ('прилетело', '-100'), ('и', '-100'), ('йетот', 'D'), ('дом', '-100'), ('сгорел', '-100'), ('-', '-100'), ('два', '-100'), ('дома', '-100'), ('сгорело', '-100')]"
"[('а', '-100'), ('йето', 'D'), ('какие-то', '-100'), ('блудные', '-100'), ('собаки', '-100'), ('пристроилши', 'D'), ('к', '-100'), ('соседям', '-100'), ('к', '-100'), ('моим', '-100')]"
"[('у', '-100'), ('йих', 'D'), ('и', '-100'), ('чёрная', '-100'), ('и', '-100'), ('чёрно-белая', '-100'), ('и', '-100'), ('потом', '-100'), ('своя', '-100'), ('собачка', '-100'), ('маленькая', '-100')]"
"[('тая-то', 'D'), ('всё', '-100'), ('больше', '-100'), ('в', '-100'), ('доме', '-100')]"
"[('я', '-100'), ('даже', '-100'), ('не', '-100'), ('видала', 'D'), ('-', '-100'), ('мне', '-100'), ('цыганка', '-100'), ('сказала', '-100')]"
"[('вот', '-100'), ('теперь', '-100'), ('самы', 'D'), ('все', '-100'), ('с', '-100'), ('барабан', 'D'), ('тащат', '-100'), ('в', '-100'), ('эту', '-100'), ('помойку', '-100'), ('а', '-100'), ('меня', '-100'), ('пруд', '-100'), ('тут', '-100'), ('выкопан', '-100')]"
"[('и', '-100'), ('стоит', '-100'), ('эта', '-100'), ('помойка', '-100'), ('а', '-100'), ('йета', 'D'), ('помойка', '-100'), ('был', 'D'), ('на', '-100'), ('углу', '-100'), ('вот', '-100'), ('что', '-100')]"
"[('а', '-100'), ('йетот', 'D'), ('йон', 'D'), ('уже', '-100'), ('порядочно', '-100'), ('живёт', '-100')]"
"[('а', '-100'), ('йон', 'D'), ('теперь', '-100'), ('хозяин', '-100')]"
"[('а', '-100'), ('всё-таки', '-100'), ('собаку', '-100'), ('соседовых', 'D'), ('пять', '-100'), ('курят', 'D'), ('съел', '-100')]"
"[('а', '-100'), ('этот', 'D'), ('собака', '-100'), ('вумный', 'D'), ('он', '-100'), ('пограничный', 'D'), ('собака', '-100')]"
"[('я', '-100'), ('вот', '-100'), ('мотыжила', 'D'), ('йету', 'D'), ('картошку', '-100'), ('а', '-100'), ('был', 'D'), ('у', '-100'), ('меня', '-100'), ('куплен', 'D'), ('ливерная', '-100'), ('колбаса', '-100')]"
"[('на', '-100'), ('второй', '-100'), ('день', '-100'), ('я', '-100'), ('мотыжу', 'D'), ('картошку', '-100'), ('-', '-100'), ('кто-то', '-100'), ('толканул', 'D'), ('меня', '-100')]"
"[('собака', '-100'), ('вумная', 'D'), ('как', '-100'), ('человек', '-100')]"
"[('а', '-100'), ('пограничный', '-100'), ('йето', 'D'), ('высокий', 'D'), ('большой', 'D'), ('собака', 'D')]"
"[('на', '-100'), ('границе', '-100'), ('служил', '-100'), ('два', '-100'), ('году', 'D')]"
"[('ему', '-100'), ('дали', '-100'), ('двенадцать', '-100'), ('суток', '-100'), ('отпуска', '-100')]"
"[('отслужил', '-100'), ('два', '-100'), ('году', 'D')]"
"[('ногам', '-100'), ('болько', 'D'), ('ходить', '-100')]"
"[('а', '-100'), ('йеты', 'D'), ('старые', '-100'), ('яблоньки', 'D'), ('-', '-100'), ('пойдёт', '-100'), ('яблочко', 'D'), ('ну', '-100'), ('старые', '-100'), ('такие', '-100'), ('я', '-100'), ('старше', '-100'), ('этой', '-100'), ('яблони', '-100')]"
"[('мы', '-100'), ('как', '-100'), ('дом', '-100'), ('купили', '-100'), ('йеты', '-100'), ('яблони', '-100'), ('осталши', 'D')]"
"[('ранетка', 'D'), ('вот', '-100'), ('эта', '-100'), ('осталась', '-100'), ('и', '-100'), ('яблони', '-100'), ('были', 'D'), ('завезено', 'D'), ('с', 'D'), ('питомника', '-100')]"
"[('а', '-100'), ('вот', '-100'), ('мужик', '-100'), ('помёрши', 'D'), ('в', '-100'), ('серове', 'D'), ('-', '-100'), ('теперь', '-100'), ('там', '-100'), ('и', '-100'), ('берёзы', '-100'), ('выросли', '-100'), ('сами', '-100'), ('собой', '-100'), ('и', '-100'), ('дубы', '-100'), ('по', '-100'), ('гароду', 'D'), ('и', '-100'), ('лешняк', 'D'), ('а', '-100'), ('внуки', '-100'), ('где-то', '-100'), ('за', '-100'), ('москвой', '-100')]"
"[('ну', '-100'), ('проведай', 'D'), ('проведай', 'D')]"
"[('нет', '-100'), ('до', '-100'), ('коровкина', 'D'), ('не', '-100'), ('дошёл', '-100')]"
"[('а', '-100'), ('до', '-100'), ('коровкина', 'D'), ('пешком', '-100'), ('что', '-100'), ('ли', '-100'), ('нельзя', '-100'), ('дойти', '-100')]"
"[('дачники', '-100'), ('везде', '-100'), ('есть', '-100'), ('даже', '-100'), ('в', '-100'), ('емельянцево', 'D'), ('дачники', '-100'), ('живут', '-100')]"
"[('а', '-100'), ('все', '-100'), ('старики', '-100'), ('они', '-100'), ('умерши', 'D'), ('с', '-100'), ('захново', 'D')]"
"[('да', '-100'), ('там', '-100'), ('ну', '-100'), ('как', '-100'), ('сказать', '-100'), ('возраст', '-100'), ('всё', 'E'), ('таки', 'E'), ('далеко', '-100'), ('и', '-100'), ('в', '-100'), ('магазин', '-100'), ('ходить', '-100'), ('я', '-100'), ('считаю', '-100'), ('там', '-100'), ('было', '-100'), ('недоступно', '-100'), ('раньше', '-100'), ('ж', 'D'), ('автолавки', '-100'), ('туда', '-100'), ('не', '-100'), ('ходили', '-100')]"
"[('да', '-100'), ('такая', '-100'), ('грунтовая', '-100'), ('там', '-100'), ('вот', '-100'), ('дорогу', '-100'), ('ещё', '-100'), ('подделал', '-100'), ('этот', '-100'), ('чечен', 'D'), ('он', '-100'), ('там', '-100'), ('хотел', '-100'), ('открыть', '-100'), ('фермерское', '-100'), ('хозяйство', '-100')]"
"[('нет', '-100'), ('нет', '-100'), ('нет', '-100'), ('ничё', 'D'), ('с', '-100'), ('ней', '-100'), ('не', '-100'), ('делали', '-100')]"
"[('захино', 'D'), ('--', '-100'), ('это', '-100'), ('уже', '-100'), ('пушкиногорский', 'D'), ('район', '-100')]"
"[('вот', '-100'), ('списали', '-100'), ('емельянцево', 'D'), ('потом', '-100'), ('ещё', '-100')]"
"[('и', '-100'), ('просто', '-100'), ('у', '-100'), ('нас', '-100'), ('вот', '-100'), ('когда', '-100'), ('стал', 'D'), ('получился', 'D'), ('что', '-100'), ('написали', '-100'), ('после', '-100'), ('того', '-100'), ('как', '-100'), ('уже', '-100'), ('как', '-100'), ('сказать', '-100'), ('емельянцево', 'D'), ('было', '-100'), ('списано', '-100')]"
"[('изначально', '-100'), ('он', '-100'), ('числился', '-100'), ('а', '-100'), ('потом', '-100'), ('сказали', '-100'), ('что', '-100'), ('это', '-100'), ('емельянцево', 'D')]"
"[('ну', '-100'), ('вот', '-100'), ('я', '-100'), ('говорю', '-100'), ('мы', '-100'), ('никак', '-100'), ('в', '-100'), ('волости', '-100'), ('не', '-100'), ('можем', '-100'), ('дать', '-100'), ('потому', '-100'), ('что', '-100'), ('у', '-100'), ('нас', '-100'), ('нет', '-100'), ('такой', '-100'), ('деревни', '-100'), ('а', '-100'), ('они', '-100'), ('просто', '-100'), ('сами', '-100'), ('по', '-100'), ('себе', '-100'), ('поставили', '-100'), ('что', '-100'), ('это', '-100'), ('деревня', '-100'), ('емельянцево', 'D'), ('село', '-100'), ('было', '-100'), ('село', '-100'), ('емельянцево', 'D')]"
"[('нет', '-100'), ('земля', '-100'), ('она', '-100'), ('приписана', '-100'), ('к', '-100'), ('опочецкому', 'D'), ('школа-интернат', 'D')]"
"[('не', 'D'), ('нет', '-100'), ('панютино', 'D'), ('это', '-100'), ('здесь', '-100'), ('это', '-100'), ('самое', '-100'), ('а', '-100'), ('захино', 'D'), ('это', '-100'), ('где', '-100')]"
"[('вот', '-100'), ('хотели', '-100'), ('продать', '-100'), ('но', '-100'), ('его', '-100'), ('никто', '-100'), ('не', '-100'), ('покупает', '-100'), ('потому', '-100'), ('что', '-100'), ('всё', '-100'), ('везде', '-100'), ('обанкротилши', 'D'), ('вот', '-100'), ('соединили', '-100'), ('колхоз', '-100'), ('с', '-100'), ('вот', '-100'), ('здесь', '-100'), ('было', '-100'), ('раньше', '-100'), ('вот', '-100'), ('последний', '-100'), ('был', '-100'), ('колос', '-100'), ('вот', '-100'), ('здесь', '-100'), ('колхоз', '-100')]"
"[('соединили', '-100'), ('его', '-100'), ('с', '-100'), ('матююшкиным', 'D'), ('с', '-100'), ('красной', '-100'), ('зарёй', '-100'), ('один', '-100'), ('был', '-100'), ('председатель', '-100'), ('вот', '-100'), ('эта', '-100'), ('лазарева', '-100')]"
"[('ну', '-100'), ('это', '-100'), ('уже', '-100'), ('самих', '-100'), ('придумано', '-100'), ('раньше', '-100'), ('было', '-100'), ('вот', '-100'), ('мы', '-100'), ('например', '-100'), ('раньше', '-100'), ('когда', '-100'), ('вот', '-100'), ('мои', '-100'), ('родители', '-100'), ('скот', '-100'), ('был', '-100'), ('делали', '-100'), ('остревья', 'D')]"
"[('примерно', '-100'), ('вот', '-100'), ('такие', '-100'), ('палки', '-100'), ('тоже', '-100'), ('так', '-100'), ('ну', '-100'), ('сколько', '-100'), ('тут', '-100'), ('ну', '-100'), ('может', '-100'), ('быть', '-100'), ('в', '-100'), ('длину', '-100'), ('любое', '-100'), ('может', '-100'), ('быть', '-100'), ('десять', '-100'), ('там', '-100'), ('вот', '-100'), ('этих', '-100'), ('остравинок', 'D'), ('вот', '-100'), ('этих', '-100'), ('вот', '-100')]"
"[('это', '-100'), ('вы', '-100'), ('с', 'D'), ('барабанов', '-100'), ('или', '-100'), ('с', 'D'), ('глазаново', 'D'), ('в', '-100'), ('такую', '-100'), ('даль', '-100'), ('пошли', '-100')]"
"[('там', '-100'), ('всё', '-100'), ('в', '-100'), ('глазанове', 'D'), ('у', '-100'), ('этого', '-100'), ('мужичка', '-100'), ('и', '-100'), ('живёте', '-100')]"
"[('девочка-то', '-100'), ('хорошая', '-100'), ('мне', '-100'), ('понравилась', '-100'), ('она', '-100'), ('горазд', 'D')]"
"[('чип', '-100'), ('но', '-100'), ('он', '-100'), ('мальчик', '-100'), ('это', '-100'), ('отец', '-100'), ('наоборот', '-100'), ('а', '-100'), ('бабе', 'D'), ('он', '-100'), ('там', '-100'), ('осталши', 'D'), ('мать', '-100')]"
"[('уже', '-100'), ('всё', '-100'), ('куры', '-100'), ('всё', '-100'), ('перекопают', '-100'), ('я', '-100'), ('ж', '-100'), ('кур', '-100'), ('держала', '-100'), ('помногу', 'D'), ('раньше', '-100')]"
"[('яблоки', '-100'), ('будут', '-100'), ('будут', '-100'), ('нынче', 'D'), ('я', '-100'), ('всё', '-100'), ('думала', '-100'), ('чтоб', 'D'), ('белый', '-100'), ('налив', '-100'), ('был', '-100'), ('бы', '-100')]"
"[('у', '-100'), ('меня', '-100'), ('муж', '-100'), ('есть', '-100'), ('ну', '-100'), ('я', '-100'), ('с', '-100'), ('русским', '-100'), ('живу', '-100'), ('а', '-100'), ('евоный', 'D'), ('батька', 'D')]"
"[('работать', '-100'), ('потому', '-100'), ('что', '-100'), ('в', '-100'), ('городе', '-100'), ('в', '-100'), ('нашей', '-100'), ('опочке-то', 'D'), ('ничего', '-100'), ('нет', '-100')]"
"[('а', '-100'), ('ты', '-100'), ('сходи', '-100'), ('да', '-100'), ('комаров-мошек', '-100'), ('покорми', '-100'), ('потом', '-100'), ('морда', '-100'), ('вот', '-100'), ('такая', '-100'), ('становится', '-100'), ('вся', '-100'), ('уедена', 'D'), ('этими', '-100'), ('мошками', '-100'), ('а', '-100'), ('ему', '-100'), ('отдайте', '-100'), ('за', '-100'), ('сто', '-100'), ('пятьдесят', '-100')]"
"[('такой', '-100'), ('толстунный', 'D')]"
"[('не', '-100'), ('знаю', '-100'), ('может', '-100'), ('где-то', '-100'), ('что-то', '-100'), ('может', '-100'), ('где', '-100'), ('посырее', 'D'), ('может', '-100'), ('дед', '-100'), ('привёз', '-100'), ('ей', 'D'), ('на', '-100'), ('машине', '-100')]"
"[('она', '-100'), ('ж', '-100'), ('не', '-100'), ('привыкша', 'D'), ('она', '-100'), ('ж', '-100'), ('деревенская', '-100'), ('не', '-100'), ('привыкша', 'D'), ('была', '-100')]"
"[('он', '-100'), ('там', '-100'), ('заболел', '-100'), ('даже', '-100'), ('бедный', '-100'), ('вот', '-100'), ('ну', '-100'), ('отсюда', '-100'), ('он', '-100'), ('взят', 'D'), ('да', '-100'), ('с', '-100'), ('земли', '-100')]"
"[('они', '-100'), ('свою', '-100'), ('территорию-то', '-100'), ('отбивает', 'D'), ('каждый', '-100')]"
"[('вот', '-100'), ('прибивша', 'D'), ('ещё', '-100'), ('одна', '-100'), ('кошечка', '-100'), ('чёрная', '-100'), ('такая', '-100')]"
"[('куда-то', '-100'), ('убежавша', 'D'), ('может', '-100'), ('здесь', '-100'), ('убежала', '-100'), ('а', '-100'), ('так', '-100'), ('тоже', '-100'), ('приходит', '-100'), ('сюда', '-100'), ('кушать', '-100'), ('я', '-100'), ('её', '-100'), ('кормлю', '-100')]"
"[('да', '-100'), ('митруша', '-100'), ('да', '-100'), ('мой', '-100'), ('сына', 'D'), ('золотой', '-100'), ('ты', '-100'), ('у', '-100'), ('меня', '-100'), ('лучше', '-100'), ('всех', '-100'), ('я', '-100'), ('же', '-100'), ('люблю', '-100'), ('тебя', '-100'), ('митруша', '-100')]"
"[('да', '-100'), ('уже', '-100'), ('привыкши', 'D'), ('его', '-100'), ('комары', '-100'), ('едят', '-100'), ('тут', '-100')]"
"[('и', '-100'), ('особенно', '-100'), ('этих', '-100'), ('маленьких', '-100'), ('козочек', '-100'), ('ну', '-100'), ('такие', '-100'), ('лапочки', '-100'), ('пятнистенькие', 'D'), ('масенькие', 'D')]"
"[('чкерез', 'E'), ('дорогу', '-100'), ('всё', '-100'), ('через', '-100'), ('асфальт', '-100'), ('переходят', '-100'), ('олени', '-100'), ('лоси', '-100')]"
"[('есть', '-100'), ('понимают', '-100'), ('какие-то', '-100'), ('слова', '-100'), ('есть', '-100'), ('не', '-100'), ('понимаю', 'E'), ('ну', '-100'), ('всё', '-100'), ('по-русски', '-100'), ('большинство', '-100')]"
"[('и', '-100'), ('я', '-100'), ('привыкша', 'D'), ('тут', '-100'), ('вон', '-100'), ('у', '-100'), ('вики', '-100'), ('у', '-100'), ('неё', '-100'), ('дом', '-100'), ('кирпичный', '-100'), ('всё', '-100'), ('своё', '-100'), ('как-то', '-100'), ('мы', '-100'), ('уже', '-100'), ('привыкли', '-100'), ('да', '-100')]"
"[('а', '-100'), ('так', '-100'), ('у', '-100'), ('нас', '-100'), ('никто', '-100'), ('вон', '-100'), ('в', '-100'), ('байнях', 'D'), ('везде', '-100'), ('котлы', '-100'), ('вот', '-100'), ('эти', '-100'), ('бани', '-100'), ('ж', '-100'), ('топим', '-100'), ('никто', '-100'), ('ничего', '-100'), ('не', '-100'), ('трогает', '-100')]"
"[('а', '-100'), ('мы', '-100'), ('я', '-100'), ('говорю', '-100'), ('мы', '-100'), ('приспособляемся', '-100'), ('видишь', '-100'), ('тут', '-100'), ('же', '-100'), ('всё', '-100'), ('равно', '-100'), ('летом', '-100'), ('в', 'D'), ('ягоды', 'D'), ('ягоду', '-100'), ('продать', '-100'), ('и', '-100'), ('сходить', '-100'), ('в', '-100'), ('лес', '-100')]"
"[('а', '-100'), ('нет', '-100'), ('это', '-100'), ('вот', '-100'), ('значит', '-100'), ('в', '-100'), ('первом', '-100'), ('доме', '-100'), ('был', 'D'), ('чёрная', 'D'), ('такая', '-100')]"
"[('девчушечки', 'D'), ('вылезают', '-100'), ('там', '-100'), ('с', 'D'), ('машин', '-100'), ('миленький', '-100'), ('ты', '-100'), ('ж', '-100'), ('куда', '-100'), ('в', '-100'), ('сандаликах', '-100'), ('пошёл', '-100'), ('говорю', '-100')]"
"[('ну', '-100'), ('что-то', '-100'), ('там', '-100'), ('есть', '-100'), ('я', '-100'), ('закрыто', 'D'), ('сетки', '-100'), ('как', '-100'), ('в', '-100'), ('тюрьме', '-100')]"
"[('мы', '-100'), ('с', '-100'), ('девчонками', '-100'), ('пробрались', '-100'), ('маленько', 'D'), ('щельку', 'D'), ('так', '-100'), ('проделали', '-100'), ('смотрим', '-100'), ('там', '-100'), ('котики', '-100'), ('с', '-100'), ('двумя', '-100'), ('головами', '-100'), ('собачки', '-100'), ('с', '-100'), ('двумя', '-100'), ('головами', '-100')]"
"[('у', '-100'), ('нас', '-100'), ('даже', '-100'), ('есть', '-100'), ('болото', '-100'), ('кожаевское', 'D'), ('болото', '-100')]"
"[('здесь', '-100'), ('есть', '-100'), ('болото', '-100'), ('такое', '-100'), ('кожаево', 'D')]"
"[('пуршево', 'D'), ('это', '-100'), ('белки', '-100')]"
"[('где', '-100'), ('карташи', 'D'), ('есть', '-100'), ('бункер', '-100'), ('так', '-100'), ('и', '-100'), ('не', '-100'), ('нашли', '-100'), ('этот', '-100'), ('бункер', '-100')]"
"[('трясуга', 'D'), ('что', '-100'), ('ли', '-100'), ('старушки', '-100'), ('называют', '-100'), ('ну', '-100'), ('что', '-100'), ('трясётся', '-100'), ('трясинка', 'D'), ('вот', '-100'), ('эта', '-100'), ('трясётся', '-100')]"
"[('есть', '-100'), ('вот', '-100'), ('в', '-100'), ('пушгорах', 'D'), ('вот', '-100'), ('эти', '-100'), ('там', '-100'), ('девчонки', '-100'), ('говорят', '-100'), ('тем', '-100'), ('летом', '-100'), ('ну', '-100'), ('вот', '-100'), ('в', '-100'), ('ягодах', '-100'), ('утопились', '-100'), ('девчонки', '-100')]"
"[('вот', '-100'), ('так', '-100'), ('вот', '-100'), ('маленько', 'D'), ('тебе', '-100'), ('вот', '-100'), ('так', '-100'), ('поделаю', 'D'), ('ну', '-100'), ('маленько', 'D')]"
"[('поел', '-100'), ('с', 'D'), ('дома', '-100'), ('и', '-100'), ('уже', '-100'), ('опять', '-100'), ('смылся', '-100')]"
"[('а', '-100'), ('ходить', '-100'), ('за', '-100'), ('молоко', 'D'), ('что-то', '-100'), ('мне', '-100'), ('ходить', '-100'), ('у', '-100'), ('меня', '-100'), ('артрозы', '-100'), ('два', '-100'), ('артроза', '-100'), ('ещё', '-100')]"
"[('здесь', '-100'), ('покуда', 'D'), ('я', '-100'), ('не', '-100'), ('знаю', '-100'), ('о', '-100'), ('чём', '-100'), ('чтоб', 'D'), ('она', '-100'), ('бы', '-100'), ('что-то', '-100'), ('изменилось', '-100'), ('как', '-100'), ('она', '-100'), ('была', '-100'), ('такая', '-100'), ('она', '-100'), ('и', '-100'), ('есть', '-100')]"
"[('ну', '-100'), ('сморода', 'D'), ('сливы', '-100'), ('всё', '-100'), ('есть', '-100')]"
"[('сморода', 'D'), ('разная', '-100')]"
"[('но', '-100'), ('она', '-100'), ('вот', '-100'), ('так', '-100'), ('с', '-100'), ('неё', '-100'), ('поди', 'D')]"
"[('понимаете', '-100'), ('печка', '-100'), ('почему', '-100'), ('когда', '-100'), ('печку', '-100'), ('стопил', 'D'), ('-', '-100'), ('сутки', '-100'), ('тепло', '-100')]"
"[('ну', '-100'), ('захочешь', '-100'), ('там', '-100'), ('для', '-100'), ('кого-нибудь', '-100'), ('обогреватель', '-100'), ('немножечко', 'D'), ('включить', '-100'), ('когда', '-100'), ('очень', '-100'), ('холодно', '-100'), ('а', '-100'), ('так', '-100'), ('ей', '-100'), ('хватает', '-100'), ('даже', '-100'), ('куда', '-100'), ('хочешь', '-100')]"
"[('в', '-100'), ('травы', 'D'), ('или', '-100'), ('где', '-100'), ('ходят', '-100'), ('их', '-100'), ('нет', '-100'), ('у', '-100'), ('нас', '-100')]"
"[('а', '-100'), ('правда', '-100'), ('это', '-100'), ('-', '-100'), ('я', '-100'), ('не', '-100'), ('видел', '-100'), ('я', '-100'), ('не', '-100'), ('могу', '-100'), ('я', '-100'), ('говорили', 'D'), ('я', '-100'), ('там', '-100'), ('не', '-100'), ('был', '-100'), ('я', '-100'), ('не', '-100'), ('ходил', '-100')]"
"[('все', '-100'), ('умерли', '-100'), ('моя', '-100'), ('чужихам', 'D'), ('я', '-100'), ('не', '-100'), ('верю', '-100'), ('чужие', '-100'), ('могут', '-100'), ('соврать', '-100')]"
"[('девочки', '-100'), ('ну', '-100'), ('почему', '-100'), ('против', '-100'), ('я', '-100'), ('же', '-100'), ('вам', '-100'), ('ничего', '-100'), ('плохое', 'D'), ('не', '-100'), ('сказал', '-100'), ('то', '-100'), ('что', '-100'), ('есть', '-100'), ('в', '-100'), ('жизни', '-100'), ('было', '-100'), ('что', '-100'), ('я', '-100'), ('знал', '-100'), ('то', '-100'), ('сказал', '-100')]"
"[('это', '-100'), ('если', '-100'), ('буханку', '-100'), ('эту', '-100'), ('хлеба', '-100'), ('принесет', '-100'), ('как', '-100'), ('наша', '-100'), ('сейчас', '-100'), ('семья', '-100'), ('нас', '-100'), ('же', '-100'), ('нас', '-100'), ('сколько', '-100'), ('сейчас', '-100'), ('семь', '-100'), ('человек', '-100'), ('вот', '-100'), ('нас', '-100'), ('если', '-100'), ('эту', '-100'), ('буханку', '-100'), ('хлеба', '-100'), ('нам', '-100'), ('не', '-100'), ('хватает', '-100'), ('практически', '-100'), ('вот', '-100'), ('он', '-100'), ('вчера', '-100'), ('принес', '-100'), ('два', '-100'), ('батона', '-100'), ('к', '-100'), ('вечеру', '-100'), ('сегодня', '-100'), ('хватились', '-100'), ('утром', '-100'), ('пить', '-100'), ('чай', '-100'), ('он', '-100'), ('говорит', '-100'), ('батона', '-100'), ('оставши', 'D'), ('вот', '-100'), ('така', 'D')]"
"[('ребятам', 'E'), ('молодые', '-100'), ('а', '-100'), ('что', '-100'), ('батончики', '-100'), ('такие', '-100')]"
"[('вот', '-100'), ('когда', '-100'), ('мне', '-100'), ('сужика', 'D'), ('моего', '-100'), ('прислали', '-100')]"
"[('какого', '-100'), ('гада', '-100'), ('ж', '-100'), ('тебя', '-100'), ('туда', '-100'), ('гнала', '-100'), ('в', '-100'), ('эту', '-100'), ('волокушу', 'D')]"
"[('еще', '-100'), ('я', '-100'), ('уж', 'D'), ('пошла', '-100'), ('домой', '-100'), ('прибераться', 'E'), ('уже', '-100'), ('вижу', '-100'), ('что', '-100'), ('посеяли', '-100'), ('все', '-100'), ('у', '-100'), ('меня', '-100'), ('зерно', '-100'), ('кончилось', '-100'), ('вечером', '-100'), ('продадут', '-100'), ('напьются', '-100')]"
"[('умудрялись', 'D'), ('всяко', 'D'), ('а', 'D'), ('комбикорм', 'D'), ('это', '-100'), ('воровать', '-100')]"
"[('поеду', '-100'), ('с', '-100'), ('рабочими', '-100'), ('по', '-100'), ('первости', 'D'), ('мы', '-100'), ('на', '-100'), ('лошадях', '-100'), ('ездили', '-100'), ('а', '-100'), ('потом', '-100'), ('нам', '-100'), ('трактора', '-100'), ('давали', '-100'), ('уже', '-100'), ('воить', 'E'), ('комбикорм', 'D'), ('свиней', '-100'), ('было', '-100'), ('много', '-100')]"
"[('и', '-100'), ('они', '-100'), ('вот', '-100'), ('ты', '-100'), ('понимаешь', '-100'), ('он', '-100'), ('приезжает', '-100'), ('вот', '-100'), ('на', '-100'), ('ферму', '-100'), ('стою', '-100'), ('гляжу', '-100'), ('несут', '-100'), ('мешки', '-100'), ('один', '-100'), ('второй', '-100'), ('высыпают', '-100'), ('в', '-100'), ('ларь', 'D'), ('такие', '-100'), ('лари', 'D'), ('были', '-100'), ('большие', '-100'), ('огромные', '-100'), ('вот', '-100'), ('в', '-100'), ('ларь', 'D'), ('этот', '-100'), ('ссыпают', '-100')]"
"[('пойду', '-100'), ('погляжу', '-100'), ('как', '-100'), ('будто', '-100'), ('нет', '-100'), ('ничего', '-100'), ('а', '-100'), ('они', '-100'), ('в', '-100'), ('в', '-100'), ('какую-нибудь', '-100'), ('засыпят', 'D'), ('потом', '-100'), ('вечером', '-100'), ('выгребют', 'D'), ('и', '-100'), ('продадут', '-100'), ('не', '-100'), ('в', '-100'), ('ларь', 'D')]"
"[('все', '-100'), ('все', '-100'), ('все', '-100'), ('всяко', 'D'), ('умудрялись', '-100'), ('столько', '-100'), ('было', '-100'), ('всяких', '-100'), ('приключений', '-100'), ('это', '-100'), ('ужас', '-100')]"
"[('жисть', 'D'), ('девочнка', 'E'), ('большая', '-100'), ('жизнь', '-100'), ('длинная', '-100'), ('бабья', '-100'), ('жизнь', '-100'), ('но', '-100'), ('и', '-100'), ('много', '-100'), ('всего', '-100'), ('было', '-100'), ('конечно', '-100')]"
"[('а', '-100'), ('там', '-100'), ('у', '-100'), ('вас', '-100'), ('дом', '-100'), ('даден', 'D'), ('да', '-100'), ('или', '-100'), ('что', '-100'), ('я', '-100'), ('говорю', '-100'), ('снимаете', '-100')]"
"[('вань', '-100'), ('ты', '-100'), ('ж', '-100'), ('там', '-100'), ('в', '-100'), ('кишкино', 'D'), ('всех', '-100'), ('знал', '-100')]"
"[('там', '-100'), ('на', '-100'), ('фонтанах', '-100'), ('не', '-100'), ('были', '-100'), ('ни', '-100'), ('раз', 'D')]"
"[('открой', '-100'), ('дверь', '-100'), ('може', 'D'), ('они', '-100'), ('правда', '-100'), ('там', '-100'), ('они', '-100'), ('точно', '-100'), ('стоят', '-100'), ('открой', '-100'), ('ей', '-100'), ('дверь', '-100'), ('нажми', '-100')]"
"[('вышли', '-100'), ('гулять', '-100'), ('а', '-100'), ('то', '-100'), ('были', '-100'), ('спрятавшися', 'D'), ('в', '-100'), ('хлеву', '-100'), ('сейчас', '-100'), ('вышли', '-100'), ('гулять', '-100'), ('уже', '-100')]"
"[('а', '-100'), ('цыплят', '-100'), ('но', '-100'), ('не', '-100'), ('пускай', '-100'), ('там', '-100'), ('сухенько', 'D'), ('там', '-100'), ('хорошо', '-100'), ('они', '-100'), ('ж', 'D'), ('еще', '-100'), ('у', '-100'), ('них', '-100'), ('еще', '-100'), ('перышек', '-100'), ('нет', '-100')]"
"[('а', '-100'), ('вон', '-100'), ('одень', 'D'), ('тапки', '-100'), ('мои', '-100'), ('тапки', '-100')]"
"[('не', '-100'), ('там', '-100'), ('дырочка', '-100'), ('наверное', '-100'), ('осталась', '-100'), ('жало', 'D'), ('должн-то', 'E'), ('было', '-100'), ('вытянуть', '-100'), ('сразу', '-100'), ('с', '-100'), ('этим', '-100')]"
"[('меня', '-100'), ('пчела', '-100'), ('кусила', 'D'), ('прошлый', '-100'), ('год', '-100'), ('у', '-100'), ('меня', '-100'), ('аллергия', '-100'), ('так', '-100'), ('была', '-100'), ('знаете', '-100'), ('как', '-100'), ('нога', '-100'), ('распухши', 'D')]"
"[('вот', '-100'), ('и', '-100'), ('я', '-100'), ('ее', '-100'), ('две', '-100'), ('наверное', '-100'), ('меня', '-100'), ('кусило', 'D'), ('или', '-100'), ('три', '-100'), ('уж', 'D'), ('пчелы', '-100'), ('и', '-100'), ('что', '-100'), ('меня', '-100'), ('эта', '-100'), ('нога', '-100'), ('распухла', '-100'), ('так', '-100'), ('что', '-100'), ('я', '-100'), ('ее', '-100'), ('даже', '-100'), ('не', '-100'), ('могла', '-100'), ('ходить', '-100'), ('и', '-100'), ('не', '-100'), ('подымать', 'D'), ('даже', '-100'), ('не', '-100'), ('могла', '-100'), ('на', '-100'), ('кровать', '-100'), ('ее', '-100'), ('положить', '-100'), ('вот', '-100'), ('как', '-100'), ('было', '-100')]"
"[('мы', '-100'), ('купили', '-100'), ('такой', '-100'), ('маленько', 'D'), ('он', '-100'), ('у', '-100'), ('нас', '-100'), ('побыл', '-100'), ('с', '-100'), ('ванькой', '-100'), ('потом', '-100'), ('появились', '-100'), ('цветные', '-100'), ('ну', '-100'), ('хочется', '-100'), ('ж', '-100'), ('цветной', '-100')]"
"[('вот', '-100'), ('придут', '-100'), ('рассядутся', '-100'), ('я', '-100'), ('включаю', '-100'), ('вот', '-100'), ('телевизор', '-100'), ('им', '-100'), ('они', '-100'), ('смотрют', 'E'), ('и', '-100'), ('дожидают', '-100'), ('автолавку', '-100')]"
"[('там', '-100'), ('по', '-100'), ('потом', '-100'), ('когда', '-100'), ('уже', '-100'), ('стали', '-100'), ('мало', '-100'), ('давать', '-100'), ('хлеба', '-100'), ('мы', '-100'), ('набирали', '-100'), ('по', '-100'), ('пять', '-100'), ('буханок', '-100'), ('несколько', '-100'), ('раз', '-100'), ('чтоб', '-100'), ('набрать', '-100'), ('помногу', 'D'), ('хлеба', '-100'), ('этого', '-100')]"
"[('говорил', '-100'), ('мне', '-100'), ('генька', '-100'), ('я', '-100'), ('с', '-100'), ('барабан', 'D'), ('ходила', '-100'), ('пешком', '-100'), ('домой', '-100'), ('бегала', '-100'), ('по', '-100'), ('нескольку', 'D'), ('раз', '-100')]"
"[('ну', '-100'), ('что', '-100'), ('дома', '-100'), ('хозяйство', '-100'), ('надо', '-100'), ('было', '-100'), ('ребята', '-100'), ('бегу', '-100'), ('по', '-100'), ('асфальту', '-100'), ('бегу', '-100'), ('другой', '-100'), ('раз', '-100'), ('то', 'D'), ('велосипед', '-100'), ('у', '-100'), ('меня', '-100'), ('три', '-100'), ('велосипеда', '-100'), ('украли', '-100'), ('пока', '-100'), ('ездила', '-100'), ('поставлю', '-100'), ('-', '-100'), ('увядут', 'E'), ('ну', '-100'), ('вот', '-100'), ('и', '-100'), ('потом', '-100'), ('уже', '-100'), ('пешком', '-100')]"
"[('остановился', '-100'), ('один', '-100'), ('раз', '-100'), ('едем', '-100'), ('в', '-100'), ('город', '-100'), ('ну', '-100'), ('до', '-100'), ('дома', '-100'), ('довезти', '-100'), ('я', '-100'), ('говорю', '-100'), ('довези', '-100'), ('гень', 'D'), ('ноги', '-100'), ('уже', '-100'), ('не', '-100'), ('идут', '-100'), ('это', '-100'), ('с', '-100'), ('валькой', '-100'), ('с', '-100'), ('женкой', 'D'), ('едут', '-100'), ('они', '-100')]"
"[('а', '-100'), ('валя', '-100'), ('в', '-100'), ('бибилотеке', 'E'), ('у', '-100'), ('нас', '-100'), ('работает', '-100'), ('она', '-100'), ('говорит', '-100'), ('тань', '-100'), ('-', '-100'), ('говорит', '-100'), ('-', '-100'), ('все', '-100'), ('ноги', '-100'), ('сбиты', '-100'), ('я', '-100'), ('говорю', '-100'), ('да', '-100'), ('все', '-100'), ('сбиты', '-100')]"
"[('а', '-100'), ('это', '-100'), ('самое', '-100'), ('он', '-100'), ('говорит', '-100'), ('так', '-100'), ('она', '-100'), ('ж', '-100'), ('без', '-100'), ('пользы', '-100'), ('бегает', '-100'), ('вот', '-100'), ('села', '-100'), ('подняла', '-100'), ('руку', '-100'), ('видишь', '-100'), ('там', '-100'), ('стоят', '-100'), ('девки', 'D')]"
"[('у', '-100'), ('нас', '-100'), ('у', '-100'), ('барабанов', '-100'), ('стояла', '-100'), ('молодежь', '-100'), ('цыгане', '-100'), ('каких-то', '-100'), ('набирали', '-100'), ('девок', 'D')]"
"[('выводили', '-100'), ('и', '-100'), ('продавали', '-100'), ('на', '-100'), ('базаре', '-100'), ('и', '-100'), ('они', '-100'), ('проедут', '-100'), ('и', '-100'), ('назад', '-100'), ('это', '-100'), ('они', '-100'), ('деньги', '-100'), ('от', 'D'), ('их', 'D'), ('отбирали', '-100')]"
"[('набирают', '-100'), ('когда', '-100'), ('солдат-то', '-100'), ('этих', '-100'), ('новобранцы', '-100'), ('ехали', '-100'), ('целый', '-100'), ('автобус', '-100'), ('вот', '-100'), ('тут', '-100'), ('был', '-100'), ('остановивши', 'D'), ('я', '-100'), ('вышла', '-100')]"
"[('то', 'D'), ('каких-нибудь', '-100'), ('привезет', '-100'), ('в', '-100'), ('байню', 'D'), ('там', '-100'), ('мужиков', '-100'), ('с', '-100'), ('ними', '-100'), ('всю', '-100'), ('ночь', '-100'), ('валанкается', 'D')]"
"[('и', '-100'), ('вот', '-100'), ('таких', '-100'), ('набор', '-100'), ('два', '-100'), ('тюремщика', '-100'), ('вот', '-100'), ('эта', '-100'), ('тонька', '-100'), ('которая', '-100'), ('стояла', '-100'), ('на', '-100'), ('дороге', '-100'), ('торговала', '-100'), ('вот', '-100'), ('т', 'E')]"
"[('вот', '-100'), ('такие', '-100'), ('был', 'D'), ('вот', '-100'), ('в', '-100'), ('той', '-100'), ('бригаде', '-100'), ('когда', '-100'), ('пришла', '-100'), ('вот', '-100'), ('там', '-100'), ('набран', 'D'), ('такие', '-100'), ('господи', '-100'), ('вот', '-100'), ('как', '-100'), ('ими', '-100'), ('руководить', '-100')]"
"[('уж', '-100'), ('уехал', '-100'), ('а', '-100'), ('вот', '-100'), ('этот', '-100'), ('как', '-100'), ('его', '-100'), ('с', 'D'), ('барабан-то', '-100'), ('этот', '-100'), ('вань', '-100')]"
"[('я', '-100'), ('не', '-100'), ('понимала', '-100'), ('что', '-100'), ('у', '-100'), ('него', '-100'), ('в', '-100'), ('голове', '-100'), ('я', '-100'), ('всегда', '-100'), ('боялась', '-100'), ('ему', '-100'), ('даже', '-100'), ('сказать', '-100'), ('он', '-100'), ('вот', '-100'), ('делает', '-100'), ('и', '-100'), ('делает', '-100'), ('я', '-100'), ('боялась', '-100'), ('подйти', 'E'), ('сказать', '-100'), ('ему', '-100'), ('что-то', '-100')]"
"[('и', '-100'), ('он', '-100'), ('такой', '-100'), ('ну', '-100'), ('женщинам', '-100'), ('нравился', '-100'), ('он', '-100'), ('такой', '-100'), ('у', '-100'), ('нас', '-100'), ('там', '-100'), ('это', '-100'), ('даже', '-100'), ('у', '-100'), ('него', '-100'), ('жена', '-100'), ('была', '-100'), ('тут', '-100'), ('нинка', '-100'), ('она', '-100'), ('померла', 'D')]"
"[('сидела', '-100'), ('дома', '-100'), ('печку', '-100'), ('топила', '-100'), ('так', '-100'), ('на', '-100'), ('стуле', '-100'), ('и', '-100'), ('умерла', '-100'), ('и', '-100'), ('вот', '-100'), ('в', '-100'), ('прошлом', '-100'), ('году', '-100'), ('или', '-100'), ('запрошлом', 'D'), ('его', '-100'), ('младший', '-100'), ('сын', '-100'), ('последний', '-100'), ('замерз', '-100'), ('пьяный', '-100'), ('в', '-100'), ('луже', '-100')]"
"[('во', 'D'), ('как', '-100'), ('может', '-100'), ('быть', '-100'), ('в', '-100'), ('жизни', '-100'), ('всю', '-100'), ('семью', '-100'), ('выгреб', 'D'), ('и', 'D'), ('молодые', '-100'), ('еще', '-100')]"
"[('сашка', '-100'), ('какой', '-100'), ('да', '-100'), ('сын', '-100'), ('евонный', 'D'), ('ох', '-100'), ('какой', '-100'), ('парень', '-100'), ('красивунный', 'D'), ('высокий', '-100')]"
"[('молодой', '-100'), ('сорок', '-100'), ('лет', '-100'), ('вот', '-100'), ('как', '-100'), ('случайная', '-100'), ('пуля', '-100'), ('всю', '-100'), ('жисть', 'D'), ('ходил', '-100'), ('на', '-100'), ('охоту', '-100'), ('с', '-100'), ('детства', '-100')]"
"[('картечина', 'D'), ('вот', '-100'), ('как', '-100'), ('можно', '-100'), ('всю', '-100'), ('семью', '-100'), ('забрали', '-100')]"
"[('не', '-100'), ('запрошлый', 'D'), ('наверное', '-100')]"
"[('это', '-100'), ('батька', 'D'), ('вот', '-100'), ('говорят', '-100'), ('когда', '-100'), ('грех', '-100'), ('берешь', '-100'), ('на', '-100'), ('себя', '-100'), ('этот', '-100'), ('грех', '-100'), ('не', '-100'), ('отмолишь', '-100'), ('никогда', '-100'), ('зачем', '-100'), ('он', '-100'), ('у', 'D'), ('себя', '-100'), ('стрелял', '-100')]"
"[('дверь', '-100'), ('же', '-100'), ('вот', '-100'), ('там', '-100'), ('же', '-100'), ('две', '-100'), ('двери', '-100'), ('всего', '-100'), ('одна', '-100'), ('наулицу', 'E'), ('одна', '-100'), ('в', '-100'), ('туалет', '-100')]"
"[('да', '-100'), ('только', '-100'), ('увидишь', '-100'), ('его', '-100'), ('утром', '-100'), ('видишь', '-100'), ('поел', '-100'), ('когда', '-100'), ('и', '-100'), ('в', '-100'), ('обед', '-100'), ('может', '-100'), ('придти', 'E'), ('поесть', '-100'), ('а', '-100'), ('может', '-100'), ('и', '-100'), ('вечером', '-100'), ('только', '-100')]"
"[('правда', '-100'), ('вот', '-100'), ('эти', '-100'), ('празники', 'E'), ('еще', '-100'), ('тут', '-100'), ('эти', '-100')]"
"[('да', '-100'), ('освобождение', '-100'), ('опочки', 'D')]"
"[('не', '-100'), ('совпопало', 'E'), ('на', '-100'), ('понедельник', '-100'), ('да', '-100'), ('да', '-100'), ('да', '-100'), ('а', '-100'), ('мы', '-100'), ('проводят', 'D'), ('они', '-100'), ('всегда', '-100'), ('в', '-100'), ('выходные', '-100'), ('в', '-100'), ('субботу', '-100'), ('значит', '-100'), ('тринадцатого', '-100'), ('будет', '-100')]"
"[('ну', '-100'), ('там', '-100'), ('город', '-100'), ('вот', '-100'), ('парк', '-100'), ('хороший', '-100'), ('сделали', '-100'), ('конечно', '-100'), ('в', '-100'), ('центре', '-100'), ('города', '-100'), ('а', '-100'), ('было', '-100'), ('просто', '-100'), ('такое', '-100'), ('место', '-100'), ('знаешь', '-100'), ('затонувшееся', 'D'), ('там', '-100'), ('канава', '-100'), ('и', '-100'), ('все', '-100'), ('ничего', '-100'), ('не', '-100'), ('было', '-100'), ('заросли', '-100'), ('такие', '-100'), ('коз', '-100'), ('пасли', '-100'), ('бабы', '-100')]"
"[('был', '-100'), ('в', '-100'), ('опочке', 'D'), ('а', '-100'), ('вы', '-100'), ('знаете', '-100'), ('сходите', '-100')]"
"[('вот', '-100'), ('а', '-100'), ('если', '-100'), ('куда', '-100'), ('выехать', '-100'), ('там', '-100'), ('тоже', '-100'), ('много', '-100'), ('всего', '-100'), ('ну', '-100'), ('это', '-100'), ('надо', '-100'), ('в', '-100'), ('теребень', 'D'), ('вот', '-100'), ('в', '-100'), ('теребени', 'D'), ('можно', '-100'), ('попасть', '-100'), ('вот', '-100'), ('там', '-100'), ('тоже', '-100'), ('говорят', '-100'), ('там', '-100'), ('церковь', '-100'), ('старинная', '-100'), ('там', '-100'), ('батюшка', '-100'), ('такой', '-100'), ('хороший', '-100')]"
"[('много', '-100'), ('мест', '-100'), ('конечно', '-100'), ('но', '-100'), ('это', '-100'), ('надо', '-100'), ('все', '-100'), ('расспрашиватьу', 'E'), ('надо', '-100'), ('карту', '-100'), ('по', '-100'), ('карте', '-100'), ('вам', '-100')]"
"[('да', '-100'), ('мы', '-100'), ('снимаем', '-100'), ('в', '-100'), ('кишкино', 'D'), ('там', '-100'), ('сергей', '-100'), ('такой', '-100'), ('лет', '-100'), ('сорок', '-100'), ('пять', '-100')]"
"[('как', '-100'), ('из', '-100'), ('святотечи', 'D'), ('идешь', '-100'), ('один', '-100'), ('из', '-100'), ('первых', '-100'), ('домов', '-100'), ('он', '-100'), ('вроде', '-100'), ('там', '-100'), ('родился', '-100'), ('и', '-100'), ('жил', '-100'), ('всю', '-100'), ('жизнь', '-100')]"
"[('ну', '-100'), ('оса', '-100'), ('анверное', 'E'), ('укусила', '-100')]"
"[('шубуршание', 'E')]"
"[('поедете', '-100'), ('на', '-100'), ('праздники', '-100'), ('во', 'D'), ('псков', '-100'), ('или', '-100'), ('в', '-100'), ('опочку', 'D')]"
"[('если', '-100'), ('мы', '-100'), ('будем', '-100'), ('в', '-100'), ('пуршево', 'D'), ('к', '-100'), ('вам', '-100'), ('зайдем', '-100')]"
"[('дальше', '-100'), ('пойдё', 'D'), ('ремозаводские', '-100'), ('дачи', '-100'), ('будут', '-100'), ('и', '-100'), ('вот', '-100'), ('там', '-100'), ('фонтанчик', '-100')]"
"[('да', '-100'), ('туда', '-100'), ('кишкино', 'D')]"
"[('картечина', 'D')]"
"[('ну', '-100'), ('сядмого', 'E')]"
"[('а', '-100'), ('в', '-100'), ('опочке', 'D'), ('сейчас', '-100'), ('в', '-100'), ('матюшкино', 'D'), ('школа', '-100'), ('есть', '-100')]"
"[('мамка', 'D'), ('ж', '-100'), ('рассказывала', '-100'), ('мы', '-100'), ('родились', '-100')]"
"[('в', '-100'), ('семьдесят', '-100'), ('восьмом', '-100'), ('году', '-100'), ('я', '-100'), ('с', 'D'), ('армии', '-100'), ('пришёл', '-100')]"
"[('это', '-100'), ('самое', '-100'), ('в', '-100'), ('семьдесят', '-100'), ('седьмом', '-100'), ('я', '-100'), ('пришёл', '-100'), ('с', 'D'), ('армии', '-100')]"
"[('до', '-100'), ('восемьдесят', '-100'), ('третьего', '-100'), ('года', '-100'), ('отжил', 'D')]"
"[('в', '-100'), ('восемьдесят', '-100'), ('третьем', '-100'), ('прееехал', 'E')]"
"[('с', 'D'), ('захнова', 'D'), ('это', '-100'), ('там', '-100'), ('через', '-100'), ('деревни', '-100'), ('такие', '-100'), ('сидорово', 'D'), ('попцово', 'D')]"
"[('пять', '-100'), ('пять', '-100'), ('с', '-100'), ('лишним', '-100'), ('километров', '-100'), ('напрямая', 'D')]"
"[('поочереди', 'E')]"
"[('там', '-100'), ('толик', '-100'), ('полковник', '-100'), ('в', '-100'), ('захнове', 'D')]"
"[('я', '-100'), ('просто', '-100'), ('родивши', 'D'), ('там', '-100'), ('был', '-100'), ('в', '-100'), ('октябре', '-100'), ('а', '-100'), ('он', '-100')]"
"[('кончал', '-100'), ('опочецкое', 'D'), ('зенитно-ракетное', '-100'), ('училище', '-100'), ('раньше', '-100'), ('было', '-100')]"
"[('вот', '-100'), ('где', '-100'), ('я', '-100'), ('служил', '-100'), ('в', '-100'), ('мурманской', '-100'), ('области', '-100'), ('вот', '-100'), ('в', '-100'), ('печенге', 'D'), ('вот', '-100'), ('там-то', '-100'), ('вон', '-100'), ('частей', '-100'), ('часть', '-100'), ('на', '-100'), ('части', '-100')]"
"[('там', '-100'), ('норвегия', '-100'), ('оставалась', '-100'), ('в', '-100'), ('печенге', 'D'), ('когда', '-100'), ('служил', '-100')]"
"[('в', '-100'), ('опочку', 'D'), ('идёт', '-100'), ('автобус', '-100'), ('утром', '-100')]"
"[('ну', '-100'), ('в', '-100'), ('восемь', '-100'), ('часов', '-100'), ('надо', '-100'), ('на', '-100'), ('аво', 'D')]"
"[('тут', '-100'), ('раньше', '-100'), ('проходит', '-100'), ('такой', '-100'), ('это', '-100'), ('самое', '-100'), ('с', '-100'), ('пушгор', 'D'), ('здесь', '-100'), ('напрямую', '-100')]"
"[('до', '-100'), ('опочки', 'D'), ('дойдёт', '-100'), ('и', '-100'), ('возвращается', '-100'), ('назад', '-100')]"
"[('пушгоры', 'D'), ('это', '-100'), ('самое', '-100')]"
"[('как', '-100'), ('мамка', 'D'), ('говорит', '-100'), ('так', '-100'), ('раньше', '-100'), ('тридцать', '-100'), ('восемь', '-100'), ('литров', '-100'), ('самогонки', '-100'), ('нагонят', '-100'), ('это', '-100'), ('самое', '-100'), ('и', '-100')]"
"[('а', '-100'), ('мужиков', '-100'), ('тут', '-100'), ('с', 'D'), ('кадникова', 'D'), ('ходили', '-100'), ('с', 'D'), ('глазанова', 'D'), ('с', 'D'), ('тиханова', 'D')]"
"[('через', '-100'), ('соц', 'E'), ('защиту', 'E'), ('это', '-100'), ('идёт', '-100'), ('деньги', '-100'), ('уже', '-100'), ('не', '-100'), ('пенсионный', '-100')]"
"[('то', '-100'), ('теперь', '-100'), ('осталши', 'D'), ('восемьдесят', '-100'), ('голов', '-100'), ('всего', '-100'), ('вон', '-100')]"
"[('между', '-100'), ('борозд', '-100'), ('проезжает', '-100'), ('тут', '-100'), ('трава', '-100'), ('росла', '-100'), ('и', '-100'), ('йана', 'D'), ('б', '-100'), ('росла', '-100'), ('картошка', '-100')]"
"[('а', '-100'), ('денег', '-100'), ('туда', '-100'), ('вгроблен', 'D')]"
"[('ну', '-100'), ('посёлок', '-100'), ('поставши', 'D'), ('это', '-100'), ('самое', '-100'), ('дома', '-100'), ('же', '-100'), ('были', '-100'), ('построены', '-100'), ('там', '-100')]"
"[('поштучно', '-100'), ('в', '-100'), ('заводях', 'D'), ('где-то', '-100'), ('водятся', '-100')]"
"[('а', '-100'), ('я', '-100'), ('сюды', 'D'), ('несу', '-100'), ('себе', '-100'), ('стульчик', '-100')]"
"[('я', '-100'), ('думала', '-100'), ('что', '-100'), ('вы', '-100'), ('не', '-100'), ('ходили', '-100'), ('думала', '-100'), ('что', '-100'), ('там', '-100'), ('в', '-100'), ('в', '-100'), ('среду', '-100'), ('ой', '-100'), ('тьфу', '-100'), ('когда', '-100'), ('автолавка', '-100'), ('у', '-100'), ('них', '-100'), ('в', '-100'), ('четверг', '-100'), ('и', '-100'), ('в', '-100'), ('воскресенье', '-100'), ('туда', '-100'), ('к', '-100'), ('ним', '-100'), ('приходит', '-100'), ('дак', 'D'), ('думала', '-100'), ('послать', '-100'), ('вас', '-100'), ('туда', '-100'), ('а', '-100'), ('то', '-100'), ('она', '-100'), ('за', '-100'), ('забором', '-100'), ('за', '-100'), ('таким', '-100')]"
"[('вот', '-100'), ('сейчас', '-100'), ('на', '-100'), ('том', '-100'), ('месте', '-100'), ('пожарища', 'D'), ('дом', '-100'), ('построен', '-100'), ('большой', '-100'), ('вот', '-100'), ('это', '-100'), ('ее', '-100'), ('дом', '-100')]"
"[('там', '-100'), ('все', '-100'), ('как', '-100'), ('бы', '-100'), ('ну', '-100'), ('обходилиось', 'E'), ('ну', '-100'), ('тушили', '-100')]"
"[('потом', '-100'), ('еще', '-100'), ('собаки', '-100'), ('всё', '-100'), ('эти', '-100'), ('самые', '-100'), ('и', '-100'), ('череп', '-100'), ('и', '-100'), ('всё', '-100'), ('тягали', '-100'), ('по', '-100'), ('святотцу', 'D')]"
"[('в', '-100'), ('луки', '-100'), ('там', '-100'), ('отправили', '-100'), ('в', '-100'), ('дурку', '-100'), ('в', '-100'), ('эту', '-100'), ('и', '-100'), ('он', '-100'), ('там', '-100'), ('помер', 'D')]"
"[('что', '-100'), ('и', '-100'), ('жены', '-100'), ('у', '-100'), ('него', '-100'), ('одна', '-100'), ('умерла', '-100'), ('потом', '-100'), ('он', '-100'), ('женился', '-100'), ('на', '-100'), ('сватье', 'D'), ('на', '-100'), ('своей', '-100')]"
"[('детский', '-100'), ('садик', '-100'), ('в', '-100'), ('барабанах', '-100'), ('сюда', '-100'), ('перевезла', 'D'), ('вот', '-100'), ('так', '-100'), ('живет', '-100'), ('а', '-100'), ('дом', '-100'), ('вот', '-100'), ('уже', '-100'), ('так', '-100'), ('и', '-100'), ('теперь', '-100'), ('уже', '-100'), ('дети', '-100'), ('взрослые', '-100'), ('переженивши', 'D'), ('замуж', '-100'), ('выходили', '-100'), ('девки', 'D')]"
"[('там', '-100'), ('вот', '-100'), ('когда', '-100'), ('у', '-100'), ('нас', 'D'), ('это', '-100'), ('я', '-100'), ('что-то', '-100'), ('соседка', '-100'), ('помнит', '-100'), ('я', '-100'), ('это', '-100'), ('не', '-100'), ('помню', '-100'), ('что', '-100'), ('там', '-100'), ('улица', '-100'), ('была', '-100'), ('такая', '-100'), ('задрепанная', 'D'), ('потом', '-100'), ('ее', '-100'), ('снесли', '-100'), ('вот', '-100'), ('у', '-100'), ('их', 'D'), ('там', '-100'), ('дом', '-100'), ('был', '-100')]"
"[('ну', '-100'), ('им', '-100'), ('уже', '-100'), ('и', '-100'), ('ей-то', '-100'), ('восемдесят', 'E'), ('с', '-100'), ('гаком', '-100')]"
"[('и', '-100'), ('еще', '-100'), ('так', '-100'), ('как', '-100'), ('бы', '-100'), ('ну', '-100'), ('дочки', '-100'), ('приезжают', '-100'), ('одна', '-100'), ('все', '-100'), ('время', '-100'), ('там', '-100'), ('там', '-100'), ('у', '-100'), ('них', '-100'), ('тоже', '-100'), ('расстроивши', 'D'), ('теперь', '-100')]"
"[('да', '-100'), ('потом', '-100'), ('может', '-100'), ('такси', '-100'), ('вызовете', '-100'), ('а', '-100'), ('вам', '-100'), ('два', '-100'), ('надо', '-100'), ('такси', '-100'), ('а', '-100'), ('вы', '-100'), ('все', '-100'), ('собираетесь', '-100'), ('в', '-100'), ('баню', '-100'), ('или', '-100'), ('не', 'D')]"
"[('черти', 'E'), ('знает', '-100'), ('что', '-100'), ('так', 'D'), ('у', '-100'), ('нас', '-100'), ('тогда', '-100'), ('было', '-100'), ('в', '-100'), ('те', '-100'), ('годы', '-100'), ('я', '-100'), ('думаю', '-100'), ('что', '-100'), ('даже', '-100'), ('не', '-100'), ('в', '-100'), ('четверг', '-100'), ('не', '-100'), ('наверное', '-100'), ('пятница', '-100'), ('суббота', '-100'), ('воскресенье', '-100'), ('ну', '-100'), ('там', '-100'), ('как', '-100'), ('бы', '-100'), ('два', '-100'), ('отделения', '-100'), ('мужское', '-100'), ('и', '-100'), ('женское', '-100'), ('и', '-100')]"
"[('а', '-100'), ('потом', '-100'), ('уже', '-100'), ('как', '-100'), ('подорожало', '-100'), ('все', '-100'), ('это', '-100'), ('с', 'D'), ('часу', 'D'), ('и', '-100'), ('дорого', '-100'), ('наверное', '-100'), ('в', '-100'), ('баню', '-100'), ('даже', '-100'), ('сто', '-100'), ('с', '-100'), ('лишним', '-100'), ('рублей', '-100'), ('наверное', '-100')]"
"[('ну', '-100'), ('в', '-100'), ('вначале', 'E'), ('когда', '-100'), ('нам', '-100'), ('давали', '-100'), ('квартиру', '-100'), ('вода', '-100'), ('была', '-100'), ('горячая', '-100'), ('может', '-100'), ('года', '-100'), ('три', '-100'), ('самое', '-100'), ('и', '-100'), ('было', '-100')]"
"[('ну', '-100'), ('в', '-100'), ('крватирах', 'E'), ('был', '-100'), ('душ', '-100')]"
"[('и', '-100'), ('вот', '-100'), ('сейчас', '-100'), ('не', '-100'), ('ездимши', 'D'), ('ни', '-100'), ('к', '-100'), ('какие', '-100'), ('ни', '-100'), ('за', '-100'), ('какие', '-100'), ('деньги', '-100'), ('я', '-100'), ('бы', '-100'), ('пешком', '-100'), ('не', '-100'), ('пошла', '-100'), ('вот', '-100'), ('зимой', '-100'), ('когда', '-100'), ('особенно', '-100'), ('темно', '-100')]"
"[('более', '-100'), ('менее', '-100'), ('тем', '-100'), ('более', '-100'), ('я', '-100'), ('одна', '-100'), ('и', '-100'), ('всё', '-100'), ('со', '-100'), ('всем', '-100'), ('справляюсь', '-100'), ('и', '-100'), ('это', '-100'), ('было', '-100'), ('завидно', 'D')]"
"[('ну', '-100'), ('у', '-100'), ('сергия', 'D'), ('да', '-100'), ('когда', '-100'), ('уже', '-100'), ('плохо', '-100'), ('плохо', '-100'), ('стало', '-100'), ('ему', '-100'), ('совсем', '-100'), ('вот', '-100'), ('такие', '-100'), ('дела', '-100')]"
"[('да', '-100'), ('с', '-100'), ('другой', '-100'), ('нет', '-100'), ('в', '-100'), ('дервне', 'E'), ('у', '-100'), ('нас', '-100'), ('школа', '-100'), ('была', '-100'), ('тоже', '-100'), ('километра', '-100'), ('три', '-100'), ('наверное', '-100'), ('вот', '-100'), ('так', '-100'), ('вот', '-100'), ('это', '-100'), ('самое', '-100')]"
"[('вот', '-100'), ('у', '-100'), ('нас', '-100'), ('восьмилетка', '-100'), ('была', '-100'), ('от', 'D'), ('восьмого', '-100'), ('класса', '-100'), ('люди', '-100'), ('и', '-100'), ('до', '-100'), ('первого', '-100'), ('класса', '-100'), ('и', '-100'), ('вот', '-100'), ('всё', '-100'), ('идем', '-100'), ('большие', '-100'), ('вот', '-100'), ('самые', '-100'), ('маленькие', '-100'), ('сзади', '-100'), ('плетемся', '-100')]"
"[('вот', '-100'), ('такие', '-100'), ('сугробы', '-100'), ('я', '-100'), ('маленькая', '-100'), ('была', '-100'), ('всю', '-100'), ('жисть', 'D'), ('так', '-100'), ('это', '-100'), ('самое', '-100'), ('идешь', '-100'), ('тебя', '-100'), ('и', '-100'), ('не', '-100'), ('видать', 'D'), ('шапка', '-100'), ('только', '-100'), ('может', '-100'), ('макушка', '-100'), ('торчит', '-100'), ('с-под', 'D'), ('сугроба', '-100')]"
"[('катались', '-100'), ('вот', '-100'), ('крыша', '-100'), ('ну', '-100'), ('пониже', '-100'), ('например', '-100'), ('надворной', '-100'), ('постройки', '-100'), ('и', '-100'), ('метало', '-100'), ('так', '-100'), ('что', '-100'), ('снег', '-100'), ('и', '-100'), ('с', '-100'), ('крыши', '-100'), ('по', '-100'), ('этому', '-100'), ('сугробу', '-100'), ('на', '-100'), ('крышу', '-100'), ('и', '-100'), ('вот', '-100'), ('так', '-100'), ('катались', '-100'), ('как', '-100'), ('это', '-100'), ('самое', '-100'), ('с', '-100'), ('трамплину', 'D')]"
"[('а', '-100'), ('зимы', '-100'), ('какие', '-100'), ('были', '-100'), ('суровые', '-100'), ('бывало', '-100'), ('и', '-100'), ('ждешь', '-100'), ('этого', '-100'), ('радио', '-100'), ('встанешь', '-100'), ('киваешься', 'D'), ('еще', '-100'), ('не', '-100'), ('выспавшись', '-100'), ('и', '-100'), ('ждешь', '-100'), ('что', '-100'), ('в', '-100'), ('школу', '-100'), ('сегодня', '-100'), ('не', '-100'), ('ходить', '-100'), ('мороз', '-100'), ('там', '-100'), ('на', '-100'), ('двадцать', '-100'), ('пять', '-100'), ('уже', '-100'), ('наверное', '-100'), ('градусов', '-100'), ('или', '-100'), ('тридцать', '-100'), ('не', '-100'), ('двадцать', '-100'), ('пять', '-100'), ('наверное', '-100'), ('уже', '-100'), ('в', '-100'), ('школу', '-100'), ('как', '-100'), ('бы', '-100'), ('не', '-100'), ('идти', '-100'), ('чтоб', '-100'), ('не', '-100'), ('обморозиться', '-100')]"
"[('там', '-100'), ('тоже', '-100'), ('вот', '-100'), ('мы', '-100'), ('жили', '-100'), ('я', '-100'), ('и', '-100'), ('бабушка', '-100'), ('и', '-100'), ('она', '-100'), ('втроём', '-100'), ('сначала', '-100'), ('дед', '-100'), ('был', '-100'), ('потом', '-100'), ('дед', '-100'), ('помер', 'D')]"
"[('сами', '-100'), ('ну', '-100'), ('как', '-100'), ('с', 'D'), ('деревни', '-100'), ('там', '-100'), ('родственники', '-100'), ('были', '-100'), ('у', '-100'), ('нее', '-100'), ('сестра', '-100'), ('жила', '-100'), ('двоюродная', '-100'), ('так', '-100'), ('вот', '-100'), ('они', '-100'), ('как', '-100'), ('бы', '-100'), ('и', '-100'), ('мамке', 'D'), ('моей', '-100'), ('сено', '-100'), ('накосят', '-100'), ('муж', '-100'), ('ее', '-100'), ('и', '-100'), ('на', '-100'), ('себя', '-100')]"
"[('яблоню', '-100'), ('там', '-100'), ('две', '-100'), ('сколько', '-100'), ('оставят', '-100'), ('да', '-100'), ('куст', '-100'), ('смородины', '-100'), ('какой', '-100'), ('крыжовника', '-100'), ('детям', '-100'), ('пойись', 'D')]"
"[('вот', '-100'), ('так', '-100'), ('вот', '-100'), ('потом', '-100'), ('сено', '-100'), ('ох', '-100'), ('лихо', '-100'), ('тошно', '-100'), ('я', '-100'), ('как', '-100'), ('вздумаю', 'D'), ('как', '-100'), ('детство', '-100'), ('его', '-100'), ('не', '-100'), ('было', '-100'), ('совсем', '-100'), ('не', '-100'), ('было', '-100')]"
"[('с', '-100'), ('какого', '-100'), ('перепугу', '-100'), ('мы', '-100'), ('пошли', '-100'), ('нас', '-100'), ('три', '-100'), ('девчонки', '-100'), ('з', 'E'), ('деревни', '-100'), ('пошли', '-100'), ('в', '-100'), ('этот', '-100'), ('в', '-100'), ('себежский', '-100'), ('техникум', '-100'), ('на', '-100'), ('агронома', '-100'), ('учиться', '-100')]"
"[('вы', '-100'), ('собак', '-100'), ('любит', 'E')]"
"[('мы', '-100'), ('в', '-100'), ('среду', '-100'), ('уезжаем', '-100'), ('в', '-100'), ('среду', '-100'), ('десятого', '-100'), ('уедем', '-100'), ('ну', '-100'), ('так', '-100'), ('не', '-100'), ('все', '-100'), ('нами', 'D'), ('хотят', '-100'), ('разговаривать', '-100'), ('какие-то', '-100'), ('бабушки', '-100'), ('плохо', '-100'), ('себя', '-100'), ('чувствуют', '-100')]"
"[('а', '-100'), ('помер', 'D'), ('от', '-100'), ('чего', '-100'), ('непонятно', '-100')]"
"[('в', '-100'), ('опочку', 'D'), ('пойдем', '-100')]"
"[('ничего', '-100'), ('себе', '-100'), ('те', 'E'), ('не', '-100'), ('было', '-100'), ('центрального', '-100'), ('горячего', '-100'), ('водоснабжения', '-100')]"
"[('ну', '-100'), ('а', '-100'), ('в', '-100'), ('колхозе', '-100'), ('соответственно', '-100'), ('вы', '-100'), ('никога', 'E'), ('не', '-100'), ('работали', '-100')]"
"[('и', '-100'), ('как', '-100'), ('жы', 'E'), ('вы', '-100'), ('три', '-100'), ('женщины', '-100'), ('справлялись', '-100')]"
"[('ну', '-100'), ('а', '-100'), ('успвали', 'E'), ('вы', '-100'), ('там', '-100'), ('с', '-100'), ('ребятами', '-100'), ('поиграть', '-100'), ('побегать', '-100'), ('или', '-100'), ('все', '-100'), ('только', '-100'), ('работали', '-100')]"
"[('вот', '-100'), ('мы-то', '-100'), ('я', '-100'), ('там', '-100'), ('отжила', 'D'), ('двадцать', '-100'), ('два', '-100'), ('года', '-100')]"
"[('вот', '-100'), ('так', '-100'), ('мои', '-100'), ('девоньки', 'D'), ('девочки', '-100'), ('дорогие', '-100')]"
"[('вот', '-100'), ('такое', 'D'), ('дела', '-100')]"
"[('меня', 'D'), ('старший', '-100'), ('брат', '-100'), ('был', '-100'), ('с', 'D'), ('двадцать', '-100'), ('третьего', '-100'), ('года', '-100')]"
"[('сестра', '-100'), ('была', '-100'), ('зоя', 'D'), ('с', 'D'), ('двадцать', '-100'), ('шестого', '-100')]"
"[('ещё', '-100'), ('брат', '-100'), ('был', '-100'), ('с', 'D'), ('двадцать', '-100'), ('восьмого', '-100')]"
"[('я', '-100'), ('вот', '-100'), ('с', 'D'), ('тридцать', '-100'), ('второго', '-100')]"
"[('а', '-100'), ('младшая-то', '-100'), ('умерла', '-100'), ('рано', '-100'), ('на', 'D'), ('шестьдесят', '-100'), ('восьмом', '-100'), ('году', 'D')]"
"[('с', 'D'), ('километр', '-100'), ('они', '-100'), ('живут', '-100'), ('недалеко', '-100')]"
"[('а', '-100'), ('на', 'D'), ('двадцать', '-100'), ('четвертом', '-100'), ('году', 'D'), ('я', '-100'), ('вышла', '-100'), ('двадцать', '-100'), ('три', '-100'), ('года', '-100'), ('было', '-100'), ('мне', '-100')]"
"[('с', 'D'), ('тридцать', '-100'), ('второго', '-100'), ('в', '-100'), ('шестидесятом', '-100'), ('году', '-100')]"
"[('тоже', '-100'), ('отца', '-100'), ('не', '-100'), ('было', '-100'), ('отец', '-100'), ('умерши', 'D'), ('ещё', '-100'), ('в', '-100'), ('тридцать', '-100'), ('девятом', '-100'), ('году', '-100'), ('у', '-100'), ('него', '-100')]"
"[('вот', '-100'), ('сало', '-100'), ('обжаривать', '-100'), ('стали', '-100'), ('вот', '-100'), ('такой', '-100'), ('так', '-100'), ('пирогов', '-100'), ('напекли', '-100')]"
"[('с', '-100'), ('матерью', '-100'), ('жила', '-100'), ('я', '-100'), ('двенадцать', '-100'), ('лет', '-100'), ('со', '-100'), ('свекровью', '-100')]"
"[('я', '-100'), ('сразу', '-100'), ('в', '-100'), ('пятьдесят', 'D'), ('седьмом', '-100'), ('году', '-100'), ('и', '-100'), ('родила', '-100')]"
"[('девочки', '-100'), ('раньше', '-100'), ('так', '-100'), ('раньше', '-100'), ('мы', '-100'), ('стеснялись', '-100'), ('даже', '-100'), ('поцеловаться', '-100'), ('друг', 'D'), ('друга', 'D'), ('не', '-100'), ('так', '-100'), ('как', '-100'), ('сейчас', '-100')]"
"[('она', '-100'), ('не', '-100'), ('было', '-100'), ('йей', 'D'), ('только', '-100'), ('племянники', '-100'), ('детей', '-100'), ('не', '-100'), ('было', '-100')]"
"[('соцработник', '-100'), ('за', '-100'), ('йей', 'D'), ('ухаживал', '-100')]"
"[('посмотрела', '-100'), ('в', '-100'), ('окно', '-100'), ('она', '-100'), ('лежит', '-100'), ('на', '-100'), ('диване', '-100'), ('и', '-100'), ('всё', '-100')]"
"[('а', '-100'), ('вот', '-100'), ('а', '-100'), ('летом', '-100'), ('сейчас', '-100'), ('иногда', '-100'), ('я', '-100'), ('и', '-100'), ('сама', '-100'), ('немножко', '-100'), ('протоплю', '-100')]"
"[('вот', '-100'), ('так', '-100'), ('артелью', '-100'), ('и', '-100'), ('воспитываем', '-100')]"
"[('они', '-100'), ('сильно', '-100'), ('дружат', '-100'), ('с', '-100'), ('йей', 'D')]"
"[('тоже', '-100'), ('завтра', '-100'), ('восемь', '-100'), ('лет', '-100')]"
"[('мне', '-100'), ('вот', '-100'), ('было', '-100'), ('двенадцатого', '-100'), ('а', '-100'), ('ему', '-100'), ('девятнадцатого', 'D')]"
"[('сбаловали', 'D'), ('наверно', '-100'), ('мы', '-100'), ('его', '-100'), ('все', '-100'), ('жалели', '-100'), ('жалели', '-100')]"
"[('всё', '-100'), ('некогда', '-100'), ('надо', '-100'), ('скорее', '-100'), ('сделал', '-100'), ('и', '-100'), ('пошёл', '-100')]"
"[('нет', '-100'), ('и', '-100'), ('он', '-100'), ('в', '-100'), ('опочку', '-100'), ('ходит', '-100'), ('в', '-100'), ('школу', '-100')]"
"[('все', '-100'), ('тут', '-100'), ('не', '-100'), ('живут', '-100'), ('житья', 'D'), ('жилья', '-100'), ('а', '-100'), ('они', '-100'), ('хотят', '-100'), ('ездить', '-100')]"
"[('городах', '-100'), ('не', '-100'), ('в', '-100'), ('городах', '-100'), ('а', '-100'), ('в', '-100'), ('нашей', '-100'), ('опочке', '-100')]"
"[('двадцать', '-100'), ('километров', '-100')]"
"[('да', '-100'), ('двадцать', '-100'), ('километров', '-100')]"
"[('тогда', '-100'), ('всё', '-100'), ('никого', '-100'), ('ничего', '-100'), ('своего', '-100'), ('нет', '-100')]"
"[('теперь', '-100'), ('теперь', '-100'), ('вси', 'D'), ('живут', '-100'), ('только', '-100'), ('на', '-100'), ('одну', '-100'), ('пенсию', '-100')]"
"[('а', '-100'), ('ему', '-100'), ('тридцать', '-100'), ('восемь', '-100'), ('лет', '-100')]"
"[('ну-от', '-100'), ('были', '-100'), ('построилшы', 'D'), ('потихоньку', '-100'), ('кого', 'D'), ('какой', '-100'), ('кто', 'D'), ('как', '-100'), ('какой', '-100'), ('мог', '-100'), ('построить', '-100'), ('домик', '-100')]"
"[('в', '-100'), ('сорок', '-100'), ('четвёртом', '-100')]"
"[('речка', '-100'), ('было', 'D'), ('вся', '-100'), ('видна', '-100')]"
"[('жили', '-100'), ('немцы', '-100'), ('нас', '-100'), ('собиралели', 'D'), ('в', '-100'), ('одну', '-100'), ('семью', '-100'), ('куда-нибудь', '-100')]"
"[('ни', '-100'), ('глазаново', '-100'), ('ни', '-100'), ('ни', '-100'), ('балаши', '-100')]"
"[('а', '-100'), ('потом', '-100'), ('нас', '-100'), ('отправили', '-100'), ('вот', '-100'), ('в', '-100'), ('ту', '-100'), ('деревню', '-100'), ('куда', '-100'), ('я', '-100'), ('замуж-от', '-100'), ('вышла', '-100')]"
"[('тая', 'D'), ('деревня', '-100'), ('страдала', '-100'), ('из-за', '-100'), ('партизан', '-100')]"
"[('шестнадцатого', '-100'), ('апреля', '-100')]"
"[('ехали', '-100'), ('в', '-100'), ('эту', '-100'), ('деревню', '-100')]"
"[('пересажали', '-100'), ('их', '-100'), ('всех', '-100'), ('в', '-100'), ('тюрьму', '-100')]"
"[('сидим', '-100')]"
"[('уже', '-100'), ('набили', '-100'), ('так', '-100'), ('доме', 'D'), ('что', '-100'), ('дышать', '-100'), ('нечем', '-100')]"
"[('а', '-100'), ('забрать', '-100'), ('молодёжь', '-100'), ('всю', '-100')]"
"[('но', '-100'), ('мы-то', '-100'), ('-', '-100'), ('не', '-100')]"
"[('ну', '-100'), ('вот', '-100'), ('с', '-100'), ('нашей', '-100'), ('семье', '-100'), ('отца', '-100'), ('моего', '-100'), ('брата', '-100')]"
"[('пошёл', '-100'), ('рыбу', '-100'), ('наступил', '-100'), ('наступили', '-100'), ('на', '-100'), ('мину', '-100')]"
"[('взорвало', '-100'), ('миной', '-100')]"
"[('а', '-100'), ('отца', '-100'), ('и', '-100')]"
"[('а', '-100'), ('брат', '-100'), ('уже', '-100'), ('в', '-100'), ('сорок', '-100'), ('четвёртом', '-100'), ('году', '-100')]"
"[('брат', '-100'), ('пошёл', '-100'), ('в', '-100'), ('евонной', 'D'), ('одежде', '-100'), ('он', '-100'), ('не', '-100'), ('обратил', '-100'), ('внимания', '-100'), ('махнул', '-100'), ('рукой', '-100'), ('что', '-100')]"
"[('и', '-100'), ('в', '-100'), ('маленьких', '-100'), ('вот', '-100'), ('таких', '-100'), ('городах', '-100'), ('как', '-100'), ('наша', '-100'), ('опочка', '-100'), ('это', '-100'), ('трудно', '-100'), ('-', '-100'), ('деньги', '-100'), ('заработать', '-100'), ('нас', '-100')]"
"[('зарплаты', '-100'), ('пятнадцать', 'D'), ('тысяч', '-100'), ('-', '-100'), ('самое', '-100'), ('высокое', '-100')]"
"[('двенадцать', '-100'), ('десять', '-100'), ('восемь', '-100'), ('-', '-100'), ('ну', '-100'), ('что', '-100'), ('это', '-100')]"
"[('лентоткацкая', '-100'), ('фабрика', '-100')]"
"[('фабрика', '-100')]"
"[('президентом', '-100'), ('пенсия', '-100'), ('у', '-100'), ('нас', '-100')]"
"[('я', '-100'), ('два', '-100'), ('года', '-100'), ('учётчицей', '-100'), ('работала', '-100'), ('в', '-100'), ('конторе', '-100')]"
"[('за', '-100'), ('лён', '-100'), ('давали', '-100'), ('копейки', '-100'), ('такие', '-100')]"
"[('если', '-100'), ('вырастет', '-100'), ('лён', '-100'), ('-', '-100'), ('это', '-100'), ('как', '-100'), ('премия', '-100')]"
"[('какое-то', '-100'), ('ну', '-100'), ('дополнительно', '-100'), ('ну', '-100'), ('вот', '-100'), ('поэтому', '-100')]"
"[('ну', '-100'), ('эту', '-100'), ('вон', '-100'), ('ещё', '-100'), ('с', '-100'), ('йей', 'D'), ('доска', '-100')]"
"[('мы', '-100'), ('уже', '-100'), ('зарабатывля', 'D')]"
"[('даже', '-100'), ('до', '-100'), ('двести', '-100'), ('рублей', '-100'), ('но', '-100'), ('это', '-100'), ('же', '-100'), ('были', '-100'), ('деньги', '-100')]"
"[('двести', '-100'), ('рублей', '-100'), ('-', '-100'), ('это', '-100')]"
"[('это', '-100'), ('мы', '-100'), ('уже', '-100'), ('по', '-100'), ('двести', '-100'), ('рублей', '-100'), ('стали', '-100')]"
"[('нам', '-100'), ('не', '-100'), ('нам', '-100'), ('разбирать', '-100'), ('их', '-100')]"
"[('доили', '-100'), ('сорок', '-100'), ('пять', '-100'), ('голов', '-100')]"
"[('а', '-100'), ('повыше', '-100'), ('был', '-100'), ('двор', '-100'), ('там', '-100'), ('три', '-100'), ('было', '-100'), ('доярки', '-100'), ('там', '-100'), ('было', '-100'), ('девяносто', '-100'), ('девять', '-100'), ('коров', '-100')]"
"[('поэтому', '-100'), ('у', '-100'), ('нас', '-100'), ('было', '-100'), ('только', '-100'), ('по', '-100'), ('двадцать', '-100')]"
"[('по', '-100'), ('двадцать', '-100'), ('три', '-100')]"
"[('по', '-100'), ('двадцать', '-100'), ('три', 'D'), ('у', '-100'), ('нас', '-100'), ('было', '-100')]"
"[('тоже', '-100'), ('только', '-100'), ('вот', '-100')]"
"[('каждой', '-100'), ('надо', '-100'), ('влить', 'D')]"
"[('так', '-100'), ('что', '-100'), ('двадцать', 'D'), ('три', '-100'), ('раза', '-100'), ('надо', '-100'), ('сходить', '-100')]"
"[('не', '-100'), ('давай', '-100'), ('ещё', '-100'), ('по', '-100'), ('ведёрочку', 'D'), ('вольём', '-100')]"
"[('а', '-100'), ('тут', '-100'), ('уже', '-100'), ('мы', '-100'), ('хоть', '-100'), ('получали', '-100'), ('мы', '-100'), ('знали', '-100'), ('что', '-100'), ('вот', '-100'), ('пятнадцатого', '-100'), ('-', '-100'), ('аванс', '-100')]"
"[('а', '-100'), ('второго', '-100'), ('-', '-100')]"
"[('получка', '-100')]"
"[('ребят', '-100'), ('стали', '-100'), ('учить', '-100'), ('внуки', '-100'), ('пошли', '-100')]"
"[('сергей', '-100'), ('только', '-100'), ('потом', '-100'), ('кончил', '-100'), ('тут', '-100'), ('в', '-100'), ('опочке', '-100')]"
"[('четыре', '-100'), ('года', '-100'), ('во', '-100'), ('пскове', '-100'), ('отучилась', '-100')]"
"[('она', '-100'), ('пятьдесят', '-100'), ('она', '-100'), ('с', '-100'), ('восемьдесят', '-100'), ('четвёртого', '-100'), ('года', '-100'), ('она', '-100')]"
"[('проходите', '-100'), ('у', '-100'), ('ме', 'D'), ('окно', '-100'), ('открыт', 'D')]"
"[('может', '-100'), ('быть', '-100'), ('кофе', '-100'), ('хочуте', 'D')]"
"[('тоже', '-100'), ('чай', '-100')]"
"[('может', '-100'), ('хотите', '-100'), ('такой', '-100')]"
"[('нет', '-100'), ('спасибо', '-100'), ('я', '-100'), ('ещё', '-100'), ('буду', '-100'), ('поливать', '-100'), ('пойду', '-100'), ('в', '-100'), ('огород', '-100')]"
"[('потом', '-100'), ('попью', '-100')]"
"[('вы-то', '-100'), ('наверно', '-100'), ('в', '-100'), ('город', '-100'), ('ездите', 'D'), ('на', '-100'), ('чём', '-100'), ('машина', '-100'), ('у', '-100'), ('вас', '-100'), ('есть', '-100')]"
"[('хотят', '-100'), ('пакеты', '-100'), ('наливайте', '-100'), ('наливайте', '-100'), ('бойтесь', '-100'), ('не', '-100'), ('жалейте', '-100')]"
"[('теперь', '-100'), ('придуман', '-100')]"
"[('половник', '-100'), ('сожгла', '-100')]"
"[('нескладный', '-100')]"
"[('и', '-100'), ('плиту', '-100'), ('и', '-100'), ('в', '-100'), ('той', '-100'), ('комнате', '-100'), ('круглая', '-100'), ('печка', '-100')]"
"[('хочете', 'D'), ('песок', '-100'), ('берите', '-100'), ('вот', '-100'), ('конфеты', '-100'), ('берите', '-100')]"
"[('ох', '-100'), ('были', '-100'), ('были', '-100'), ('девчата', '-100'), ('у', '-100'), ('меня', '-100')]"
"[('мы', '-100'), ('уже', '-100'), ('же', '-100'), ('познакомились', '-100'), ('вси', 'D')]"
"[('народу', 'D'), ('в', '-100'), ('деревнях', '-100'), ('мало', '-100'), ('теперь', '-100')]"
"[('пряники-то', '-100'), ('не', '-100'), ('очень', '-100')]"
"[('то', '-100'), ('заказываем', '-100')]"
"[('пряности', '-100'), ('все', '-100'), ('вот', '-100'), ('печенья', '-100'), ('эти', '-100')]"
"[('у', '-100'), ('йих', 'D'), ('холодильники', '-100'), ('в', '-100'), ('этых', 'D'), ('в', '-100'), ('автолавках', '-100')]"
"[('ну', '-100'), ('вот', '-100'), ('мыло', '-100'), ('примерно', '-100'), ('йим', 'D'), ('не', '-100'), ('разрешают', '-100'), ('вот', '-100'), ('такое', '-100'), ('возить', '-100')]"
"[('если', '-100'), ('пушкиногорское', '-100'), ('то', '-100'), ('хорошее', '-100'), ('а', '-100'), ('если', '-100'), ('вот', '-100'), ('так', '-100'), ('то', '-100'), ('в', '-100'), ('пакетах', '-100'), ('возят', '-100'), ('так', '-100')]"
"[('вот', '-100'), ('только', '-100'), ('глядит', '-100'), ('чтоб', '-100'), ('ей', '-100'), ('дали', '-100'), ('что-то', '-100'), ('вкусненькое', '-100')]"
"[('немножко', '-100')]"
"[('сперва', '-100'), ('хорошо', '-100'), ('ела', '-100'), ('теперь', '-100'), ('не', '-100'), ('знаю', '-100')]"
"[('на', '-100'), ('улице', '-100'), ('она', '-100'), ('всё', '-100'), ('время', '-100'), ('на', '-100'), ('улице', '-100'), ('йей', 'D'), ('дома', '-100'), ('нет', '-100')]"
"[('мы', '-100'), ('я', '-100'), ('не', '-100'), ('держу', '-100')]"
"[('ему', '-100'), ('же', '-100'), ('хочется', '-100'), ('побегать', '-100'), ('а', '-100'), ('он', '-100'), ('во', '-100'), ('всё', '-100'), ('на', '-100'), ('на', '-100'), ('цепи', '-100'), ('у', '-100'), ('меня', '-100')]"
"[('не', '-100'), ('кому', 'E'), ('доить', '-100')]"
"[('очень', '-100'), ('больная', '-100')]"
"[('тоже', '-100'), ('там', '-100'), ('огород', '-100')]"
"[('нынче', '-100'), ('не', '-100'), ('знаю', '-100'), ('говорил', '-100'), ('витя', '-100'), ('что', '-100'), ('хороший', '-100'), ('помидор', '-100')]"
"[('поэтому', '-100'), ('мякенькие', 'D'), ('поэтому', '-100'), ('я', '-100'), ('для', '-100'), ('себя', '-100'), ('такие', '-100'), ('беру', '-100')]"
"[('за', '-100'), ('им', '-100'), ('ухаживать', '-100')]"
"[('картошки', '-100'), ('я', '-100'), ('не', '-100'), ('касаюсь', '-100'), ('потому', '-100'), ('что', '-100'), ('он', '-100'), ('мне', '-100'), ('не', '-100'), ('разрешает', '-100'), ('теперь', '-100')]"
"[('ковыряйся-ка', 'D'), ('во', '-100'), ('своих', '-100'), ('грядок', 'D'), ('если', '-100'), ('хочешь', '-100')]"
"[('говорит', '-100'), ('мам', '-100'), ('уже', '-100'), ('шестьдесят', '-100'), ('восемьдесят', '-100'), ('шесть', '-100'), ('лет', '-100')]"
"[('не', '-100'), ('-', '-100'), ('я', '-100'), ('говорю', '-100'), ('-', '-100')]"
"[('вить', '-100'), ('вот', '-100'), ('что', '-100'), ('сидеть', '-100'), ('же', '-100'), ('надаиссь', 'D')]"
"[('в', '-100'), ('окно', '-100'), ('глядеть', '-100'), ('я', '-100'), ('говорю', '-100'), ('я', '-100'), ('лучше', '-100'), ('буду', '-100'), ('помаленьку', '-100'), ('ходить', '-100')]"
"[('господи', '-100')]"
"[('всё', '-100'), ('поднял', '-100'), ('клумбу', '-100')]"
"[('ой', '-100'), ('чего', '-100'), ('я', '-100'), ('буду', '-100'), ('около', '-100'), ('йих', 'D'), ('мучаться', '-100'), ('путаться', '-100')]"
"[('правнук', '-100'), ('бабушка', '-100'), ('давай', '-100'), ('я', '-100'), ('буду', '-100'), ('всё', '-100'), ('лить', '-100'), ('и', '-100'), ('лить', '-100'), ('лить', '-100'), ('и', '-100'), ('лить', '-100'), ('мы', '-100'), ('его', '-100'), ('зальём', '-100')]"
"[('уже', '-100'), ('цвет', '-100'), ('у', '-100'), ('йих', 'D'), ('не', '-100'), ('такой', '-100')]"
"[('оне', 'D'), ('сделались', '-100'), ('светлые', '-100'), ('такие', '-100'), ('были', '-100'), ('жирные', '-100'), ('такие', '-100'), ('красивые', '-100')]"
"[('если', '-100'), ('настенька', '-100'), ('будет', '-100'), ('мы', '-100'), ('день', '-100'), ('рождения', '-100'), ('опять', '-100'), ('отметим', '-100'), ('у', '-100'), ('тебя', '-100')]"
"[('игорь-то', '-100'), ('наш', '-100'), ('пьёт', '-100'), ('тоже', '-100')]"
"[('еле-еле', '-100'), ('тёпленький', '-100')]"
"[('кипятком', '-100'), ('разбавляет', '-100')]"
"[('сто', '-100'), ('двадцать', '-100'), ('рублей', '-100')]"
"[('если', '-100'), ('такая', '-100'), ('сушь', 'D'), ('будет', '-100'), ('так', '-100'), ('будет', '-100'), ('сухо', '-100'), ('то', '-100'), ('не', '-100'), ('знаю', '-100'), ('нынче', '-100'), ('ж', '-100')]"
"[('и', '-100'), ('яблоня', '-100'), ('так', '-100'), ('хорошо', '-100'), ('цвели', '-100'), ('и', '-100'), ('слива', '-100')]"
"[('вон', '-100'), ('уже', '-100'), ('вишенки', '-100'), ('вот', '-100'), ('такие', '-100'), ('маленькие', '-100'), ('уже', '-100'), ('ссохли', 'D'), ('на', '-100'), ('вишененке', 'D')]"
"[('нынче', '-100'), ('земляника', '-100'), ('уже', '-100'), ('поспела', '-100'), ('в', '-100'), ('лесах', '-100')]"
"[('леса-то', '-100'), ('теперь', '-100'), ('нет', '-100'), ('весь', '-100'), ('вырезаны', '-100'), ('а', '-100'), ('заросши', 'D'), ('таким', '-100'), ('мелким', '-100')]"
"[('вот', '-100'), ('раньше', '-100'), ('земляника', '-100'), ('поспевала', '-100'), ('только', '-100'), ('с', '-100'), ('пятнадцатого', '-100')]"
"[('наверно', '-100'), ('с', '-100'), ('пятого', '-100'), ('уже', '-100'), ('начали', '-100'), ('ходить', '-100')]"
"[('а', '-100'), ('где', '-100'), ('повыше', '-100'), ('она', '-100'), ('уже', '-100'), ('ссохла', 'D')]"
"[('вот', '-100'), ('такая', '-100'), ('свернулась', 'D'), ('она', '-100'), ('уже', '-100'), ('всё', '-100'), ('ягодок', '-100'), ('нет', '-100')]"
"[('а', '-100'), ('ведь', '-100'), ('речка-то', '-100'), ('рядом', '-100'), ('же', '-100'), ('совсем', '-100'), ('недалеко', '-100')]"
"[('купаться', '-100'), ('ну', '-100'), ('всё', '-100'), ('равно', '-100'), ('и', '-100'), ('сейчас', '-100'), ('недалеко', '-100'), ('там', '-100'), ('дорога', '-100'), ('и', '-100'), ('ходят', '-100'), ('на', '-100'), ('пляж', '-100')]"
"[('ну-от', 'D'), ('купаются', '-100')]"
"[('никому', '-100'), ('ненужный', '-100'), ('рядом', '-100')]"
"[('одна', '-100'), ('москвичка', '-100'), ('вот', '-100'), ('живёт', '-100'), ('женщины', '-100')]"
"[('тоже', '-100'), ('в', '-100'), ('родительские', '-100'), ('вот', '-100'), ('дома', '-100')]"
"[('а', '-100'), ('у', '-100'), ('вас', '-100'), ('там', '-100'), ('на', '-100'), ('одни', '-100'), ('только', '-100')]"
"[('и', '-100'), ('сразу', '-100'), ('налево', '-100'), ('вот', '-100'), ('их', '-100'), ('дом', '-100'), ('ну', '-100'), ('вот', '-100'), ('забором', '-100'), ('так', '-100'), ('у', '-100'), ('них', '-100'), ('этым', 'D'), ('деревянным', '-100'), ('обнесён', '-100'), ('домик', '-100')]"
"[('они', '-100'), ('картошку', '-100'), ('сажают', '-100'), ('у', '-100'), ('ней', 'D'), ('в', '-100'), ('родительском', '-100'), ('доме', '-100')]"
"[('и', '-100'), ('эта', '-100'), ('ира', '-100'), ('и', '-100'), ('я', '-100'), ('и', '-100'), ('этот', '-100'), ('мужчина', '-100')]"
"[('а', '-100'), ('теперь', '-100'), ('мы', '-100'), ('с', '-100'), ('им', 'D'), ('вдвоём', '-100'), ('остались', '-100')]"
"[('ну-от', 'D'), ('в', '-100'), ('глазаново', '-100'), ('там', '-100'), ('много', '-100'), ('своих', '-100')]"
"[('это', '-100'), ('по', '-100'), ('мужу', '-100'), ('это', '-100'), ('не', '-100'), ('мой', '-100'), ('не', '-100'), ('по', '-100'), ('моей', '-100'), ('линии', '-100'), ('а', '-100'), ('по', '-100'), ('мужевой', 'D'), ('линии', '-100'), ('племянник', '-100')]"
"[('ему', '-100'), ('тоже', '-100'), ('шестьдесят', '-100'), ('уже', '-100'), ('два', '-100'), ('года', '-100')]"
"[('время', '-100'), ('помирать', '-100'), ('я', '-100'), ('когда', '-100'), ('вите', '-100'), ('говорю', '-100'), ('я', '-100'), ('говорю', '-100'), ('время', '-100'), ('помирать', '-100'), ('он', '-100'), ('говорит', '-100')]"
"[('ну', '-100'), ('наверно', '-100'), ('выучился', '-100'), ('места', '-100'), ('нет', '-100')]"
"[('а', '-100'), ('это', '-100'), ('всё', '-100'), ('теперь', '-100'), ('плотишь', 'D'), ('деньги', '-100'), ('и', '-100'), ('всё', '-100')]"
"[('такие', '-100'), ('носилки', '-100'), ('делали', '-100'), ('деревянные', '-100'), ('и', '-100'), ('мужики', '-100'), ('на', '-100'), ('на', '-100'), ('смену', '-100')]"
"[('а', '-100'), ('потом', '-100'), ('уже', '-100'), ('же', '-100'), ('с', '-100'), ('колхоза', '-100'), ('машину', '-100'), ('давали', '-100')]"
"[('приходишь', '-100'), ('идёшь', '-100'), ('к', '-100'), ('бригадиру', '-100'), ('вот', '-100'), ('ме', 'D'), ('на', '-100'), ('такой', '-100'), ('день', '-100'), ('надо', '-100'), ('лошадь', '-100'), ('-', '-100'), ('пожалуйста', '-100'), ('бери', '-100')]"
"[('в', '-100'), ('огород', '-100'), ('трактор', '-100'), ('трактор', '-100'), ('-', '-100'), ('большие', '-100'), ('большой-то', '-100'), ('не', '-100'), ('надо', '-100'), ('а', '-100'), ('вот', '-100'), ('такие', '-100'), ('колёсики', '-100')]"
"[('это', '-100'), ('копалку', '-100'), ('даже', '-100'), ('давали', '-100')]"
"[('дома', '-100'), ('всем', '-100'), ('построили', '-100'), ('всих', 'D'), ('обеспечили', '-100'), ('работой', '-100'), ('народу', '-100'), ('народу', '-100'), ('много', '-100'), ('было', '-100')]"
"[('а', '-100'), ('для', '-100'), ('себя', '-100'), ('было', '-100'), ('трудно', '-100'), ('сено', '-100'), ('косить', '-100')]"
"[('и', '-100'), ('нетель', 'D'), ('держали', '-100')]"
"[('было', '-100'), ('всё', '-100'), ('своё', '-100'), ('-', '-100'), ('теперь', '-100'), ('всё', '-100'), ('купленое', '-100')]"
"[('мы', '-100'), ('ели', '-100'), ('своё', '-100')]"
"[('сливочное', '-100'), ('ой', '-100'), ('.', '-100')]"
"[('триста', '-100'), ('восемьдесят', '-100'), ('грамм', '-100')]"
"[('коробочка', '-100'), ('стоит', '-100'), ('двести', '-100'), ('семьдесят', '-100'), ('рублей', '-100')]"
"[('триста', '-100'), ('восемьдесят', '-100'), ('грамм', '-100')]"
"[('около', '-100'), ('семисот', '-100'), ('наверно', '-100'), ('так', '-100'), ('оно', '-100'), ('выходит', '-100'), ('да', '-100')]"
"[('ну', '-100'), ('правда', '-100'), ('там', '-100'), ('это', '-100'), ('масло', '-100'), ('ещё', '-100'), ('оно', '-100')]"
"[('а', '-100'), ('е', 'E'), ('сли', 'E'), ('пушкиногорского', '-100'), ('нет', '-100')]"
"[('то', '-100'), ('это', '-100'), ('не', '-100'), ('знаю', '-100')]"
"[('и', '-100'), ('вот', '-100'), ('он', '-100'), ('раза', '-100'), ('два', '-100')]"
"[('в', '-100'), ('общем', '-100'), ('трёхлитровая', '-100'), ('банка', '-100'), ('сливок', '-100'), ('-', '-100'), ('триста', '-100'), ('тридцать', '-100'), ('рублей', '-100')]"
"[('а', '-100'), ('выходит', '-100'), ('восемьсот', '-100'), ('грамм', '-100'), ('масла', '-100')]"
"[('а', '-100'), ('вот', '-100'), ('сегодня', '-100'), ('говорил', '-100'), ('что', '-100'), ('я', '-100'), ('в', '-100'), ('йей', 'D'), ('спрашивал', '-100'), ('что', '-100')]"
"[('вот', '-100'), ('вот', '-100'), ('то', '-100'), ('действительно', '-100'), ('настоящее', '-100'), ('масло', '-100'), ('это', '-100'), ('сама', '-100'), ('делала', '-100')]"
"[('я', '-100'), ('вот', '-100'), ('взбивала', '-100'), ('взбивала', '-100'), ('эти', '-100'), ('сливки', '-100'), ('погреют', '-100'), ('погреть', '-100'), ('только', '-100'), ('сливки', '-100'), ('нагреть', '-100'), ('немножко', '-100'), ('и', '-100'), ('взбивать', '-100')]"
"[('а', '-100'), ('в', '-100'), ('такие', '-100'), ('маленькие', '-100'), ('пихают', '-100'), ('толкают', '-100'), ('что', '-100')]"
"[('что', '-100'), ('негоже', '-100')]"
"[('возит', '-100'), ('нам', '-100'), ('разливное', '-100'), ('молоко', '-100')]"
"[('в', '-100'), ('арендатора', '-100'), ('какого-то', '-100'), ('или', '-100'), ('где', '-100'), ('я', '-100'), ('не', '-100'), ('знаю', '-100')]"
"[('беру', '-100'), ('семь', '-100'), ('литров', '-100'), ('молока', '-100'), ('в', '-100'), ('йей', 'D'), ('всегда', '-100'), ('делаю', '-100'), ('творог', '-100')]"
"[('с', '-100'), ('глазаново', '-100')]"
"[('корова', '-100'), ('-', '-100'), ('сто', '-100'), ('тысяч', '-100')]"
"[('эти', '-100'), ('московские', '-100'), ('там', '-100'), ('сидела', '-100'), ('с', '-100'), ('йим', 'D'), ('на', '-100'), ('веранде', '-100')]"
"[('это', '-100'), ('как', '-100'), ('тот', '-100'), ('раз-то', '-100'), ('ходили', '-100')]"
"[('так-от', 'D'), ('я', '-100'), ('с', '-100'), ('ним', '-100'), ('сидела', '-100'), ('на', '-100'), ('веранде', '-100')]"
"[('я', '-100'), ('по', '-100'), ('интернету', '-100'), ('поглядела', '-100'), ('что', '-100'), ('три', '-100'), ('дня', '-100'), ('не', '-100'), ('будет', '-100'), ('дождя', '-100'), ('а', '-100'), ('потом', '-100'), ('пойдут', '-100'), ('дожди', '-100')]"
"[('ну', '-100'), ('как', '-100'), ('они', '-100'), ('как', '-100'), ('тот', '-100'), ('раз', '-100'), ('спрашивали', '-100'), ('что', '-100'), ('ну', '-100'), ('ищут', '-100'), ('кто', '-100'), ('кто', '-100'), ('давно', '-100'), ('живёт', '-100'), ('в', '-100'), ('деревне', '-100')]"
"[('одна', '-100'), ('я', '-100'), ('осталши', 'D'), ('тут', '-100')]"
"[('сергей', '-100'), ('набрал', '-100'), ('чего', '-100'), ('сегодня', '-100'), ('аль', 'D'), ('не', '-100')]"
"[('тогда', '-100'), ('едь', '-100'), ('утром', '-100'), ('утром', '-100'), ('пораньше', '-100'), ('-', '-100'), ('всё', '-100'), ('не', '-100'), ('так', '-100'), ('жарко', '-100')]"
"[('говорит', '-100'), ('звонил', '-100'), ('тебе', '-100'), ('а', '-100'), ('я', '-100'), ('с', '-100'), ('вам', '-100'), ('сидела', '-100'), ('телефон', '-100'), ('туда', '-100'), ('не', '-100')]"
"[('полседьмого', '-100'), ('не', '-100'), ('говорю', '-100'), ('сегодня', '-100'), ('не', '-100'), ('не', '-100'), ('пойду', '-100'), ('сегодня', '-100'), ('маленько', 'D'), ('попозже', '-100')]"
"[('картошку-то', '-100'), ('сегодня', '-100'), ('окучил', '-100'), ('она', '-100'), ('надо', '-100'), ('поправить', '-100')]"
"[('комнаты', '-100'), ('большие', '-100')]"
"[('дровяной', '-100'), ('пилой', '-100'), ('пилили', '-100'), ('теперь-то', '-100'), ('хоть', '-100')]"
"[('оводы', '-100'), ('комары', '-100'), ('там', '-100'), ('ой', '-100')]"
"[('заедают', '-100')]"
"[('помидорами', '-100'), ('занимается', '-100'), ('говорит', '-100'), ('подкармливает', '-100')]"
"[('нынче', '-100'), ('никогда', '-100'), ('такой', '-100'), ('жары', '-100'), ('не', '-100'), ('бывало', '-100'), ('в', '-100'), ('июне', '-100')]"
"[('такая', '-100'), ('погода', '-100'), ('интересная', '-100'), ('нынче', '-100'), ('вообще', '-100'), ('где-то', '-100'), ('заливает', '-100'), ('так', '-100')]"
"[('а', '-100'), ('учитесь', '-100'), ('в', '-100'), ('москве', '-100')]"
"[('не', '-100'), ('ходите', '-100'), ('рано', '-100'), ('замуж', '-100'), ('девки', '-100'), ('поживите', '-100'), ('не', '-100'), ('надо', '-100')]"
"[('там', '-100'), ('наживётесь', '-100')]"
"[('через', '-100'), ('год', '-100'), ('-', '-100'), ('нет', '-100'), ('всё', '-100'), ('уж', '-100'), ('у', '-100'), ('йих', 'D'), ('развод', '-100'), ('ой', '-100'), ('.', '-100')]"
"[('вы', '-100'), ('только', '-100'), ('первый', '-100'), ('как', '-100'), ('закончили', '-100'), ('о', '-100')]"
"[('она', '-100'), ('была', '-100'), ('она', '-100'), ('во', '-100'), ('пскове', '-100'), ('кончила', '-100'), ('с', '-100'), ('этой', '-100'), ('золотой', '-100'), ('с', '-100'), ('красным', '-100'), ('дипломом', '-100')]"
"[('она', '-100'), ('перво', 'D'), ('кассиром', '-100')]"
"[('во', '-100'), ('пскове', '-100'), ('четыре', '-100'), ('года', '-100'), ('отучилась', '-100')]"
"[('конечно', '-100'), ('много', '-100'), ('денег', '-100'), ('надо', '-100'), ('много', '-100'), ('всё', '-100'), ('равно', '-100'), ('много', '-100'), ('сильно', '-100'), ('денег', '-100'), ('надо', '-100'), ('ой', 'D'), ('много', '-100'), ('.', '-100')]"
"[('увеличили', '-100'), ('это', '-100'), ('года', '-100'), ('увеличили', '-100'), ('теперь', '-100'), ('пенсионные', '-100')]"
"[('я', '-100'), ('я', '-100'), ('вчера', '-100'), ('говорю', '-100'), ('гляжу', '-100'), ('и', '-100'), ('говорю', '-100'), ('ничего', '-100'), ('себе', '-100')]"
"[('да', '-100'), ('как', '-100'), ('раз', '-100'), ('и', '-100'), ('доработает', '-100'), ('до', '-100'), ('шестьдесят', '-100'), ('пять', '-100')]"
"[('шестьдесят', '-100'), ('до', '-100'), ('шестьдесят', '-100'), ('трёх', '-100')]"
"[('до', '-100'), ('шестьдесят', '-100'), ('трёх', '-100')]"
"[('думали-думали', '-100'), ('давно', '-100'), ('всё', '-100'), ('это', '-100'), ('крутили', '-100'), ('пенсию', '-100'), ('всё', '-100'), ('а', '-100'), ('эту', '-100'), ('всё', '-100'), ('это', '-100'), ('старше', '-100'), ('всё', '-100'), ('крутили', '-100'), ('сколько-сколько', '-100'), ('лет', '-100'), ('работать', '-100'), ('сколько', '-100'), ('лет', '-100'), ('работать', '-100')]"
"[('мы', '-100'), ('и', '-100'), ('знали', '-100'), ('что', '-100'), ('он', '-100'), ('останется', '-100'), ('потому', '-100'), ('что', '-100'), ('за', '-100'), ('йего', 'D'), ('и', '-100'), ('голосовали', '-100'), ('больше', '-100')]"
"[('а', '-100'), ('тоже', '-100'), ('при', '-100'), ('их', '-100'), ('всяко', 'D'), ('пожили', '-100')]"
"[('ну', '-100'), ('вы-то', '-100'), ('может', '-100'), ('не', '-100'), ('глядели', '-100')]"
"[('ну', '-100'), ('что', '-100'), ('же', '-100'), ('наверно', '-100'), ('так', '-100'), ('надо', '-100')]"
"[('дан', '-100'), ('пенсия', '-100'), ('-', '-100'), ('сиди', '-100'), ('молчи', '-100')]"
"[('господи', '-100'), ('наш', '-100')]"
"[('первый', '-100'), ('класс', '-100'), ('пошёл', '-100'), ('тридцать', '-100'), ('тысяч', '-100')]"
"[('тако', 'D'), ('дорого', '-100')]"
"[('у', '-100'), ('тя', 'D'), ('и', '-100'), ('папа', '-100'), ('есть', '-100'), ('или', '-100'), ('есть', '-100')]"
"[('что', '-100'), ('я', '-100'), ('с', '-100'), ('йим', 'D'), ('разговаривала', '-100'), ('-', '-100'), ('а', 'D'), ('не', '-100'), ('знаю', '-100')]"
"[('тоже', 'D'), ('тоже', '-100'), ('тоже', '-100'), ('они', '-100'), ('записывали', '-100'), ('на', '-100'), ('это', '-100')]"
"[('планшет', '-100'), ('купили', '-100')]"
"[('я', '-100'), ('говорю', '-100'), ('а', '-100'), ('разбираешься', '-100'), ('ты', '-100'), ('в', '-100'), ('йём', 'D'), ('-', '-100'), ('а', '-100'), ('как', '-100'), ('же', '-100')]"
"[('ага', 'D'), ('да', '-100'), ('ещё', '-100'), ('а', '-100'), ('как', '-100'), ('же', '-100')]"
"[('а', '-100'), ('читать', '-100'), ('ленится', '-100')]"
"[('заставляем', '-100'), ('и', '-100'), ('книги', '-100'), ('берём', '-100'), ('с', '-100'), ('библиотеки', '-100')]"
"[('я', '-100'), ('говорю', '-100'), ('ты', '-100'), ('ме', 'D'), ('может', '-100'), ('обманываешь', '-100')]"
"[('в', '-100'), ('какие', '-100'), ('деревня', '-100')]"
"[('я', '-100'), ('даже', '-100'), ('не', '-100'), ('знаю', '-100'), ('кто', '-100'), ('и', '-100'), ('остался', '-100'), ('все', '-100'), ('все', '-100'), ('все-все-все', '-100'), ('уже', '-100'), ('они', '-100')]"
"[('ну', '-100'), ('с', '-100'), ('прошедшим', '-100'), ('вас', '-100'), ('поздравляю', '-100')]"
"[('и', '-100'), ('учится', '-100'), ('наверное', '-100'), ('хорошо', '-100')]"
"[('щас', 'D'), ('тут', '-100'), ('поживём', '-100'), ('походим', '-100'), ('ещё', '-100'), ('две', '-100'), ('недели', '-100')]"
"[('как', '-100'), ('вы', '-100'), ('расскажите', '-100'), ('вы', '-100'), ('как', '-100'), ('сами', '-100'), ('печку', '-100'), ('топите', '-100')]"
"[('да', '-100'), ('да', '-100'), ('нет', '-100'), ('наверно', '-100')]"
"[('стучимся', '-100'), ('-', '-100'), ('нет', '-100'), ('никого', '-100'), ('нигде', '-100')]"
"[('прям', '-100'), ('вот', '-100'), ('как', '-100'), ('поля', '-100'), ('и', '-100'), ('эти', '-100'), ('цветы', '-100'), ('дикие', '-100'), ('очень', '-100'), ('красиво', '-100')]"
"[('наверно', '-100'), ('не', '-100'), ('знаю', '-100')]"
"[('воздух', '-100'), ('чистый', '-100')]"
"[('нет', '-100'), ('наверно', '-100'), ('может', '-100'), ('это', '-100')]"
"[('а', '-100'), ('нам', '-100'), ('вот', '-100'), ('говорят', '-100'), ('на', '-100'), ('том', '-100'), ('тоже', '-100'), ('берегу', '-100'), ('деревня', '-100'), ('есть', '-100')]"
"[('ну', '-100'), ('мы', '-100'), ('наверно', '-100'), ('вас', '-100'), ('больше', '-100'), ('не', '-100'), ('будем', '-100'), ('отвлекать', '-100'), ('вам', '-100'), ('нужно', '-100'), ('ещё', '-100'), ('поливать', '-100')]"
"[('пока', '-100'), ('полседьмого', '-100'), ('да', '-100'), ('ещё', '-100')]"
"[('полседьмого', '-100'), ('ещё', '-100'), ('только', '-100')]"
"[('то', '-100'), ('мы', '-100'), ('бы', '-100'), ('тоже', '-100'), ('может', '-100'), ('быть', '-100'), ('поговорили', '-100'), ('бы', '-100'), ('с', '-100'), ('ним', '-100'), ('пришли', '-100')]"
"[('что', '-100'), ('всё', '-100'), ('помёрзло', '-100'), ('и', '-100'), ('наоборот', '-100'), ('всё', '-100')]"
"[('здесь', '-100'), ('жарко', '-100'), ('а', '-100'), ('там', '-100'), ('холодно', '-100'), ('вечно', '-100'), ('помидроры', 'E'), ('все', '-100'), ('померзли', '-100')]"
"[('пойдём', '-100'), ('мы', '-100'), ('наверно', '-100'), ('уже', '-100')]"
"[('пойдём', '-100'), ('мы', '-100'), ('наверно', '-100'), ('уже', '-100')]"
"[('ну', '-100'), ('так', '-100'), ('он', '-100'), ('наверно', '-100'), ('уже', '-100'), ('и', '-100'), ('читать', '-100'), ('и', '-100'), ('писать', '-100'), ('умел', '-100'), ('до', '-100'), ('первого', '-100'), ('класса', '-100')]"
"[('как', '-100'), ('скажут', '-100'), ('ну', '-100'), ('наверно', '-100'), ('даже', '-100'), ('я', '-100'), ('не', '-100'), ('знаю', '-100')]"
"[('здраствуйте', '-100'), ('девчки', 'E')]"
"[('я', '-100'), ('е', 'E'), ('помню', '-100'), ('каво', '-100'), ('вот', '-100'), ('я', '-100'), ('говорю', '-100')]"
"[('а', '-100'), ('я', '-100'), ('уужже', 'E'), ('гляжу', '-100'), ('на', '-100'), ('их', '-100'), ('как', '-100'), ('на', '-100'), ('на', '-100'), ('дурачков', '-100')]"
"[('вот', '-100'), ('кого', '-100'), ('ж', '-100'), ('я', '-100'), ('вам', '-100'), ('рассжаку', 'E')]"
"[('контуженый', '-100'), ('и', '-100'), ('энога', 'E'), ('перебита', '-100')]"
"[('атк', 'E'), ('она', '-100'), ('ж', '-100')]"
"[('и', '-100'), ('в', '-100'), ('общем', '-100'), ('бывало', '-100'), ('немцы', '-100'), ('хорошие', '-100'), ('ннее', 'E'), ('скажу', '-100'), ('чтоб', '-100'), ('плохие', '-100'), ('немцы', '-100'), ('были', '-100')]"
"[('и', '-100'), ('вот', '-100'), ('раз', '-100'), ('приходили', '-100'), ('в', '-100'), ('баенку', '-100'), ('нам', '-100'), ('носили', '-100'), ('большую', '-100'), ('ттаакую', 'E'), ('чашку', '-100'), ('белую', '-100'), ('слив', '-100')]"
"[('нет', '-100'), ('в', '-100'), ('не', '-100'), ('были', '-100'), ('носили', '-100'), ('ччеего-то', 'E')]"
"[('всякие', '-100'), ('немцы', '-100'), ('были', '-100'), ('им', '-100'), ('жжее', 'E'), ('тоже', '-100')]"
"[('вучение', '-100'), ('вам', '-100'), ('такое', '-100'), ('надо', '-100'), ('нрвеано', 'E')]"
"[('на', '-100'), ('ходли', 'E'), ('тоже', '-100'), ('перезаписывали', '-100')]"
"[('наверно', '-100'), ('не', '-100'), ('девочки', '-100'), ('ежу', 'E'), ('пожилые', '-100')]"
"[('брат', '-100'), ('у', '-100'), ('меня', '-100'), ('малый', '-100'), ('там', '-100'), ('в', '-100'), ('себеже', '-100'), ('живёёт', 'E')]"
"[('пожинилше', 'E'), ('там', '-100')]"
"[('они', '-100'), ('их', '-100'), ('заставляют', '-100'), ('учиться', '-100'), ('они', '-100'), ('поли', 'E'), ('на', '-100'), ('это', '-100'), ('учиться', '-100'), ('они', '-100'), ('будут', '-100'), ('продолжать', '-100'), ('и', '-100'), ('дальше', '-100'), ('учиться', '-100'), ('ж', '-100')]"
"[('ннее', 'E'), ('будут', '-100'), ('же', '-100'), ('смотреть', '-100'), ('на', '-100'), ('наши', '-100'), ('личики', '-100')]"
"[('акая', 'E'), ('же', '-100'), ('моя', '-100'), ('жизнь', '-100'), ('если', '-100'), ('б', '-100'), ('я', '-100'), ('помнила', '-100'), ('всё', '-100')]"
"[('побсле', 'E'), ('войны', '-100'), ('мы', '-100'), ('ж', '-100'), ('были', '-100'), ('небольшие', '-100')]"
"[('приходят', '-100'), ('йаны', '-100'), ('с', '-100'), ('работы', '-100'), ('а', '-100'), ('нас', '-100'), ('дома', '-100'), ('неьт', 'E'), ('ну', '-100'), ('так', '-100'), ('папа', '-100'), ('с', '-100'), ('мамой', '-100'), ('тогда', '-100'), ('нам', '-100'), ('нас', '-100'), ('ловят', '-100')]"
"[('я-то', '-100'), ('маленькая', '-100'), ('быал', 'E'), ('им', '-100'), ('не', '-100'), ('кого', '-100'), ('ж', '-100'), ('не', '-100'), ('убечь', '-100')]"
"[('а', '-100'), ('уже', '-100'), ('я', '-100'), ('выросла', '-100'), ('девчонкой', '-100'), ('побольше', '-100'), ('стла', 'E')]"
"[('уже', '-100'), ('после', '-100'), ('войны', '-100'), ('мне', '-100'), ('-', '-100'), ('скьлоко', 'E'), ('-', '-100'), ('двенадцать', '-100'), ('тринадцатый', '-100'), ('год', '-100'), ('пошёл', '-100')]"
"[('с', '-100'), ('матюшек', '-100'), ('не', '-100'), ('стала', '-100'), ('учиться', '-100'), ('как', '-100'), ('в', 'E'), ('думаете', '-100')]"
"[('она', '-100'), ('дочуш', '-100'), ('клади', '-100'), ('говорят', '-100'), ('по', 'E'), ('подушку', '-100'), ('книжку', '-100'), ('прочитаешь', '-100'), ('книжку', '-100'), ('под', '-100'), ('подушку', '-100')]"
"[('очему', 'E'), ('вы', '-100'), ('не', '-100'), ('пускаете', '-100'), ('девочку', '-100'), ('то', '-100'), ('она', '-100'), ('хорошо', '-100'), ('учится', '-100')]"
"[('а', '-100'), ('уже', '-100'), ('глядят', '-100'), ('вечеринки', '-100'), ('делали', '-100'), ('ж', '-100'), ('детские', '-100'), ('и', '-100'), ('взровсзрослые', 'E'), ('в', '-100'), ('одной', '-100'), ('деревне', '-100')]"
"[('что', '-100'), ('мы-то', '-100'), ('вот', '-100'), ('девочки', '-100'), ('с', '-100'), ('девочко', 'E'), ('и', '-100'), ('мальчиков', '-100'), ('нету', '-100'), ('никого', '-100')]"
"[('лучше', '-100'), ('б', '-100'), ('на', '-100'), ('куда-нибудь', '-100'), ('създили', 'E')]"
"[('одной', '-100'), ('бабушке', '-100'), ('надо', '-100'), ('две', '-100'), ('пясточки', '-100'), ('дть', 'E'), ('другая', '-100'), ('бабушка', '-100')]"
"[('и', '-100'), ('йим', '-100'), ('ают', 'E')]"
"[('пятьдест', 'E'), ('рублей', '-100'), ('отдаёшь', '-100'), ('чтоб', '-100'), ('привезут', '-100')]"
"[('двери', '-100'), ('теперь', '-100'), ('во', '-100'), ('ёвсех', 'E'), ('заложены', '-100'), ('раньше', '-100'), ('не', '-100'), ('закладали', '-100'), ('дверь', '-100'), ('никто', '-100')]"
"[('и', '-100'), ('в', '-100'), ('прошлом', '-100'), ('году', '-100'), ('ходили', '-100'), ('женщины', '-100'), ('ругал', '-100'), ('не', '-100'), ('приваживавйаживай', 'E')]"
"[('глабодарная', 'E')]"
"[('кто', '-100'), ('маленько', '-100'), ('помоложе', '-100'), ('а', '-100'), ('кого', '-100'), ('мне', '-100'), ('уужже', 'E'), ('девяносто', '-100'), ('лет', '-100'), ('скоро', '-100')]"
"[('двадцать', '-100'), ('седьмого', '-100'), ('июл', 'E'), ('будет', '-100')]"
"[('восемьдемсьдесят', 'E'), ('пять', '-100')]"
"[('милые', '-100'), ('это', '-100'), ('вот', '-100'), ('она', '-100'), ('приехавши', '-100'), ('у', '-100'), ('меня', '-100'), ('с', '-100'), ('ленинграда', '-100'), ('а', '-100'), ('так', '-100'), ('она', '-100'), ('б', '-100'), ('жилах', 'E'), ('в', '-100'), ('ленинграде', '-100')]"
"[('вот', '-100'), ('колхозы', '-100'), ('сочиняли', '-100'), ('вот', '-100'), ('у', '-100'), ('нас', '-100'), ('был', '-100'), ('жеребёнок', '-100'), ('от', '-100'), ('немцев', '-100'), ('прятал', '-100'), ('папа', '-100'), ('по', '-100'), ('леессу', 'E')]"
"[('такие', '-100'), ('сани', '-100'), ('были', '-100'), ('и', '-100'), ('запрягали', '-100'), ('на', '-100'), ('на', '-100'), ('легкох', 'E')]"
"[('мама', '-100'), ('сзадяу', 'E')]"
"[('жеребёнка', '-100'), ('портите', 'E')]"
"[('а', '-100'), ('теперь', '-100'), ('-', '-100'), ('нез', 'E')]"
"[('захочет', '-100'), ('нас', '-100'), ('за', '-100'), ('обрабатывать', '-100'), ('никто', '-100'), ('ннее', 'E'), ('захочет', '-100')]"
"[('с', '-100'), ('сестрой-о', 'E'), ('я', '-100'), ('постарше', '-100'), ('же', '-100')]"
"[('в', '-100'), ('двух', '-100'), ('за', '-100'), ('борону', '-100'), ('тянтеянем', 'E')]"
"[('птод', 'E'), ('ляды', '-100'), ('разбиваем', '-100'), ('эти', '-100'), ('кочки', '-100')]"
"[('чтоб', '-100'), ('проехала', '-100'), ('рбы', 'E')]"
"[('н', 'E'), ('доила', '-100'), ('вручную', '-100'), ('всё', '-100')]"
"[('я', '-100'), ('и', '-100'), ('пенсию-то', '-100'), ('стали', '-100'), ('давать', '-100'), ('побольше', '-100'), ('-', '-100'), ('ннее', 'E'), ('дали', '-100')]"
"[('двадцать', '-100'), ('тысяыч', 'E'), ('получается', '-100')]"
"[('получаешеьшь', 'E'), ('и', '-100'), ('то', '-100'), ('завидуют', '-100'), ('чего', '-100'), ('ж', '-100'), ('ей', '-100'), ('дают', '-100'), ('столько', '-100'), ('на', '-100'), ('год', '-100')]"
"[('там', '-100'), ('по', '-100'), ('даже', '-100'), ('этих', '-100'), ('десят', 'E'), ('тысяч', '-100'), ('не', '-100'), ('было', '-100')]"
"[('поработали', '-100'), ('б', '-100'), ('таюк', 'E'), ('как', '-100'), ('я', '-100'), ('так', '-100'), ('узнали', '-100')]"
"[('и', '-100'), ('я', '-100'), ('пошла', '-100'), ('с', '-100'), ('ийм', 'E'), ('опять', '-100'), ('косить', '-100')]"
"[('да', '-100'), ('так', '-100'), ('меня', '-100'), ('коса', '-100'), ('получилось', '-100'), ('выбила', '-100'), ('что', '-100'), ('я', '-100'), ('ихн', 'E')]"
"[('иихх', 'E'), ('с', '-100'), ('зерном', '-100'), ('в', '-100'), ('опочку', '-100'), ('возила', '-100'), ('государство', '-100'), ('отправляло', '-100'), ('по', '-100'), ('семь', '-100'), ('мешков', '-100')]"
"[('сесите', 'E'), ('с', '-100')]"
"[('мужпчина', 'E'), ('такой', '-100'), ('годов', '-100'), ('может', '-100'), ('тридцать', '-100')]"
"[('он', '-100'), ('и', '-100'), ('говоит', 'E'), ('а', '-100'), ('ну-ка', '-100'), ('хлопцы', '-100'), ('давайте', '-100'), ('девке', '-100'), ('поможемте', '-100')]"
"[('вот', '-100'), ('н', 'E'), ('сказали', '-100'), ('ж', '-100'), ('ни', '-100'), ('один', '-100'), ('ни', '-100'), ('второй', '-100'), ('ни', '-100'), ('первый', '-100'), ('ни', '-100'), ('второй', '-100')]"
"[('и', '-100'), ('вот', '-100'), ('он', '-100'), ('говорю', '-100'), ('рстал', 'E'), ('поднимать', '-100'), ('кладовщик', '-100')]"
"[('а', '-100'), ('эти', '-100'), ('с', '-100'), ('тележки', '-100'), ('бегом', '-100'), ('рарзазгрузили', 'E')]"
"[('чо', 'E'), ('полтора', '-100'), ('трудодня', '-100'), ('что', '-100'), ('сдадут', '-100')]"
"[('полторы', '-100'), ('тысячи', '-100'), ('трудодней', '-100'), ('вырабатывали', '-100'), ('ой', '-100'), ('я', '-100'), ('вьсё', 'E'), ('просила', '-100'), ('дороже', '-100')]"
"[('наверно', '-100'), ('двадцатых', '-100'), ('годдее', 'E')]"
"[('когда', '-100'), ('не', '-100'), ('половиноаловина', 'E'), ('стога', '-100'), ('так', '-100'), ('я', '-100'), ('всё', '-100'), ('докидываю', '-100'), ('а', '-100'), ('как', '-100')]"
"[('аанны', 'E'), ('хохочут', '-100'), ('надо', '-100'), ('мной', '-100')]"
"[('нет', '-100'), ('чтбо', 'E'), ('помочь', '-100'), ('или', '-100')]"
"[('юлён', 'E'), ('сдавали', '-100')]"
"[('а', '-100'), ('ягоды', '-100'), ('а', '-100'), ('огяды', 'E'), ('то', '-100'), ('это', '-100'), ('далёко', '-100')]"
"[('недалёко', '-100'), ('тма', 'E'), ('ходили', '-100'), ('в', '-100'), ('шлёпиху', '-100')]"
"[('свяжешь', '-100'), ('тчо', 'E')]"
"[('продашь', '-100'), ('снесшь', 'E'), ('в', '-100'), ('опочку', '-100'), ('на', '-100'), ('то', '-100'), ('и', '-100'), ('живёшь', '-100')]"
"[('у', '-100'), ('нас', '-100'), ('отдыху', '-100'), ('и', '-100'), ('ннее', 'E'), ('было', '-100'), ('отдыхали', '-100'), ('как', '-100')]"
"[('вот', '-100'), ('я', '-100'), ('не', '-100'), ('помню', '-100'), ('никола', '-100'), ('рожжддество', 'E')]"
"[('чоб', 'E'), ('никола', '-100'), ('вписана', '-100'), ('в', '-100'), ('газетках', '-100'), ('или', '-100'), ('где', '-100'), ('в', '-100'), ('книжках', '-100')]"
"[('зимняя', '-100'), ('-', '-100'), ('девятнадцатого', '-100'), ('яекабрд', 'E'), ('а', '-100'), ('эта', '-100')]"
"[('никола', '-100'), ('летняя', '-100'), ('дваыдцать', 'E'), ('второго', '-100')]"
"[('а', '-100'), ('теперь', '-100'), ('николы', '-100'), ('нет', '-100'), ('нигде', '-100'), ('нни', 'E'), ('зимней', '-100'), ('ни', '-100'), ('летней', '-100'), ('нет', '-100')]"
"[('гулянки', '-100'), ('два', 'E')]"
"[('тбя', 'E'), ('за', '-100'), ('стол', '-100'), ('с', '-100'), ('йих', '-100')]"
"[('ха-чха-ха', 'E')]"
"[('в', '-100'), ('ступе', '-100'), ('делаешь', '-100'), ('самое', '-100'), ('это', '-100'), ('очиситстишь', 'E'), ('шелуху', '-100')]"
"[('всё', '-100'), ('что', '-100'), ('и', '-100'), ('оылб', 'E'), ('у', '-100'), ('людей', '-100'), ('то', '-100'), ('и', '-100'), ('ели', '-100'), ('кильку', '-100'), ('покупали', '-100')]"
"[('не', '-100'), ('наю', 'E'), ('что', '-100'), ('и', '-100'), ('дать', '-100')]"
"[('там', '-100'), ('алёхо', 'E'), ('мне', '-100')]"
"[('отрежут', '-100'), ('вкратк', 'E'), ('сунут', '-100')]"
"[('по', '-100'), ('знаквомству', 'E'), ('только', '-100')]"
"[('в', '-100'), ('водку', '-100'), ('как-то', '-100'), ('добавляют', '-100'), ('кого', '-100'), ('хочшь', 'E'), ('оно', '-100'), ('всё', '-100'), ('ой', '-100')]"
"[('у', '-100'), ('меня', '-100'), ('внучок', '-100'), ('учился', '-100'), ('в', '-100'), ('седьмую', '-100'), ('эту', '-100'), ('вофсьмую', 'E'), ('ходил', '-100')]"
"[('с', '-100'), ('борду', 'E')]"
"[('а', '-100'), ('вышедши', '-100'), ('юбыла', 'E')]"
"[('йаны', '-100'), ('меня', '-100'), ('знали', '-100'), ('всё', '-100'), ('во', 'E'), ('этот', '-100'), ('и', '-100'), ('вот', '-100'), ('этот', '-100')]"
"[('и', '-100'), ('все', '-100'), ('его', '-100'), ('звали', '-100'), ('женя', '-100'), ('красивеький', 'E')]"
"[('баутька', 'E'), ('на', '-100'), ('войне', '-100'), ('погиб', '-100')]"
"[('этот', '-100'), ('псдроо', 'E')]"
"[('я', '-100'), ('говормю', 'E'), ('у', '-100'), ('меня', '-100'), ('только', '-100'), ('сестру', '-100'), ('отдала', '-100'), ('замуж', '-100'), ('мне', '-100'), ('не', '-100'), ('а', '-100'), ('мы', '-100'), ('не', '-100'), ('за', '-100'), ('-', '-100'), ('говорит', '-100'), ('-', '-100'), ('приехали', '-100')]"
"[('я', '-100'), ('говорю', '-100'), ('не-не', '-100'), ('не', '-100'), ('пойду', '-100'), ('ни', '-100'), ('к', '-100'), ('ни', '-100'), ('за', '-100'), ('ког', 'E')]"
"[('клавдия', '-100'), ('тут', '-100'), ('вот', '-100'), ('мужик', '-100'), ('йный', 'E'), ('клавдин', '-100')]"
"[('с', '-100'), ('мий', 'E'), ('приехали', '-100')]"
"[('удет', 'E'), ('и', '-100'), ('под', '-100'), ('себежем', '-100')]"
"[('опоринки', '-100'), ('никаюкой', 'E')]"
"[('а', '-100'), ('что', '-100'), ('раньше', '-100'), ('авали', 'E'), ('двенадцать', '-100'), ('тысяч', '-100')]"
"[('какие-то', '-100'), ('двенадцать', '-100'), ('рублей', '-100'), ('и', '-100'), ('те', '-100'), ('хотелосэь', 'E'), ('им', '-100'), ('им', '-100'), ('дать', '-100'), ('мне', '-100')]"
"[('мамушка', '-100'), ('в', '-100'), ('поле', '-100'), ('взялась', '-100'), ('ради', '-100'), ('меня', '-100'), ('брат', '-100'), ('поженился', '-100'), ('ьне', 'E'), ('дашь', '-100')]"
"[('за', '-100'), ('трудодень', '-100'), ('работалши', '-100'), ('мы', '-100'), ('маленькие', '-100'), ('чтобый', 'E'), ('подмочь', '-100'), ('ей', '-100')]"
"[('всявксяко', 'E'), ('пожито', '-100')]"
"[('а', '-100'), ('муж', '-100'), ('огда', 'E'), ('умер', '-100'), ('а', '-100'), ('лет', '-100'), ('десять', '-100'), ('умерши', '-100')]"
"[('а', '-100'), ('я', '-100'), ('ж', '-100'), ('поеала', 'E'), ('мама', '-100')]"
"[('нюрка', '-100'), ('просит', '-100'), ('женя', '-100'), ('отчб', 'E'), ('ты', '-100'), ('приехала', '-100'), ('хочет', '-100'), ('чтоб', '-100'), ('ты', '-100'), ('выписала', '-100'), ('б', '-100'), ('его', '-100')]"
"[('поеду', '-100'), ('к', '-100'), ('врачам', '-100'), ('с', '-100'), ('поговорю', '-100'), ('говорит', '-100'), ('он', '-100'), ('может', '-100'), ('задавится', 'E')]"
"[('как', '-100'), ('обрёк', '-100'), ('арвч', 'E')]"
"[('нюр', '-100'), ('как', '-100'), ('убей', '-100'), ('ты', '-100'), ('но', '-100'), ('мен', 'E'), ('б', '-100'), ('маленькую', '-100')]"
"[('но', '-100'), ('душно', '-100'), ('купе', '-100'), ('ыт', 'E'), ('слышала', '-100'), ('говорючто', '-100'), ('сказал', '-100'), ('говорил', '-100')]"
"[('я', '-100'), ('-', '-100'), ('маленькую', '-100'), ('мне', '-100'), ('не', '-100'), ('надова', '-100'), ('много', '-100'), ('мюленькуа', 'E')]"
"[('пджегать', 'E'), ('и', '-100'), ('бить', '-100'), ('и', '-100')]"
"[('дочка', '-100'), ('гмоя', 'E'), ('большая', '-100')]"
"[('вот', '-100'), ('я', '-100'), ('ругю', 'E'), ('дочушку', '-100')]"
"[('и', '-100'), ('стоит', '-100'), ('он', '-100'), ('н', 'E'), ('с', '-100'), ('верёвкою', '-100')]"
"[('я', '-100'), ('руга', 'E'), ('раю', '-100')]"
"[('рая', '-100'), ('а', '-100'), ('что', '-100'), ('тыс', 'E'), ('у', '-100'), ('меня', '-100'), ('не', '-100'), ('попросилась', '-100')]"
"[('рассказываю', '-100'), ('как', '-100'), ('отец', '-100'), ('твой', '-100'), ('вас', '-100'), ('на', '-100'), ('выли', 'E'), ('в', '-100')]"
"[('сдиелать', 'E'), ('чтоб', '-100'), ('не', '-100'), ('валилась', '-100'), ('соломка', '-100'), ('хлеб', '-100'), ('пекли', '-100'), ('солодовой', '-100')]"
"[('квас', '-100'), ('ъза', 'E'), ('это', '-100'), ('наливают', '-100')]"
"[('да', '-100'), ('теперь', '-100'), ('и', '-100'), ('бочек', '-100'), ('нету', '-100'), ('а', '-100'), ('таки', '-100'), ('раньпше', 'E'), ('были', '-100'), ('бочечки', '-100'), ('такие', '-100'), ('небольшие', '-100')]"
"[('трубточки', 'E'), ('тут', '-100'), ('такие', '-100')]"
"[('ага', '-100'), ('я', '-100'), ('овсем', 'E'), ('мокрая', '-100'), ('делаюсь', '-100')]"
"[('ну', '-100'), ('не', '-100'), ('знаю', '-100'), ('девчушыки', 'E')]"
"[('вечерком', '-100'), ('все', '-100'), ('дшома', 'E')]"
"[('не', '-100'), ('забыла', '-100'), ('даже', '-100'), ('ж', '-100'), ('никого', '-100'), ('не', '-100'), ('помню', '-100'), ('никого', '-100'), ('вот', '-100'), ('так', '-100'), ('овт', 'E'), ('с', '-100'), ('вами', '-100')]"
"[('а', '-100'), ('чего', '-100'), ('не', '-100'), ('против', '-100'), ('ишьг', 'E')]"
"[('аатарагк', 'E'), ('полезла', '-100')]"
"[('руку', '-100'), ('длаи', 'E'), ('так', '-100'), ('сразу', '-100'), ('без', '-100'), ('вочереди', '-100')]"
"[('так', '-100'), ('мне', '-100'), ('пописан', 'E'), ('капли', '-100')]"
"[('годап', 'E'), ('теперь', '-100')]"
"[('кого', '-100'), ('жеб', 'E'), ('девяносто', '-100'), ('лет', '-100'), ('скоро', '-100'), ('восемьдесят', '-100'), ('пять', '-100')]"
"[('вучиться', '-100'), ('н', 'E'), ('работать', '-100'), ('физически', '-100')]"
"[('несит-несите', 'E'), ('куплен', '-100'), ('всяко', '-100'), ('разный', '-100')]"
"[('только', '-100'), ('походили', '-100'), ('по', '-100'), ('больнице', '-100'), ('дыва', 'E'), ('раза', '-100'), ('операцию', '-100'), ('снимали', '-100'), ('всё', '-100'), ('да', '-100')]"
"[('этот', '-100'), ('мозг', '-100'), ('и', '-100'), ('взсё', 'E'), ('равно', '-100')]"
"[('ну', '-100'), ('не', '-100'), ('пройдёт', '-100'), ('так', '-100'), ('чтоб', '-100'), ('он', '-100'), ('не', '-100'), ('пригласил', '-100'), ('или', '-100'), ('не', '-100'), ('сказал', '-100'), ('грубо', '-100'), ('ан', 'E'), ('меня', '-100')]"
"[('н', 'E'), ('слыхивала', '-100'), ('я', '-100')]"
"[('свои', '-100'), ('что', '-100'), ('скорей', '-100'), ('да', '-100'), ('крикнут', '-100'), ('на', '-100'), ('меня', '-100'), ('а', '-100'), ('он', '-100'), ('не', 'E')]"
"[('такой', '-100'), ('усердный', '-100'), ('малец', '-100'), ('ббыыл', 'E')]"
"[('евонов', '-100'), ('в', '-100'), ('машияне', 'E'), ('и', '-100'), ('всё', '-100'), ('равно', '-100'), ('машине', '-100')]"
"[('ннее', 'E'), ('не', '-100'), ('хороший', '-100')]"
"[('старый', '-100'), ('же', 'E'), ('хотел', '-100'), ('сменить', '-100'), ('и', '-100'), ('деньжонок', '-100'), ('подобрал', '-100')]"
"[('драз', 'E'), ('похороненый', '-100')]"
"[('будем', '-100'), ('догта', 'E'), ('говорит', '-100'), ('новую', '-100')]"
"[('а', '-100'), ('как', '-100'), ('в', '-100'), ('церкву', '-100'), ('стодях', 'E'), ('отслужат', '-100')]"
"[('сво', 'E'), ('родненькие', '-100'), ('соберутся', '-100')]"
"[('и', '-100'), ('помянёотмянёт', 'E')]"
"[('девочки', '-100'), ('бывают', '-100'), ('ж', '-100'), ('такаикие', 'E')]"
"[('раньше', '-100'), ('всё', '-100'), ('по-другому', '-100'), ('быылло', 'E'), ('теперь', '-100'), ('перевернулась', '-100'), ('жизнь', '-100'), ('во', '-100'), ('всих', '-100')]"
"[('память', '-100'), ('ж', 'E')]"
"[('я', '-100'), ('уже', '-100'), ('своих', '-100'), ('вот', '-100'), ('отч', 'E'), ('в', '-100'), ('деревне', '-100'), ('в', '-100'), ('матюшкине', '-100'), ('всих', '-100'), ('забыла', '-100')]"
"[('рая', '-100'), ('говорит', '-100'), ('мсы', 'E'), ('сделали', '-100'), ('большую', '-100'), ('и', '-100'), ('место', '-100'), ('заняли', '-100'), ('большое', '-100'), ('чтоб', '-100')]"
"[('нам', '-100'), ('в', '-100'), ('трёх', '-100'), ('лечь', '-100'), ('тее', 'E'), ('мне', '-100'), ('и', '-100'), ('санику', '-100')]"
"[('саник', '-100'), ('перввей', 'E'), ('всех', '-100'), ('захватил-то', '-100')]"
"[('никто', '-100'), ('не', '-100'), ('знает', '-100'), ('когда', '-100'), ('мы', '-100'), ('мрм', 'E')]"
"[('как', '-100'), ('я', '-100'), ('вчера', '-100'), ('сон', '-100'), ('соснисля', 'E')]"
"[('нгоа', 'E'), ('вытянут', '-100'), ('что', '-100'), ('жарко', '-100')]"
"[('с-под', '-100'), ('одеялаж', 'E')]"
"[('поглядела', '-100'), ('в', '-100'), ('окно', '-100'), ('-', '-100'), ('тёмнноо', 'E'), ('куда', '-100'), ('она', '-100'), ('такую', '-100'), ('рань', '-100'), ('поехала', '-100'), ('встала', '-100')]"
"[('открываю', '-100'), ('зал-о', 'E'), ('где', '-100'), ('рая', '-100'), ('спит', '-100')]"
"[('-', '-100'), ('рй.', 'E')]"
"[('-', '-100'), ('а', '-100'), ('я', '-100'), ('дуала', 'E'), ('ты', '-100'), ('уже', '-100'), ('и', '-100'), ('уехала', '-100'), ('чего', '-100'), ('это', '-100'), ('ты', '-100'), ('такую', '-100'), ('рань', '-100'), ('думаю', '-100'), ('уехала', '-100')]"
"[('ъчто', 'E'), ('за', '-100'), ('машенька', '-100')]"
"[('здраствэуйте.', 'E')]"
"[('ну', '-100'), ('ым', 'E'), ('ж', '-100'), ('ещё', '-100'), ('не', '-100'), ('знаем', '-100'), ('кто', '-100'), ('здесь', '-100'), ('есть', '-100')]"
"[('хватитю', 'E'), ('наверно', '-100'), ('да', '-100')]"
"[('весь', '-100'), ('сдвали', 'E'), ('лён', '-100')]"
"[('двадцать', '-100'), ('второго', '-100'), ('юня', 'E')]"
"[('гулянки', '-100'), ('какие-то', '-100'), ('были', '-100'), ('наф', 'E'), ('николу', '-100')]"
"[('гулянки', '-100'), ('н', 'E'), ('николу', '-100'), ('были', '-100')]"
"[('а', '-100'), ('иле', 'E'), ('что', '-100')]"
"[('умрот', 'E'), ('наверно', '-100'), ('в', '-100'), ('какой-нибудь', '-100'), ('день', '-100')]"
"[('ражскасем', 'E')]"
"[('покажем', '-100'), ('другимчто', '-100'), ('вы', '-100'), ('на', 'E'), ('рассказали', '-100')]"
"[('так', '-100'), ('чай', '-100'), ('мы', '-100'), ('тогда', '-100'), ('оставим', '-100'), ('всё-таки', '-100'), ('нбу', 'E')]"
"[('ну', '-100'), ('ничего', '-100'), ('ж', '-100'), ('мему', 'E'), ('не', '-100'), ('будет', '-100'), ('пусть', '-100'), ('стоит', '-100')]"
"[('а', '-100'), ('ели', '-100'), ('что-то', '-100'), ('особеянное', 'E')]"
"[('так', '-100'), ('ну', '-100'), ('не', '-100'), ('будем', '-100'), ('вас', '-100'), ('дальше', '-100'), ('утомять', 'E'), ('наверно', '-100')]"
"[('у', '-100'), ('нас', '-100'), ('на', '-100'), ('стебя', 'E'), ('и', '-100'), ('на', '-100'), ('все', '-100'), ('гостинцы', '-100')]"
"[('да', '-100'), ('молодызе', 'E'), ('ж', '-100'), ('не', '-100'), ('расскажут', '-100'), ('как', '-100'), ('оно', '-100'), ('в', '-100'), ('старину', '-100'), ('было', '-100')]"
"[('машенька', '-100'), ('сейчачсас', 'E'), ('в', '-100'), ('в', '-100'), ('барабанах', '-100')]"
"[('вот', '-100'), ('жили', '-100'), ('ввыы', 'E'), ('до', '-100'), ('войны', '-100'), ('помнишь', '-100'), ('же', '-100'), ('маленькая', '-100'), ('была', '-100'), ('кое-что', '-100')]"
"[('ну', '-100'), ('как', '-100'), ('вот', '-100'), ('ты', '-100'), ('ходила', '-100'), ('ну', '-100'), ('мне', '-100'), ('раскахзывала', 'E')]"
"[('нет', '-100'), ('не', '-100'), ('надо', '-100'), ('не-не-не', '-100'), ('мой', '-100'), ('хёороший', 'E'), ('не-не-не', '-100'), ('это', '-100'), ('тоже', '-100'), ('я', '-100'), ('только-только', '-100'), ('приехала', '-100'), ('с', '-100'), ('магазина', '-100'), ('и', '-100'), ('чай', '-100'), ('купила', '-100'), ('и', '-100'), ('вот', '-100'), ('это', '-100'), ('я', '-100'), ('прям', '-100'), ('с', '-100'), ('опочки', '-100'), ('с', '-100'), ('этого', '-100')]"
"[('нуо', 'E'), ('не', '-100')]"
"[('по', '-100'), ('одой', 'E'), ('ну', '-100'), ('не', '-100'), ('берут', '-100'), ('наверно', '-100'), ('по', '-100'), ('две', '-100'), ('по', '-100'), ('три', '-100'), ('наверно', '-100')]"
"[('да', '-100'), ('я', '-100'), ('тоже', '-100'), ('приехала', '-100'), ('сейчас', '-100'), ('в', '-100'), ('опочку', '-100'), ('ездила', '-100'), ('тое', 'E'), ('за', '-100'), ('продуктами', '-100'), ('так', '-100')]"
"[('купила', '-100'), ('ефй', 'E'), ('мягонькую', '-100'), ('абрикосину', '-100'), ('эту', '-100')]"
"[('например', '-100'), ('когда', '-100'), ('быбушка', '-100'), ('одна', '-100'), ('я', '-100'), ('ггооворю', 'E'), ('никому', '-100'), ('дверь', '-100'), ('не', '-100'), ('открывать', '-100')]"
"[('бывает', '-100'), ('и', '-100'), ('так', '-100'), ('рада', '-100'), ('что', '-100'), ('если', '-100'), ('б', '-100'), ('кто', '-100'), ('ей', '-100'), ('купил', '-100'), ('ы', 'E')]"
"[('вот', '-100'), ('знаю', '-100'), ('что', '-100'), ('вот', '-100'), ('я', '-100'), ('говорю', '-100'), ('в', '-100'), ('серове', '-100'), ('только', '-100'), ('ту', '-100'), ('бабу', '-100'), ('женю', '-100'), ('знаю', '-100'), ('и', '-100'), ('ёсв', 'E'), ('больше', '-100'), ('никого', '-100'), ('не', '-100'), ('знаю', '-100'), ('я', '-100'), ('лично', '-100')]"
"[('это', '-100'), ('четырнадцать', '-100'), ('километров', '-100'), ('от', '-100'), ('опочки', '-100'), ('но', '-100'), ('дугое', 'E'), ('направление', '-100')]"
"[('как', '-100'), ('новенькая', '-100'), ('ну', '-100'), ('уже', '-100'), ('в', '-100'), ('питера', '-100'), ('из', '-100'), ('питера', '-100'), ('приезжаювот', '-100'), ('мама', '-100'), ('сюда', '-100'), ('переехала', '-100'), ('поэтому', '-100'), ('я', '-100'), ('тоже', '-100'), ('не', '-100'), ('всех', '-100'), ('заю', 'E'), ('как-то', '-100')]"
"[('вся', '-100'), ('никто', '-100'), ('не', '-100'), ('работал', '-100'), ('все', '-100'), ('гулаевали', 'E'), ('так', '-100'), ('что', '-100')]"
"[('девочки', '-100'), ('нае', 'E'), ('если', '-100'), ('не', '-100'), ('хотите', '-100'), ('сразу', '-100'), ('кушать', '-100'), ('так', '-100'), ('это', '-100'), ('в', '-100'), ('пакетик', '-100')]"
"[('чтоб', '-100'), ('е', 'E'), ('запачкать', '-100'), ('там', '-100'), ('может', '-100'), ('свои', '-100'), ('вещи', '-100')]"
"[('не', '-100'), ('хочешь', '-100'), ('со', '-100'), ('мной', '-100'), ('ух', '-100'), ('какой', '-100'), ('ттыы', 'E')]"
"[('себ-то', 'E')]"
"[('ннее', 'E'), ('заимейте', '-100')]"
"[('дередверевенское', 'E'), ('корушки', '-100')]"
"[('а', '-100'), ('сейчас', '-100'), ('концентрат', '-100'), ('кас', 'E')]"
"[('я', '-100'), ('меша', 'E'), ('девчонки', '-100'), ('чувствую', '-100')]"
"[('ну', '-100'), ('не', '-100'), ('очень-то', '-100'), ('получилось', '-100'), ('да', '-100'), ('наверно', '-100'), ('что-ттоо', 'E'), ('узнать', '-100')]"
"[('а', '-100'), ('машенька', '-100'), ('где', '-100'), ('у', '-100'), ('ас', 'E')]"
"[('а', '-100'), ('этэата', 'E'), ('девочку', '-100')]"
"[('мокрая', '-100'), ('о', '-100'), ('как', '-100'), ('йона', 'E'), ('как', '-100'), ('на', '-100'), ('экзамене', '-100'), ('сидела', '-100'), ('с', '-100'), ('вами', '-100')]"
"[('сердтиая', 'E')]"
"[('о', 'E'), ('свиданья.', '-100')]"
"[('вот', '-100'), ('игоря', '-100'), ('да', '-100'), ('игорь', '-100'), ('у', '-100'), ('нас', '-100'), ('не', '-100'), ('проблема', '-100'), ('хороший', '-100'), ('ребёнок', '-100'), ('там', '-100'), ('н', 'E'), ('слушается', '-100'), ('маленько', '-100')]"
"[('верпый', 'E'), ('б', '-100')]"
"[('кого', '-100'), ('а', '-100'), ('ту-у', 'E'), ('угу', '-100')]"
"[('игарюшо', 'E'), ('ну', '-100'), ('ё-моё', '-100')]"
"[('о', '-100'), ('занимаемся', '-100'), ('сельским', '-100'), ('созяйхтвом', 'E'), ('чем', '-100'), ('заниматься', '-100'), ('грядки', '-100')]"
"[('у', '-100'), ('меня', '-100'), ('парник', '-100'), ('вон', '-100'), ('за', '-100'), ('дадцать', 'E'), ('тысяч', '-100'), ('его', '-100'), ('купил', '-100')]"
"[('ещё', '-100'), ('вон', '-100'), ('там', '-100'), ('ещё', '-100'), ('в', '-100'), ('грядке', '-100'), ('растё', 'E'), ('пятнадцать', '-100'), ('кустов', '-100'), ('картошки', '-100')]"
"[('зина', '-100'), ('ивановна', '-100'), ('ну', '-100'), ('что', '-100'), ('зина', '-100'), ('ивановна', '-100'), ('ну', '-100'), ('сколько', '-100'), ('восемьдесят', '-100'), ('шесь', 'E'), ('восемьдесят', '-100'), ('шесть', '-100'), ('лет', '-100')]"
"[('мн', 'E'), ('будет', '-100'), ('тридцать', '-100'), ('восемь', '-100'), ('игорюхе', '-100'), ('будет', '-100')]"
"[('мамка', '-100'), ('нас', '-100'), ('бросила', '-100'), ('кинула', '-100'), ('его', '-100'), ('выкинула', '-100'), ('с', '-100'), ('новосокольникэов', 'E'), ('а', '-100'), ('мамка', '-100'), ('нас', '-100'), ('бросила', '-100')]"
"[('что', '-100'), ('там', '-100'), ('мы', '-100'), ('наверное', '-100'), ('чайку', '-100'), ('наверно', '-100'), ('не', '-100'), ('попьём', '-100'), ('хникогда', 'E')]"
"[('кгда', 'E'), ('мы', '-100'), ('попьём', '-100')]"
"[('а', '-100'), ('да', '-100'), ('и', '-100'), ('здесь', '-100'), ('все', '-100'), ('они', '-100'), ('туит', 'E'), ('связаны', '-100'), ('и', '-100'), ('повязаны', '-100')]"
"[('пойдёмте', '-100'), ('на', '-100'), ('вернаду', 'E')]"
"[('клюкву', '-100'), ('да-да-да', '-100'), ('ты', '-100'), ('в', '-100'), ('клюкве', '-100'), ('не', '-100'), ('был', '-100'), ('никогида', 'E')]"
"[('игорь', '-100'), ('давай', '-100'), ('девчокам', 'E'), ('что-нибудь', '-100'), ('угости', '-100'), ('им', '-100'), ('печеньем', '-100')]"
"[('в', '-100'), ('любойв', '-100'), ('люболй', 'E'), ('какой', '-100'), ('надо', '-100')]"
"[('кого', '-100'), ('ты', '-100'), ('там', '-100'), ('шузибь', 'E')]"
"[('я', '-100'), ('ж', '-100'), ('не', '-100'), ('знаю', '-100'), ('что', '-100'), ('я', '-100'), ('могу', '-100'), ('педложить', 'E')]"
"[('сниу', 'E'), ('варенье', '-100'), ('булки', '-100'), ('вам', '-100'), ('дать', '-100')]"
"[('рассказывай', '-100'), ('лтихо', 'E')]"
"[('а', '-100'), ('мышка', '-100'), ('а', '-100'), ('вот', '-100'), ('мышка', '-100'), ('ейв', 'E'), ('мышке', '-100'), ('помогал', '-100'), ('да', '-100')]"
"[('положи', '-100'), ('нам', 'E'), ('место.', '-100')]"
"[('я', '-100'), ('б', '-100'), ('наоборт', 'E'), ('катюхе', '-100'), ('позвонил', '-100'), ('в', '-100'), ('брянск', '-100'), ('никого', '-100'), ('не', '-100'), ('хочет', '-100'), ('читать', '-100')]"
"[('ан', 'E'), ('брикеты', '-100'), ('мог', '-100'), ('ходить', '-100')]"
"[('вы', '-100'), ('ж', '-100'), ('тоже', '-100'), ('такие', '-100'), ('ад', 'E'), ('молодые', '-100'), ('девчонки', '-100')]"
"[('поди', '-100'), ('уже', '-100'), ('по', '-100'), ('семнкадцать', 'E'), ('по', '-100'), ('восемнадцать', '-100'), ('лет', '-100')]"
"[('вот', '-100'), ('вот', '-100'), ('папа', '-100'), ('пришли', '-100'), ('девчнки', 'E'), ('да', '-100'), ('всё', '-100')]"
"[('мамка', '-100'), ('нёе', 'E'), ('отпускает', '-100')]"
"[('пап', '-100'), ('подми', 'E'), ('меня', '-100')]"
"[('подыфми', 'E'), ('меня.', '-100')]"
"[('пааппа', 'E'), ('я', '-100'), ('сказал', '-100'), ('подыми', '-100'), ('меня.', '-100')]"
"[('папа', '-100'), ('подыми', '-100'), ('мня.', 'E')]"
"[('дава', 'E'), ('подыми', '-100'), ('меня.', '-100')]"
"[('подыи', 'E'), ('меня', '-100')]"
"[('подыми', '-100'), ('я', '-100'), ('хочюу', 'E'), ('это', '-100'), ('повесить', '-100')]"
"[('подымби', 'E'), ('меня', '-100')]"
"[('что', '-100'), ('уости', 'E')]"
"[('попьём-т', 'E')]"
"[('конечно', '-100'), ('помьёп', 'E')]"
"[('да', 'E')]"
"[('клюка', 'E'), ('тоже', '-100')]"
"[('расскажи', '-100'), ('рассказ', '-100'), ('ми', 'E')]"
"[('позвала', '-100'), ('бабка', '-100'), ('внуччкку', 'E')]"
"[('тянут-потянут', '-100'), ('выгащить', '-100'), ('не', '-100'), ('омгут', 'E')]"
"[('дедушка', '-100'), ('-', '-100'), ('дед', '-100'), ('за', '-100'), ('репку', '-100'), ('баба', '-100'), ('за', '-100'), ('дедку', '-100'), ('внучка', '-100'), ('за', '-100'), ('бабку', '-100'), ('жучка', '-100'), ('за', '-100'), ('внучку', '-100'), ('кошка', '-100'), ('за', '-100'), ('жучку', '-100'), ('мышка', '-100'), ('за', '-100'), ('цкошку', 'E')]"
"[('мне', '-100'), ('можно', '-100'), ('мне', '-100'), ('к', '-100'), ('нае', 'E')]"
"[('ну', '-100'), ('пойдёмте', '-100'), ('тоггда', 'E'), ('сегодня', '-100'), ('только', '-100'), ('недолго', '-100'), ('тогда', '-100')]"
"[('так', '-100'), ('а', '-100'), ('что', '-100'), ('воы', 'E'), ('не', '-100'), ('знаете', '-100'), ('нина', '-100'), ('ивановна', '-100'), ('сегодня', '-100'), ('дома', '-100')]"
"[('мы', '-100'), ('чай', '-100'), ('попьём', '-100'), ('и', '-100'), ('пойдём', '-100'), ('да', '-100'), ('нам', '-100'), ('это', '-100'), ('быстро', '-100'), ('надо', '-100'), ('очень', '-100'), ('прямо', '-100'), ('вообще', '-100'), ('мы', '-100'), ('забежали', '-100'), ('жтак', 'E'), ('быстро', '-100'), ('это', '-100')]"
"[('вы', '-100'), ('лучше', '-100'), ('нам', '-100'), ('расскажите', '-100'), ('что-нибдь', 'E'), ('нам', '-100'), ('вот', '-100'), ('чай-то', '-100'), ('неинтересно', '-100'), ('нам', '-100'), ('вот', '-100'), ('вас', '-100'), ('послушать', '-100'), ('интересно', '-100'), ('как', '-100'), ('ваше', '-100'), ('чем', '-100'), ('занимаетесь', '-100')]"
"[('нам', '-100'), ('баба', '-100'), ('зина', '-100'), ('всё', '-100'), ('рассказала', '-100'), ('как', '-100'), ('зовуат', 'E')]"
"[('а', '-100'), ('клюкв', 'E')]"
"[('чтоб', '-100'), ('не', '-100'), ('горячо', '-100'), ('было', '-100'), ('а', '-100'), ('о', 'E'), ('обожжёмся', '-100')]"
"[('да', '-100'), ('норнмально', 'E'), ('мы', '-100'), ('ж', '-100'), ('такой', '-100'), ('и', '-100'), ('хотели', '-100')]"
"[('а', '-100'), ('ет', 'E'), ('зачем', '-100'), ('вы', '-100'), ('мы', '-100'), ('же', '-100'), ('не', '-100'), ('за', '-100'), ('едой', '-100'), ('мы', '-100'), ('же', '-100'), ('вот', '-100'), ('чтоб', '-100'), ('вас', '-100'), ('послушать', '-100'), ('вы', '-100'), ('нам', '-100'), ('расскажите', '-100'), ('лучше', '-100'), ('расскажите', '-100'), ('какую-нибудь', '-100'), ('историю', '-100')]"
"[('рассказывай', '-100'), ('нам', '-100'), ('считалик', 'E'), ('сказки', '-100'), ('что', '-100'), ('угодно', '-100'), ('что', '-100'), ('вот', '-100'), ('тут', '-100'), ('происходит', '-100')]"
"[('любимую', '-100'), ('сказку', '-100'), ('расскажи', '-100'), ('любимую', '-100'), ('сечиталку', 'E')]"
"[('рассказывай', '-100'), ('смказку', 'E'), ('давай', '-100'), ('сам', '-100'), ('напросился', '-100')]"
"[('не', '-100'), ('нам', '-100'), ('даже', '-100'), ('на', '-100'), ('карты', '-100'), ('времени', '-100'), ('нет', '-100'), ('нм', 'E'), ('ещё', '-100'), ('нужно', '-100'), ('походить', '-100'), ('по', '-100'), ('белкам', '-100'), ('по', '-100'), ('барабанам', '-100'), ('по', '-100'), ('всем', '-100'), ('этим', '-100')]"
"[('и', '-100'), ('замуж', '-100'), ('нанмам', 'E'), ('нельзя', '-100'), ('мамка-то', '-100'), ('не', '-100'), ('отпустит', '-100')]"
"[('да', '-100'), ('рома-то', '-100'), ('тебя', '-100'), ('бы', '-100'), ('знзанала', 'E'), ('я', '-100')]"
"[('а', '-100'), ('тых', '-100'), ('девочек', '-100'), ('забла', 'E'), ('я', '-100')]"
"[('млодцы', 'E'), ('спасибо', '-100')]"
"[('а', '-100'), ('я', '-100'), ('дудмумаю', 'E'), ('вот', '-100'), ('только', '-100'), ('с', '-100'), ('вулицы', 'D'), ('я', '-100'), ('пришла', '-100')]"
"[('ой', '-100'), ('нонььмма', 'E'), ('заболелши', '-100'), ('я', '-100')]"
"[('вот', '-100'), ('сегодня', '-100'), ('была', '-100'), ('скорая', '-100'), ('пришеди', 'E'), ('сделали', '-100'), ('укол', '-100'), ('и', '-100'), ('уехали', '-100'), ('теперь', '-100'), ('на', '-100'), ('неделю', '-100')]"
"[('не', '-100'), ('уже', '-100'), ('возраст', '-100'), ('такой', '-100'), ('что', '-100'), ('моих', '-100'), ('ровесников', '-100'), ('сфчитай', 'E'), ('и', '-100'), ('не', '-100'), ('стается', '-100')]"
"[('ещё', '-100'), ('к', '-100'), ('девятносто', '-100'), ('винется', 'E'), ('так', '-100'), ('кого', '-100'), ('ж', '-100')]"
"[('километрм', 'E')]"
"[('а', '-100'), ('потом', '-100'), ('купили', '-100'), ('этот', '-100'), ('дом', '-100'), ('перешли', '-100'), ('сюда', '-100'), ('и', '-100'), ('я', '-100'), ('тут', '-100'), ('прожили', '-100'), ('уже', '-100'), ('пятьдесят', '-100'), ('восевмосемь', 'E'), ('лет', '-100')]"
"[('в', '-100'), ('каднвкоие', 'E'), ('я', '-100'), ('прожила', '-100'), ('двенадцать', '-100'), ('лет', '-100')]"
"[('тут', '-100'), ('я', '-100'), ('прожила', '-100'), ('пятьдест', 'E'), ('восемь', '-100'), ('лет', '-100')]"
"[('сын', '-100'), ('помёрши', '-100'), ('семнадцать', '-100'), ('летр', 'E'), ('мужик', '-100'), ('-', '-100'), ('тридцать', '-100'), ('шесть', '-100'), ('лет', '-100'), ('помёрши', '-100'), ('а', '-100'), ('я', '-100'), ('одна', '-100')]"
"[('чот', 'E'), ('в', '-100'), ('порядино', '-100')]"
"[('ну', '-100'), ('там', '-100'), ('осталши', '-100'), ('можно', '-100'), ('сказать', '-100'), ('дна', 'E'), ('бабка', '-100')]"
"[('и', '-100'), ('сейчас', '-100'), ('кончно', 'E'), ('брод', '-100'), ('есть', '-100'), ('-', '-100'), ('с', 'D'), ('кадникова', 'D'), ('в', '-100'), ('порядино', 'D')]"
"[('а', '-100'), ('в', '-100'), ('порядине', '-100'), ('кольто', 'E'), ('дачники', '-100')]"
"[('там', '-100'), ('народу', '-100'), ('нету', '-100'), ('деревня', '-100'), ('осттаалши', 'E'), ('и', '-100'), ('всё', '-100')]"
"[('ой', '-100'), ('а', '-100'), ('есть', '-100'), ('ли', '-100'), ('йон', '-100'), ('дед-кабакй', 'E')]"
"[('и', '-100'), ('так', '-100'), ('и', '-100'), ('тиханова', '-100'), ('росляков', '-100'), ('нет', '-100'), ('загонья', '-100'), ('нет', '-100'), ('старина', '-100'), ('нет', '-100'), ('сидорова', '-100'), ('нентет', 'E'), ('попцов', '-100'), ('нет', '-100')]"
"[('там', '-100'), ('какие-то', '-100'), ('справки', '-100'), ('выдают', '-100'), ('и', '-100'), ('всё', '-100'), ('теперь', '-100'), ('севьсолет', 'E'), ('в', '-100'), ('варыгине', '-100')]"
"[('всё', '-100'), ('склепалъи', 'E'), ('в', '-100'), ('одну', '-100'), ('кучу', '-100')]"
"[('галя', '-100'), ('жуков', 'E')]"
"[('со', '-100'), ('старшим', '-100'), ('тут', '-100'), ('на', '-100'), ('счпитай', 'E'), ('никто', '-100'), ('и', '-100'), ('не', '-100'), ('осталши', '-100')]"
"[('сегодня', '-100'), ('две', '-100'), ('гуляло', '-100'), ('соседовы', '-100'), ('они', '-100'), ('приезжие', '-100'), ('не', '-100'), ('месынте', 'E')]"
"[('а', '-100'), ('деревня', '-100'), ('-', '-100'), ('если', '-100'), ('от', '-100'), ('мост', 'E'), ('начинается', '-100'), ('барабаны', '-100'), ('я', '-100'), ('конец', '-100'), ('барабаны', '-100'), ('начинается', '-100'), ('серово', '-100')]"
"[('а', '-100'), ('теперь', '-100'), ('-', '-100'), ('эне', 'E')]"
"[('папка', '-100'), ('с', '-100'), ('мамкой', '-100'), ('поучат', 'E'), ('пенсию', '-100'), ('мне', '-100'), ('дадут', '-100'), ('ну', '-100'), ('а', '-100'), ('зачем', '-100'), ('я', '-100'), ('буду', '-100'), ('работать', '-100')]"
"[('ниаккой', 'E'), ('техники', '-100'), ('можно', '-100'), ('сказать', '-100'), ('мы', '-100'), ('и', '-100'), ('не', '-100'), ('видали', '-100')]"
"[('война', '-100'), ('заставила', '-100'), ('мние', 'E'), ('всего', '-100'), ('десять', '-100'), ('лет', '-100'), ('всего', '-100'), ('было', '-100')]"
"[('после', '-100'), ('войны', '-100'), ('-', '-100'), ('победа', '-100'), ('сорок', '-100'), ('пятый', '-100'), ('ггоод', 'E')]"
"[('а', '-100'), ('мы', '-100'), ('копаемся', '-100'), ('найм', 'E'), ('по', '-100'), ('шестнадцать', '-100'), ('лет', '-100'), ('всего', '-100'), ('было', '-100')]"
"[('юдавай', 'E'), ('нинспоём', '-100')]"
"[('тогда', '-100'), ('и', '-100'), ('говорят', '-100'), ('а', '-100'), ('ели', '-100'), ('ли', '-100'), ('эти', '-100'), ('ведки', 'E'), ('сегодня', '-100'), ('аль', '-100'), ('не', '-100')]"
"[('чтоб', '-100'), ('вссёё', 'E'), ('вкусненькое', '-100'), ('было', '-100')]"
"[('лён', '-100'), ('сеялти', 'E'), ('тягали', '-100')]"
"[('а', '-100'), ('после', '-100'), ('войны', '-100'), ('конечно', '-100'), ('ходили', '-100'), ('корорв', 'E'), ('пригнали', '-100'), ('с', 'D'), ('германии', '-100'), ('коней', '-100')]"
"[('лошадей', '-100'), ('пригнали', '-100'), ('коров', '-100'), ('пригнали', '-100'), ('а', '-100'), ('потом', '-100'), ('разводили', '-100'), ('пожстепенно', 'E')]"
"[('пасти', '-100'), ('хи', 'E'), ('некому', '-100')]"
"[('возьмутся', '-100'), ('цыгане', '-100'), ('маленько', '-100'), ('попасут', '-100'), ('-', '-100'), ('бросатют', 'E')]"
"[('ытэе', 'E'), ('дурочки', '-100')]"
"[('нед', 'E'), ('они', '-100'), ('не', '-100'), ('знаю', '-100'), ('где', '-100'), ('родились', '-100'), ('к', '-100'), ('ребятёнкам', '-100'), ('они', '-100'), ('сюда', '-100')]"
"[('а', '-100'), ('потом', '-100'), ('у', '-100'), ('йих', '-100'), ('было', '-100'), ('ри', 'E'), ('цыганки', '-100')]"
"[('родные', '-100'), ('-', '-100'), ('вохт', 'E'), ('одна', '-100'), ('семья', '-100'), ('вымерла', '-100'), ('цыганочка', '-100'), ('одна', '-100'), ('осталась', '-100'), ('-', '-100'), ('тая', '-100'), ('в', '-100'), ('пуршеве', '-100')]"
"[('и', '-100'), ('эта', '-100'), ('дочка', '-100'), ('осталши', '-100'), ('мать', '-100'), ('помёрла', '-100'), ('тож', 'E'), ('вот', '-100'), ('тут', '-100'), ('в', '-100'), ('клубе', '-100'), ('жила', '-100')]"
"[('ой-ой-ойб', 'E'), ('ребятки', '-100')]"
"[('приезает', 'E'), ('племянник', '-100'), ('сестрин', '-100'), ('сын', '-100')]"
"[('дочка', '-100'), ('таамм', 'E'), ('в', '-100'), ('испании', '-100'), ('замуж', '-100'), ('вышедши', '-100')]"
"[('в', '-100'), ('коровкие', 'E'), ('купил', '-100'), ('тот', '-100'), ('дом', '-100'), ('-', '-100'), ('рассыпал', '-100'), ('рассыпал', '-100'), ('-', '-100'), ('так', '-100'), ('и', '-100'), ('бросил', '-100')]"
"[('квартиру', '-100'), ('сдаёт', '-100'), ('отцовскую', '-100'), ('вт', 'E'), ('сдаёт', '-100'), ('ту', '-100'), ('квартиру', '-100')]"
"[('теперь', '-100'), ('уехалши', '-100'), ('в', '-100'), ('испанию', '-100'), ('месяц', '-100'), ('уже', '-100'), ('вот', '-100'), ('должен', '-100'), ('приехать', '-100'), ('оттудаз', 'E')]"
"[('а', '-100'), ('приедет', '-100'), ('жонка', '-100'), ('в', '-100'), ('москву', '-100'), ('-', '-100'), ('я', '-100'), ('и', '-100'), ('не', '-100'), ('зню', 'E')]"
"[('а', '-100'), ('потом', '-100'), ('племянник', '-100'), ('есть', '-100'), ('в', '-100'), ('ростов-на-доннуа-дону', 'E')]"
"[('да', '-100'), ('ннее', 'E')]"
"[('вси', '-100'), ('на', '-100'), ('мшинах', 'E'), ('являются', '-100')]"
"[('а', '-100'), ('это', '-100'), ('соседи', '-100'), ('кто', '-100'), ('нас', '-100'), ('знает', '-100'), ('их', '-100'), ('нету', '-100'), ('а', '-100'), ('это', '-100'), ('уже', '-100'), ('ихные', '-100'), ('дети', '-100'), ('ои', 'E'), ('нас', '-100'), ('и', '-100'), ('не', '-100'), ('видали', '-100'), ('можно', '-100'), ('сказать', '-100')]"
"[('да', '-100'), ('нце', 'E')]"
"[('не', '-100'), ('осталши', '-100'), ('этого', '-100'), ('нчего', 'E')]"
"[('ну', '-100'), ('там', '-100'), ('наверно', '-100'), ('в', '-100'), ('кадникове', '-100'), ('дачники', '-100'), ('есть', '-100'), ('вот', '-100'), ('где', '-100'), ('бабки', '-100'), ('находились', '-100'), ('там', '-100'), ('тот', '-100'), ('дом', '-100'), ('не', '-100'), ('бросить', '-100'), ('о', 'E')]"
"[('сынок', '-100'), ('у', '-100'), ('меня', '-100'), ('здоровье', '-100'), ('плохое', '-100'), ('вот', '-100'), ('я', '-100'), ('и', '-100'), ('сеодня', 'E'), ('сделали', '-100'), ('укол', '-100'), ('и', '-100'), ('я', '-100'), ('лежала', '-100')]"
"[('уже', '-100'), ('пять', '-100'), ('щчасов', 'E'), ('наверно', '-100')]"
"[('это', '-100'), ('а', '-100'), ('староверы', '-100'), ('это', '-100'), ('не', '-100'), ('нравится', '-100'), ('что', '-100'), ('мы', '-100'), ('это', '-100'), ('не', '-100'), ('старофверы', 'E')]"
"[('вот', '-100'), ('мой', '-100'), ('отец', '-100'), ('серовский', '-100'), ('в', '-100'), ('этой', '-100'), ('еревне', 'E'), ('было', '-100'), ('двадцать', '-100'), ('два', '-100'), ('мальца', '-100')]"
"[('а', '-100'), ('ходдяят', 'E'), ('взад-вперёд', '-100')]"
"[('овдна', 'E'), ('партия', '-100'), ('идёт', '-100'), ('поёт', '-100'), ('под', '-100'), ('гармонь', '-100'), ('-', '-100'), ('другая', '-100'), ('партия', '-100')]"
"[('и', '-100'), ('задеремся', '-100'), ('так', '-100'), ('что', '-100'), ('и', '-100'), ('убьют', '-100'), ('ппаарень', 'E'), ('парня', '-100')]"
"[('а', '-100'), ('кто', '-100'), ('приходит', '-100'), ('на', '-100'), ('ярманку', '-100'), ('-', '-100'), ('и', '-100'), ('ножки', 'E'), ('в', '-100'), ('кармане', '-100')]"
"[('с', 'D'), ('разных', '-100'), ('деревень', '-100'), ('староверы', '-100'), ('-', '-100'), ('с', '-100'), ('этим', '-100'), ('нашим', '-100'), ('русскикмим', 'E'), ('таки', '-100'), ('ж', '-100'), ('парень', '-100'), ('только', '-100'), ('числятся', '-100'), ('они', '-100'), ('староверы', '-100')]"
"[('поп', '-100'), ('приезжает', '-100'), ('проводит', '-100'), ('аомд', 'E')]"
"[('а', '-100'), ('мы', '-100'), ('примерно', '-100'), ('помарием', 'E'), ('-', '-100'), ('то', '-100'), ('в', '-100'), ('церкви', '-100'), ('проводят', '-100')]"
"[('я', '-100'), ('хсмеюсь', 'E'), ('это', '-100'), ('я', '-100'), ('говорю', '-100'), ('с', '-100'), ('веки', '-100'), ('с', '-100'), ('век', '-100'), ('веков', '-100'), ('в', '-100'), ('гробах', '-100'), ('хоронили', '-100'), ('с', '-100'), ('век', '-100')]"
"[('а', '-100'), ('сжигать', '-100'), ('нуе', 'E'), ('положен', '-100'), ('это', '-100'), ('с', '-100'), ('веков', '-100'), ('в', '-100'), ('века', '-100')]"
"[('да', '-100'), ('это', '-100'), ('время', '-100'), ('хорошая', '-100'), ('средка', '-100'), ('дождинки', '-100'), ('проходили', '-100'), ('дня', '-100'), ('два', '-100'), ('был', '-100'), ('дожджьдь', 'E')]"
"[('было', '-100'), ('засохши', '-100'), ('так', '-100'), ('дня', '-100'), ('два', '-100'), ('прошёл', '-100'), ('дождь', '-100'), ('а', '-100'), ('теперь', '-100'), ('можно', '-100'), ('сказать', '-100'), ('давно', '-100'), ('ёуже', 'E'), ('нет', '-100'), ('дожжу', '-100')]"
"[('ему', '-100'), ('тоже', '-100'), ('семьдест', 'E'), ('с', '-100'), ('лишним', '-100')]"
"[('йон', '-100'), ('нанимает', '-100'), ('косижлку', 'E'), ('а', '-100'), ('косить', '-100'), ('тоже', '-100'), ('некому', '-100')]"
"[('просит', '-100'), ('а', '-100'), ('вот', '-100'), ('и', '-100'), ('чстоят', 'E'), ('огороды', '-100'), ('некошен', '-100')]"
"[('да', '-100'), ('хлев', '-100'), ('сарай', '-100'), ('нэу', 'E'), ('сарай', '-100'), ('сейчас', '-100'), ('захламощён', '-100'), ('племянника', '-100')]"
"[('в', '-100'), ('машинеы', 'E'), ('колёса', '-100'), ('менял', '-100')]"
"[('дровы', '-100'), ('в', '-100'), ('той', '-100'), ('поверти', 'E'), ('у', '-100'), ('меня', '-100')]"
"[('дровы', '-100'), ('были', '-100'), ('сухие', '-100'), ('наы', 'E'), ('вулицы', '-100'), ('переволочила', '-100')]"
"[('а', '-100'), ('его', '-100'), ('нет', '-100'), ('уже', '-100'), ('теперь', '-100'), ('наверно', '-100'), ('соок', 'E'), ('лет', '-100')]"
"[('сейчас', '-100'), ('никого', '-100'), ('-', '-100'), ('скотины', '-100'), ('нету', '-100'), ('и', '-100'), ('свету', '-100'), ('в', '-100'), ('лев', 'E'), ('нет', '-100')]"
"[('в', '-100'), ('гдому', 'E'), ('только', '-100')]"
"[('байня', '-100'), ('ад', 'E'), ('и', '-100'), ('байне', '-100'), ('наверно', '-100'), ('больше', '-100'), ('тридцати', '-100'), ('лет', '-100')]"
"[('байню', '-100'), ('йонь', 'E'), ('только', '-100'), ('покрыл', '-100')]"
"[('были', '-100'), ('раньшие', 'E'), ('канавы', '-100'), ('выкопан', '-100'), ('глубокие', '-100')]"
"[('с', '-100'), ('реки', '-100'), ('попосишь', 'E'), ('-', '-100'), ('вот', '-100'), ('у', '-100'), ('мя', '-100'), ('две', '-100'), ('бочки', '-100'), ('стоит', '-100'), ('попросила', '-100'), ('-', '-100'), ('привезли', '-100'), ('воду', '-100'), ('слили', '-100'), ('мне', '-100')]"
"[('и', '-100'), ('вс', 'E')]"
"[('во', 'E'), ('рядом', '-100'), ('сосед', '-100'), ('-', '-100'), ('в', '-100'), ('доме', '-100'), ('вода', '-100'), ('у', '-100'), ('его', '-100')]"
"[('и', '-100'), ('у', '-100'), ('цыганки', '-100'), ('вики', '-100'), ('в', '-100'), ('дому', '-100'), ('вадо', 'E')]"
"[('земяника', 'E'), ('а', '-100'), ('потом', '-100'), ('пойдёт', '-100'), ('вот', '-100'), ('в', '-100'), ('июле', '-100'), ('пойдёт', '-100'), ('черника', '-100')]"
"[('говорят', '-100'), ('что', '-100'), ('мало', '-100'), ('черник', '-100'), ('но', '-100'), ('мне', '-100'), ('е', 'E'), ('ходить', '-100'), ('ни', '-100'), ('в', '-100'), ('какие', '-100'), ('ягоды', '-100')]"
"[('а', '-100'), ('землянику', '-100'), ('продают', '-100'), ('это', '-100'), ('ноньм', '-100'), ('говохрят', 'E'), ('что', '-100'), ('мы', '-100'), ('поллитровую', '-100'), ('банку', '-100'), ('продаём', '-100'), ('пятьсот', '-100'), ('рублей', '-100')]"
"[('а', '-100'), ('я', '-100'), ('и', '-100'), ('говорюу', 'E'), ('это', '-100'), ('с', '-100'), ('ума', '-100'), ('надо', '-100'), ('сойти', '-100'), ('-', '-100'), ('за', '-100'), ('поллитровую', '-100'), ('банку', '-100'), ('пятьсот', '-100'), ('рублей', '-100'), ('заплатить', '-100')]"
"[('много', '-100'), ('прошлом', '-100'), ('году', '-100'), ('их', '-100'), ('двешсти', 'E'), ('пятьдесят', '-100'), ('продавали', '-100')]"
"[('такц', 'E'), ('литр', '-100'), ('черники', '-100'), ('сто', '-100'), ('рублей', '-100'), ('был', '-100')]"
"[('а', '-100'), ('пршлом', 'E'), ('году', '-100'), ('я', '-100'), ('сама', '-100'), ('покупала', '-100')]"
"[('ззаа', 'E'), ('этот', '-100'), ('литр', '-100'), ('я', '-100'), ('платила', '-100'), ('двести', '-100'), ('рублей', '-100')]"
"[('и', '-100'), ('то', '-100'), ('а', '-100'), ('вот', '-100'), ('я', '-100'), ('другой', '-100'), ('раз', '-100'), ('продала', '-100'), ('за', '-100'), ('таистр', 'E'), ('я', '-100'), ('тебе', '-100'), ('дёшево', '-100'), ('продала', '-100')]"
"[('а', '-100'), ('я', '-100'), ('и', '-100'), ('говорю', '-100'), ('брала', '-100'), ('б', '-100'), ('за', '-100'), ('тысячу', '-100'), ('тогдгада', 'E'), ('если', '-100'), ('совесть', '-100'), ('у', '-100'), ('тебя', '-100'), ('есть', '-100')]"
"[('а', '-100'), ('оньма', 'E'), ('не', '-100'), ('знаю', '-100')]"
"[('ог', 'E'), ('с', '-100'), ('йим', '-100'), ('с', '-100'), ('ягодами', '-100')]"
"[('а', '-100'), ('айна', 'E'), ('йето', '-100'), ('давно', '-100'), ('посажен', '-100'), ('считай', '-100'), ('смороды', '-100'), ('нет', '-100'), ('вот', '-100'), ('крыжовник', '-100'), ('есть', '-100')]"
"[('ага', '-100'), ('и', '-100'), ('йето', '-100'), ('была', '-100'), ('круяжевинка', 'E'), ('для', '-100'), ('байни', '-100'), ('я', '-100'), ('выкопала', '-100'), ('вот', '-100'), ('тут', '-100'), ('посадила', '-100')]"
"[('вот', '-100'), ('второй', '-100'), ('или', '-100'), ('третий', '-100'), ('год', '-100'), ('кружевник', '-100'), ('тсеь', 'E')]"
"[('ранетка', '-100'), ('есть', '-100'), ('яьблоки', 'E'), ('вот', '-100'), ('туда', '-100'), ('подальше', '-100')]"
"[('а', '-100'), ('ето', 'E'), ('старая', '-100'), ('яблоня', '-100'), ('кое-где', '-100'), ('и', '-100'), ('яблочко', '-100')]"
"[('да', '-100'), ('вот', '-100'), ('этот', '-100'), ('поиледнсй', 'E'), ('дом', '-100'), ('и', '-100'), ('рядом', '-100'), ('перепишенный', '-100'), ('последний', '-100')]"
"[('тая', '-100'), ('дорога', '-100'), ('называется', '-100'), ('село', '-100'), ('а', '-100'), ('эта', '-100'), ('доаогр', 'E'), ('-', '-100'), ('гора', '-100')]"
"[('а', '-100'), ('туда', '-100'), ('дальше', '-100'), ('за', '-100'), ('дереней', 'E'), ('село', '-100'), ('там', '-100'), ('было', '-100'), ('емельянцево', '-100')]"
"[('детский', '-100'), ('лагерь', '-100'), ('потпом', 'E'), ('и', '-100'), ('взрослые', '-100'), ('там', '-100'), ('парни', '-100'), ('такие', '-100'), ('лет', '-100'), ('по', '-100'), ('семнадцать', '-100'), ('туда', '-100')]"
"[('парни', '-100'), ('и', '-100'), ('евчата', 'E'), ('отдыхали', '-100')]"
"[('дома', '-100'), ('там', '-100'), ('насроена', 'E'), ('были', '-100')]"
"[('сейчас', '-100'), ('дачники', '-100'), ('приехавш', 'E'), ('в', '-100'), ('серове', '-100'), ('там', '-100')]"
"[('а', '-100'), ('никогло', 'E'), ('одна', '-100'), ('баба', '-100'), ('там', '-100'), ('осталши', '-100')]"
"[('няикого', 'E'), ('нет', '-100')]"
"[('в', '-100'), ('первом', '-100'), ('доме', '-100'), ('ну', '-100'), ('йето', '-100'), ('только', '-100'), ('на', '-100'), ('пенсикю', 'E'), ('ушедши', '-100')]"
"[('у', '-100'), ('дйочке', 'E'), ('двое', '-100'), ('ребят', '-100')]"
"[('хочешь', '-100'), ('-', '-100'), ('по', '-100'), ('геро', 'E'), ('сюда', '-100'), ('пройди', '-100'), ('а', '-100'), ('сюда', '-100'), ('если', '-100'), ('по', '-100'), ('дороге', '-100'), ('-', '-100'), ('там', '-100'), ('дачники', '-100'), ('приехавши', '-100')]"
"[('а', '-100'), ('я', '-100'), ('вижу', '-100'), ('кчто', 'E'), ('думаю', '-100'), ('вот', '-100'), ('сразу', '-100'), ('узнала', '-100'), ('рому', '-100')]"
"[('меня', '-100'), ('рроома', 'E'), ('зовут', '-100')]"
"[('поянтно', 'E')]"
"[('понятн', 'E')]"
"[('ну', '-100'), ('так', '-100'), ('я', '-100'), ('доживу', '-100'), ('до', '-100'), ('девяноста', '-100'), ('тоже', '-100'), ('наверсно', 'E'), ('будет', '-100'), ('букет', '-100')]"
"[('а', '-100'), ('скажите', '-100'), ('а', '-100'), ('вот', '-100'), ('иизз', 'E'), ('кадникова', '-100'), ('мост', '-100'), ('в', '-100'), ('кадниково', '-100'), ('мост', '-100'), ('или', '-100'), ('брод', '-100'), ('через', '-100'), ('реку', '-100'), ('есть', '-100'), ('в', '-100'), ('соседние', '-100'), ('деревни', '-100')]"
"[('понтно', 'E')]"
"[('киломтр', 'E')]"
"[('понятнпоонятно', 'E')]"
"[('понятпнонятно', 'E')]"
"[('то', '-100'), ('есть', '-100'), ('войну', '-100'), ('вы', '-100'), ('в', '-100'), ('рослякаохсляках', 'E'), ('встретили', '-100')]"
"[('дети', '-100'), ('у', '-100'), ('них', '-100'), ('уже', '-100'), ('-', '-100'), ('у', '-100'), ('ани', '-100'), ('поменьшех', 'E'), ('у', '-100'), ('ани', '-100'), ('сыну', '-100'), ('лет', '-100'), ('двенадцать', '-100')]"
"[('у', '-100'), ('саши', '-100'), ('уже', '-100'), ('лте', 'E'), ('по', '-100'), ('двадцать', '-100')]"
"[('вы', '-100'), ('ветеран', '-100'), ('тыла', '-100'), ('как-то', '-100'), ('так', '-100'), ('нзывыется', 'E')]"
"[('поняно', 'E')]"
"[('ба', 'E'), ('жень', '-100'), ('мы', '-100'), ('вот', '-100'), ('здесь', '-100'), ('на', '-100'), ('две', '-100'), ('недели', '-100')]"
"[('разговаривать', '-100'), ('с', '-100'), ('вми', 'E')]"
"[('ну', '-100'), ('мы', '-100'), ('луешч', 'E'), ('с', '-100'), ('утра', '-100'), ('придём', '-100'), ('или', '-100'), ('попозже', '-100')]"
"[('ага', '-100'), ('хшрооо', 'E')]"
"[('расскажете', '-100'), ('нм', 'E'), ('что-нибудь', '-100'), ('про', '-100'), ('старую', '-100'), ('жизнь', '-100'), ('как', '-100'), ('свадьбы', '-100'), ('справляли', '-100'), ('например', '-100')]"
"[('старинный', '-100'), ('наврное', 'E')]"
"[('черника', '-100'), ('ещё', '-100'), ('раном', 'E')]"
"[('пятьсот', '-100'), ('рублей', '-100'), ('-', '-100'), ('многоб', 'E'), ('что-то', '-100')]"
"[('кат', 'E'), ('это', '-100'), ('уже', '-100'), ('серово', '-100')]"
"[('баб', '-100'), ('жень', '-100'), ('вот', '-100'), ('мы', '-100'), ('с', '-100'), ('вами', '-100'), ('разговариваермазговариваем', 'E'), ('а', '-100'), ('вы', '-100'), ('не', '-100'), ('против', '-100'), ('если', '-100'), ('мы', '-100'), ('расскажем', '-100'), ('ваши', '-100'), ('истории', '-100'), ('кому-нибудь', '-100')]"
"[('мне', '-100'), ('девятнадцать', '-100'), ('лет', '-100'), ('межня', 'E'), ('аня', '-100'), ('зовут', '-100')]"
"[('ладно', '-100'), ('баб', '-100'), ('жень', '-100'), ('хтдыоайте', 'E'), ('спасибо', '-100'), ('вам', '-100')]"
"[('ладно', '-100'), ('баб', '-100'), ('жень', '-100'), ('мдо', 'E'), ('свидания', '-100')]"
"[('закинула', '-100'), ('мея', 'E')]"
"[('в', '-100'), ('осрок', 'E'), ('девятом', '-100')]"
"[('а', '-100'), ('я', '-100'), ('мне', '-100'), ('уже', '-100'), ('ну', '-100'), ('лет', '-100'), ('тридцазть', 'E'), ('наверно', '-100'), ('сорок', '-100'), ('было', '-100')]"
"[('а', '-100'), ('его', '-100'), ('в', '-100'), ('шбестьдесят', 'E'), ('в', '-100'), ('шестьдесят', '-100')]"
"[('в', '-100'), ('вьсемодесят', 'E')]"
"[('в', '-100'), ('восемьдесят', '-100'), ('шестом', '-100'), ('пйо-моему', 'E')]"
"[('аркадиайркадий', 'E'), ('павлыч', '-100')]"
"[('и', '-100'), ('она', '-100'), ('вывела', '-100'), ('и', '-100'), ('а', '-100'), ('ейв', 'E'), ('не', '-100'), ('в', '-100'), ('силах', '-100')]"
"[('ссыын', 'E'), ('сказал', '-100'), ('говорит', '-100'), ('брось', '-100'), ('и', '-100'), ('не', '-100'), ('мучайся', '-100')]"
"[('о', '-100'), ('сын', '-100'), ('сын', '-100'), ('в', '-100'), ('кми', 'E'), ('сср', '-100')]"
"[('был', '-100'), ('здеся', '-100'), ('участкоывм', 'E')]"
"[('ну', '-100'), ('он', '-100'), ('ячилсу', 'E'), ('во', '-100'), ('пскове', '-100'), ('в', '-100'), ('школе', '-100'), ('милиции', '-100')]"
"[('и', '-100'), ('он', '-100'), ('переводом', '-100'), ('туда', '-100'), ('в', '-100'), ('коми', '-100'), ('сс', 'E')]"
"[('в', '-100'), ('тридцать', '-100'), ('три', '-100'), ('года', '-100'), ('пошёл', '-100'), ('на', '-100'), ('песию', 'E')]"
"[('там', '-100'), ('ггоод', 'E'), ('за', '-100'), ('два', '-100'), ('год', '-100'), ('за', '-100'), ('полтора', '-100'), ('йаму', '-100'), ('шёл', '-100')]"
"[('говорит', '-100'), ('ребяты', '-100'), ('-', '-100'), ('говорит', '-100'), ('-', '-100'), ('со', '-100'), ('своего', '-100'), ('города', '-100'), ('я', '-100'), ('никукдуда', 'E'), ('не', '-100'), ('уеду', '-100')]"
"[('ну', '-100'), ('он', '-100'), ('на', '-100'), ('вукутктыле', 'E')]"
"[('коомми', 'E'), ('сср', '-100')]"
"[('они', '-100'), ('приехавш', 'E')]"
"[('ну', '-100'), ('один', '-100'), ('-', '-100'), ('в', '-100'), ('одиннадцатый', '-100'), ('а', '-100'), ('этот', '-100'), ('мво', 'E'), ('второй', '-100'), ('пошёл', '-100')]"
"[('два', '-100'), ('мальцеа', 'E'), ('тама', '-100'), ('внучка', '-100'), ('у', '-100'), ('меня', '-100'), ('тута', '-100')]"
"[('кяаждый', 'E'), ('день', '-100'), ('в', '-100'), ('школу', '-100'), ('вожу', '-100'), ('ж', '-100')]"
"[('нет', '-100'), ('была', '-100'), ('сестра', '-100'), ('сестра', '-100'), ('умерла', '-100'), ('в', '-100'), ('тридцать', '-100'), ('чеыре', 'E'), ('года', '-100')]"
"[('да', '-100'), ('ну', '-100'), ('раньше', '-100'), ('они', '-100'), ('там', '-100'), ('на', '-100'), ('хуторе', '-100'), ('жили', '-100'), ('под', '-100'), ('емельянцевым', '-100'), ('ам', 'E')]"
"[('как', '-100'), ('в', '-100'), ('венадцать', 'E'), ('лет', '-100'), ('двадцать', '-100'), ('два', '-100'), ('гектара', '-100'), ('картошки', '-100'), ('разъезжали', '-100'), ('ребята', '-100'), ('в', '-100'), ('четырёх', '-100')]"
"[('сего', 'E'), ('поглядели', '-100'), ('всего', '-100'), ('повидали', '-100')]"
"[('два', '-100'), ('года', '-100'), ('в', '-100'), ('полтора', '-100'), ('года', '-100'), ('в', '-100'), ('германии', '-100'), ('и', '-100'), ('полгода', '-100'), ('нта', 'E'), ('целину', '-100'), ('в', '-100'), ('оренбуржскую', '-100'), ('область', '-100')]"
"[('двадцать', '-100'), ('осемь', 'E'), ('километров', '-100'), ('от', '-100'), ('геры', '-100')]"
"[('ну', '-100'), ('вот', '-100'), ('ездили', '-100'), ('зерно', '-100'), ('закупали', '-100'), ('раньше', '-100'), ('ж', '-100'), ('нёе', 'E'), ('хватало', '-100'), ('всего', '-100')]"
"[('в', '-100'), ('обощбщем', 'E'), ('спать', '-100'), ('горазд', '-100'), ('не', '-100'), ('приходилось', '-100')]"
"[('а', '-100'), ('здес', 'E'), ('в', '-100'), ('опочке', '-100')]"
"[('вю', 'E'), ('жизнь', '-100'), ('тута', '-100')]"
"[('раньше', '-100'), ('вот', '-100'), ('посюда', '-100'), ('был', '-100'), ('вот', '-100'), ('таткак', 'E'), ('коридор', '-100'), ('во', '-100'), ('весь', '-100')]"
"[('тут', '-100'), ('дочка', '-100'), ('помогла', '-100'), ('в', '-100'), ('ленгралденграде', 'E'), ('работала', '-100')]"
"[('разобрали', '-100'), ('всё', '-100'), ('остался', '-100'), ('вот', '-100'), ('пъо', 'E'), ('эту', '-100'), ('одни', '-100'), ('углы', '-100'), ('четыре', '-100'), ('угла', '-100')]"
"[('нет', '-100'), ('это', '-100'), ('павлыч', '-100'), ('былй', 'E'), ('сгоревши', '-100')]"
"[('вот', '-100'), ('первый', '-100'), ('донм', 'E'), ('где', '-100'), ('стоит', '-100'), ('вот', '-100'), ('тама', '-100'), ('был', '-100'), ('сожгён', '-100'), ('наш', '-100'), ('целы', '-100'), ('были', '-100'), ('ещё', '-100'), ('дома', '-100')]"
"[('отдыали', 'E')]"
"[('ходили', '-100'), ('в', '-100'), ('емельянцево', '-100'), ('тамам', 'E')]"
"[('весьы', 'E'), ('праздник', '-100'), ('тама', '-100'), ('а', '-100'), ('тут', '-100'), ('это', '-100'), ('так', '-100'), ('гости', '-100'), ('собиралися', '-100')]"
"[('и', '-100'), ('вё', 'E')]"
"[('всё', '-100'), ('нету', '-100'), ('ули', '-100'), ('сейчас', '-100'), ('я', '-100'), ('схкажу', 'E')]"
"[('ддаа', 'E'), ('прадники', '-100'), ('я', '-100'), ('не', '-100'), ('ахти', '-100')]"
"[('а', '-100'), ('у', '-100'), ('нас', '-100'), ('ннее', 'E'), ('отмечают', '-100'), ('его', '-100'), ('здеся', '-100')]"
"[('в', '-100'), ('опочке', '-100'), ('отмечают', '-100'), ('в', '-100'), ('отмечають', 'E')]"
"[('сжъезжались', 'E'), ('и', '-100'), ('в', '-100'), ('с', '-100'), ('варыгина', '-100'), ('приезжали', '-100'), ('оттуда', '-100')]"
"[('закусывали', '-100'), ('и', '-100'), ('и', '-100'), ('шли', '-100'), ('гулять', '-100'), ('туад', 'E'), ('в', '-100'), ('емельянцево', '-100'), ('тама', '-100'), ('народу', '-100'), ('было', '-100'), ('очень', '-100'), ('много', '-100')]"
"[('не', '-100'), ('от', 'E'), ('родители', '-100'), ('наверно', '-100')]"
"[('ну', '-100'), ('и', '-100'), ('всё', '-100'), ('пошлите', '-100'), ('ччаай', 'E'), ('пить', '-100')]"
"[('в', '-100'), ('срок', 'E'), ('девятом', '-100')]"
"[('и', '-100'), ('как', '-100'), ('часто', '-100'), ('ы', 'E'), ('видетесь', '-100')]"
"[('и', '-100'), ('она', '-100'), ('н', 'E'), ('ездит', '-100'), ('да', '-100'), ('на', '-100'), ('автобусе', '-100')]"
"[('а', '-100'), ('бабушка', '-100'), ('жили', '-100'), ('вы', '-100'), ('с', '-100'), ('бабушкой', '-100'), ('деушкой', 'E')]"
"[('а', '-100'), ('её', '-100'), ('ж', '-100'), ('её', 'E'), ('потом', '-100'), ('картошку', '-100'), ('полоть', '-100'), ('надо', '-100')]"
"[('и', '-100'), ('а', '-100'), ('там', '-100'), ('что', '-100'), ('вы', '-100'), ('там', '-100'), ('делали', '-100'), ('тяжело', '-100'), ('было', '-100'), ('или', '-100'), ('ну', '-100'), ('вообще', '-100'), ('что', '-100'), ('лужба', 'E'), ('собой', '-100'), ('представляла', '-100')]"
"[('понято', 'E')]"
"[('а', '-100'), ('девятое', '-100'), ('мая', '-100'), ('илиили', 'E'), ('что', '-100')]"
"[('нам', '-100'), ('вот', '-100'), ('ещё', '-100'), ('интересно', '-100'), ('у', '-100'), ('нас', '-100'), ('в', '-100'), ('избе', '-100'), ('в', '-100'), ('которой', '-100'), ('мы', '-100'), ('живём', '-100'), ('в', '-100'), ('кишкнио', 'E')]"
"[('прям', '-100'), ('красный', '-100'), ('ууггол', 'E'), ('сделан', '-100'), ('с', '-100'), ('иконами', '-100')]"
"[('здрасьте', '-100'), ('а', '-100'), ('де', 'E'), ('егор', '-100')]"
"[('дабы', '-100'), ('они', '-100'), ('женившись', '-100'), ('эээ', '-100'), ('нофициально', 'E'), ('были', '-100'), ('они', '-100'), ('жили', '-100')]"
"[('вот', '-100'), ('потом', '-100'), ('бабушка', '-100'), ('сдала', '-100'), ('мамка', '-100'), ('ещё', '-100'), ('работала', '-100'), ('ппотом', 'E'), ('пошла', '-100'), ('на', '-100'), ('пенсию', '-100'), ('они', '-100'), ('конечно', '-100'), ('тоже', '-100'), ('опять', '-100'), ('начали', '-100'), ('хозяйство', '-100'), ('держать', '-100')]"
"[('ну', '-100'), ('а', '-100'), ('я', '-100'), ('вкусил', '-100'), ('этого', '-100'), ('всего', '-100'), ('мне', '-100'), ('как-то', '-100'), ('уже', '-100'), ('кто', '-100'), ('вот', '-100'), ('это', '-100'), ('попробовал', '-100'), ('тот', '-100'), ('в', '-100'), ('сельское', '-100'), ('хозяйсйтство', 'E'), ('не', '-100'), ('горазд', '-100'), ('хочет', '-100')]"
"[('мать', '-100'), ('работала', '-100'), ('в', '-100'), ('колхозе', '-100'), ('дабы', '-100'), ('она', '-100'), ('была', '-100'), ('старше', '-100'), ('она', '-100'), ('и', '-100'), ('птичницей', '-100'), ('работала', '-100'), ('оонна', 'E'), ('у', '-100'), ('меня', '-100'), ('в', '-100'), ('пашкино', '-100'), ('в', '-100'), ('пашкино', '-100'), ('ходила', '-100'), ('на', '-100'), ('птичник', '-100')]"
"[('великолукский', '-100'), ('потм', 'E'), ('кунье', '-100')]"
"[('да', '-100'), ('но', '-100'), ('дол', 'E'), ('великих', '-100'), ('лук', '-100'), ('отсюда', '-100'), ('сто', '-100'), ('пятьдесят', '-100'), ('километров', '-100')]"
"[('ну', '-100'), ('где', '-100'), ('пешком', '-100'), ('где', '-100'), ('на', '-100'), ('подводах', '-100'), ('где', '-100'), ('ка', 'E'), ('что', '-100'), ('ну', '-100'), ('основном', '-100'), ('ходили', '-100'), ('пешком', '-100')]"
"[('за', '-100'), ('колоски', '-100'), ('за', '-100'), ('это', '-100'), ('всё', '-100'), ('там', '-100'), ('было', '-100'), ('жёсткие', '-100'), ('времена', '-100'), ('тов', 'E')]"
"[('прапрадедов', '-100'), ('там', '-100'), ('я', '-100'), ('особо-то', '-100'), ('и', '-100'), ('ен', 'E'), ('знаю', '-100'), ('знаю', '-100'), ('что', '-100'), ('как', '-100'), ('бы', '-100'), ('были', '-100'), ('крепкие', '-100'), ('всё', '-100'), ('нормально', '-100')]"
"[('прадед', '-100'), ('полчается', 'E'), ('мамкин', '-100'), ('отец', '-100'), ('дед', '-100'), ('васька', '-100'), ('он', '-100'), ('как', '-100'), ('бы', '-100'), ('получается', '-100'), ('помер', '-100'), ('от', '-100'), ('испанки', '-100'), ('тогда', '-100'), ('в', '-100'), ('двадцатые', '-100'), ('годы', '-100'), ('испанка', '-100'), ('бушевала', '-100')]"
"[('нет', '-100'), ('испанка', '-100'), ('это', '-100'), ('быо', 'E'), ('такой', '-100')]"
"[('да', '-100'), ('это', '-100'), ('такой', '-100'), ('особый', '-100'), ('вид', '-100'), ('гриппа', '-100'), ('он', '-100'), ('как', '-100'), ('пришёл', '-100'), ('потом', '-100'), ('ушёл', '-100'), ('и', '-100'), ('вообще', '-100'), ('ео', 'E'), ('сейчас', '-100'), ('нет', '-100'), ('говорят', '-100'), ('возвращется', '-100')]"
"[('они', '-100'), ('были', '-100'), ('под', '-100'), ('оккупацией', '-100'), ('ну', '-100'), ('и', '-100'), ('палки', '-100'), ('там', '-100'), ('им', '-100'), ('не', '-100'), ('йпалки', 'E'), ('в', '-100'), ('руки', '-100'), ('и', '-100'), ('этот', '-100'), ('самый', '-100'), ('под', '-100'), ('мадон', '-100')]"
"[('вот', '-100'), ('здесь', '-100'), ('все', '-100'), ('практически', '-100'), ('что', '-100'), ('здесь', '-100'), ('были', '-100'), ('под', '-100'), ('оккупацией', '-100'), ('мужики', '-100'), ('они', '-100'), ('тм', 'E'), ('под', '-100'), ('мадоном', '-100'), ('и', '-100'), ('сгинули', '-100')]"
"[('а', '-100'), ('под', '-100'), ('мдаона', 'E'), ('это', '-100'), ('в', '-100'), ('великую', '-100'), ('отечественную', '-100'), ('когда', '-100'), ('было', '-100'), ('сорок', '-100'), ('четвёртый', '-100'), ('освободили', '-100'), ('здесь', '-100'), ('получается', '-100'), ('вот', '-100'), ('опочку', '-100'), ('освободили', '-100'), ('пятнадцатого', '-100'), ('июля', '-100')]"
"[('как', '-100'), ('бы', '-100'), ('получается', '-100'), ('там', '-100'), ('даже', '-100'), ('улица', '-100'), ('пятнадцатого', '-100'), ('июля', '-100'), ('у', '-100'), ('нас', '-100'), ('есть', '-100'), ('это', '-100'), ('как', 'E'), ('бы', '-100'), ('день', '-100'), ('города', '-100'), ('считается', '-100'), ('ну', '-100'), ('такой', '-100'), ('день', '-100'), ('освобождения', '-100'), ('города', '-100')]"
"[('вот', '-100'), ('и', '-100'), ('именно', '-100'), ('вот', '-100'), ('после', '-100'), ('этого', '-100'), ('здесь', '-100'), ('которых', '-100'), ('всех', '-100'), ('собрали', '-100'), ('их', '-100'), ('это', '-100'), ('самое', '-100'), ('вот', '-100'), ('под', '-100'), ('мадон', '-100'), ('вот', '-100'), ('это', '-100'), ('самоое', 'E'), ('как', '-100'), ('это', '-100'), ('получается', '-100'), ('ополчение', '-100'), ('не', '-100'), ('ополчение', '-100'), ('ну', '-100'), ('в', '-100'), ('общем', '-100'), ('добровольно-принудительно', '-100')]"
"[('они-то', '-100'), ('кроме', '-100'), ('граблей', '-100'), ('и', '-100'), ('вил-то', '-100'), ('и', '-100'), ('может', '-100'), ('ещё', '-100'), ('какие-то', '-100'), ('охотниаки', 'E'), ('выживали', '-100'), ('они', '-100'), ('умели', '-100'), ('с', '-100'), ('а', '-100'), ('здесь', '-100'), ('как', '-100'), ('бы', '-100'), ('мои-то', '-100'), ('не', '-100'), ('были', '-100'), ('никогда', '-100'), ('охотниками', '-100'), ('ничего', '-100')]"
"[('да', '-100'), ('с', '-100'), ('сорок', '-100'), ('первого', '-100'), ('по', '-100'), ('сорок', '-100'), ('четвёртый', '-100'), ('в', '-100'), ('оккупации', '-100'), ('практически', '-100'), ('был', '-100'), ('од', 'E'), ('лета', '-100')]"
"[('то', '-100'), ('есть', '-100'), ('время', '-100'), ('ооччень', 'E'), ('было', '-100'), ('тяжкое', '-100')]"
"[('нормальные', '-100'), ('как', '-100'), ('бы', '-100'), ('ну', '-100'), ('лшюди', 'E'), ('есть', '-100'), ('люди', '-100'), ('вот', '-100'), ('просто', '-100'), ('подневольные', '-100'), ('ружьё', '-100'), ('а', '-100'), ('куда', '-100'), ('денешься', '-100'), ('никуда', '-100'), ('не', '-100'), ('денешься', '-100')]"
"[('ну', '-100'), ('бывали', '-100'), ('и', '-100'), ('всякие', '-100'), ('и', '-100'), ('националисты', '-100'), ('конечно', '-100'), ('и', '-100'), ('всеё', 'E'), ('которые', '-100'), ('там', '-100'), ('один', '-100'), ('раз', '-100'), ('говорит', '-100'), ('и', '-100'), ('под', '-100'), ('автоматом', '-100'), ('походили', '-100'), ('и', '-100'), ('всё', '-100'), ('говорит', '-100'), ('были', '-100'), ('в', '-100'), ('подвале', '-100'), ('где-то', '-100'), ('заныкавши', '-100')]"
"[('некоторые', '-100'), ('там', '-100'), ('пойдкармливали', 'E'), ('даже', '-100'), ('детей', '-100'), ('вот', '-100'), ('у', '-100'), ('меня', '-100'), ('говорит', '-100'), ('такой', '-100'), ('же', '-100'), ('дома', '-100')]"
"[('вот', '-100'), ('ннуу', 'E'), ('всяко', '-100'), ('было', '-100'), ('вот', '-100'), ('в', '-100'), ('войну', '-100'), ('ну', '-100'), ('я', '-100'), ('особо', '-100'), ('не', '-100'), ('спрашивал', '-100'), ('особо', '-100'), ('мне', '-100'), ('и', '-100'), ('не', '-100'), ('рассказывали', '-100')]"
"[('а', '-100'), ('то', '-100'), ('что', '-100'), ('там', '-100'), ('под', '-100'), ('мадон', '-100'), ('направили', '-100'), ('дед', '-100'), ('тоже', '-100'), ('ничего', '-100'), ('не', '-100'), ('рассказывал', '-100'), ('да', '-100'), ('и', '-100'), ('дед', '-100'), ('прмео', 'E'), ('когда', '-100'), ('я', '-100'), ('во', '-100'), ('втором', '-100'), ('классе', '-100'), ('был', '-100'), ('вот', '-100')]"
"[('нет', '-100'), ('девятого', '-100'), ('года', '-100'), ('роъждения', 'E'), ('тысяча', '-100'), ('девятьсот', '-100'), ('тысяча', '-100'), ('девятьсот', '-100'), ('девятого', '-100'), ('года', '-100'), ('рождения', '-100'), ('он', '-100')]"
"[('а', '-100'), ('это', '-100'), ('самое', '-100'), ('оонн', 'E'), ('был', '-100'), ('он', '-100'), ('был', '-100'), ('на', '-100'), ('десять', '-100'), ('одиннадцать', '-100'), ('лет', '-100'), ('на', '-100'), ('одиннадцать', '-100'), ('лет', '-100'), ('был', '-100'), ('старше', '-100'), ('бабушки', '-100')]"
"[('во', 'E'), ('она', '-100'), ('двадцатого', '-100'), ('года', '-100'), ('была', '-100'), ('рождения', '-100')]"
"[('это', '-100'), ('вот', '-100'), ('туда', '-100'), ('сторона', '-100'), ('на', '-100'), ('если', '-100'), ('ехать', '-100'), ('на', '-100'), ('варыгино', '-100'), ('и', '-100'), ('вправо', '-100'), ('туда', '-100'), ('на', '-100'), ('фёдоровское', '-100'), ('это', '-100'), ('староверское', '-100'), ('но', '-100'), ('она', '-100'), ('не', '-100'), ('была', '-100'), ('старовером', '-100'), ('не', '-100'), ('бэыла', 'E')]"
"[('вот', '-100'), ('где', '-100'), ('духова', '-100'), ('кировьо', 'E'), ('кирово', '-100'), ('вот', '-100'), ('кирово', '-100'), ('и', '-100'), ('духова', '-100'), ('гора', '-100'), ('там', '-100')]"
"[('как', '-100'), ('раанньше', 'E'), ('знакомились', '-100'), ('надо', '-100'), ('замуж', '-100'), ('выдать', '-100'), ('вот', '-100'), ('и', '-100'), ('пришли', '-100'), ('свататься', '-100'), ('и', '-100'), ('фьюить', '-100'), ('выдали', '-100'), ('молодую', '-100')]"
"[('дед', '-100'), ('тем', '-100'), ('более', '-100'), ('был', '-100'), ('во', '-100'), ('гвидный', 'E'), ('он', '-100'), ('был', '-100'), ('грамотный', '-100'), ('дед', '-100'), ('довольно-таки', '-100')]"
"[('ну', '-100'), ('а', '-100'), ('в', '-100'), ('итоге', '-100'), ('фгрубо', 'E'), ('говоря', '-100'), ('отработав', '-100'), ('колхозе', '-100'), ('и', '-100'), ('всё', '-100'), ('остальное', '-100'), ('бабушка', '-100'), ('получала', '-100'), ('пенсию', '-100'), ('сорок', '-100'), ('пять', '-100'), ('рублей', '-100')]"
"[('ну', '-100'), ('вот', '-100'), ('в', '-100'), ('восьмидесятые', '-100'), ('годы', '-100'), ('когда', '-100'), ('вот', '-100'), ('сорок', '-100'), ('пять', '-100'), ('рублей', '-100'), ('ну', '-100'), ('это', '-100'), ('кочеепные', 'E')]"
"[('у', '-100'), ('меня', '-100'), ('я', '-100'), ('пошёл', '-100'), ('учиться', '-100'), ('стипендия', '-100'), ('была', '-100'), ('пятьдесят', '-100'), ('так', '-100'), ('отч', 'E'), ('а', '-100'), ('работали', '-100'), ('за', '-100'), ('палочки', '-100')]"
"[('интересного', '-100'), ('такие', '-100'), ('вещи', '-100'), ('о', '-100'), ('нас', '-100'), ('с', '-100'), ('мамкой', '-100'), ('тётя', '-100'), ('люся', '-100'), ('у', '-100'), ('нас', '-100'), ('как', '-100'), ('бы', '-100'), ('в', '-100'), ('этом', '-100'), ('самом', '-100'), ('в', '-100'), ('доме', '-100'), ('живёт', '-100'), ('озна', 'E'), ('вот', '-100'), ('ей', '-100'), ('восемьдесят', '-100'), ('лет', '-100'), ('буквально', '-100'), ('на', '-100'), ('этой', '-100'), ('неделе', '-100'), ('исполнилось', '-100'), ('она', '-100'), ('тоже', '-100'), ('рассказывала', '-100'), ('как', '-100'), ('вот', '-100'), ('в', '-100'), ('колхозе', '-100'), ('работали', '-100'), ('как', '-100'), ('всё', '-100'), ('как', '-100'), ('за', '-100'), ('эти', '-100'), ('трудодни', '-100')]"
"[('а', '-100'), ('то', '-100'), ('полешь', '-100'), ('и', '-100'), ('всё', '-100'), ('остальное', '-100'), ('датже', 'E'), ('и', '-100'), ('она', '-100'), ('не', '-100'), ('должна', '-100'), ('была', '-100'), ('делать', '-100'), ('один', '-100'), ('фиг', '-100'), ('делали', '-100')]"
"[('как', '-100'), ('же', '-100'), ('эта', '-100'), ('деревн', 'E'), ('не', '-100'), ('да', '-100'), ('забыл', '-100'), ('как', '-100'), ('же', '-100'), ('она', '-100'), ('называется', '-100'), ('эта', '-100'), ('деревня', '-100')]"
"[('да-да', '-100'), ('тоже', '-100'), ('опочецкий', '-100'), ('это', '-100'), ('всё', '-100'), ('райн', 'E'), ('вот', '-100')]"
"[('оонна', 'E'), ('одна', '-100'), ('муж', '-100'), ('схоронен', '-100'), ('и', '-100'), ('как', '-100'), ('бы', '-100'), ('здравствуйте', '-100'), ('вот', '-100'), ('и', '-100'), ('как', '-100'), ('бы', '-100'), ('нормально', '-100')]"
"[('т-т-т', '-100'), ('не', '-100'), ('ласкино', '-100'), ('ласкино', '-100'), ('отэ', 'E'), ('другая', '-100'), ('сторона', '-100')]"
"[('вот', '-100'), ('это', '-100'), ('у', '-100'), ('них', '-100'), ('было', '-100'), ('я', '-100'), ('семьдесят', '-100'), ('третьем', '-100'), ('гду', 'E'), ('родился', '-100')]"
"[('а', '-100'), ('они', '-100'), ('ныу', 'E'), ('мать', '-100'), ('в', '-100'), ('роддом', '-100'), ('повезли', '-100'), ('мне', '-100'), ('записали', '-100'), ('место', '-100'), ('рождения', '-100'), ('в', '-100'), ('опочке', '-100'), ('не', '-100'), ('тут', '-100'), ('же', '-100'), ('я', '-100'), ('в', '-100'), ('подоле', '-100'), ('родился', '-100'), ('в', '-100'), ('бане', '-100'), ('вот', '-100')]"
"[('поом', 'E'), ('она', '-100'), ('мамка', '-100'), ('ещё', '-100'), ('в', '-100'), ('райпо', '-100'), ('работала', '-100'), ('ну', '-100'), ('вот', '-100'), ('и', '-100'), ('там', '-100'), ('дали', '-100'), ('квартиру', '-100')]"
"[('ну', '-100'), ('вот', '-100'), ('в', '-100'), ('том', '-100'), ('доме', '-100'), ('вот', '-100'), ('этой', '-100'), ('кфвартиры', 'E'), ('я', '-100'), ('сейчас', '-100'), ('и', '-100'), ('живу', '-100')]"
"[('то', '-100'), ('полоть', '-100'), ('то', '-100'), ('хряпа', '-100'), ('то', '-100'), ('крошить', '-100'), ('то', '-100'), ('там', '-100'), ('ещё', '-100'), ('что-то', '-100'), ('то', '-100'), ('сено', '-100'), ('сзади', '-100'), ('подграбают', '-100'), ('мне', '-100'), ('надо', '-100'), ('то', '-100'), ('скидывать', '-100'), ('то', '-100'), ('возишь', '-100'), ('то', '-100'), ('это', '-100'), ('самое', '-100'), ('косишь', '-100'), ('то', '-100'), ('ну', '-100'), ('в', '-100'), ('общем', '-100'), ('дбофига', 'E'), ('чего', '-100')]"
"[('мамка', '-100'), ('с', '-100'), ('бьтакой', 'E'), ('в', '-100'), ('порядовку', '-100')]"
"[('женщины', '-100'), ('мужчины-от', '-100'), ('она', '-100'), ('сзади', '-100'), ('он', '-100'), ('впереди', '-100'), ('а', '-100'), ('она', '-100'), ('сзади', '-100'), ('косит', '-100'), ('не', '-100'), ('отстаёт', '-100'), ('от', '-100'), ('него', '-100'), ('надо', '-100'), ('быстро', '-100'), ('нахватать', '-100'), ('выкосить', '-100'), ('привети', 'E'), ('потому', '-100'), ('что', '-100'), ('скотину', '-100'), ('надо', '-100'), ('свою', '-100'), ('кормить', '-100')]"
"[('вот', '-100'), ('это', '-100'), ('всё', '-100'), ('наверно', '-100'), ('с', '-100'), ('тех', '-100'), ('времён', '-100'), ('когда', '-100'), ('оозяйствх', 'E'), ('своё', '-100'), ('держали', '-100'), ('и', '-100'), ('за', '-100'), ('каждую', '-100'), ('голову', '-100'), ('надо', '-100'), ('было', '-100'), ('налог', '-100'), ('заплатить', '-100')]"
"[('всё', '-100'), ('за', '-100'), ('каждое', '-100'), ('вот', '-100'), ('что', '-100'), ('делали', '-100'), ('с', '-100'), ('утра', '-100'), ('в', '-100'), ('спозаранку', '-100'), ('мамка', '-100'), ('бидончик', '-100'), ('в', '-100'), ('горо', 'E'), ('часов', '-100'), ('в', '-100'), ('пять', '-100'), ('молоко', '-100'), ('продала', '-100'), ('чтобы', '-100'), ('деньги', '-100'), ('было', '-100')]"
"[('вот', '-100'), ('и', '-100'), ('до', '-100'), ('семьдесят', '-100'), ('наверноё', 'E'), ('второго', '-100'), ('года', '-100'), ('точно', '-100'), ('паспортов', '-100'), ('не', '-100'), ('давали', '-100')]"
"[('крёстную', '-100'), ('уладшмю', 'E'), ('её', '-100'), ('выпихали', '-100'), ('отсюда', '-100'), ('чтобы', '-100'), ('она', '-100'), ('десятый', '-100'), ('класс', '-100'), ('закончила', '-100'), ('в', '-100'), ('острове', '-100'), ('у', '-100'), ('дяди', '-100')]"
"[('вот', '-100'), ('но', 'E'), ('войну', '-100'), ('прошёл', '-100'), ('фзу', '-100'), ('там', '-100'), ('учился', '-100'), ('ещё', '-100')]"
"[('они', '-100'), ('жили', '-100'), ('с', '-100'), ('питера', '-100'), ('приезжали', '-100'), ('вот', '-100'), ('даже', '-100'), ('пристройку', '-100'), ('там', '-100'), ('специально', '-100'), ('посётроили', 'E'), ('вот', '-100'), ('ту', '-100'), ('она', '-100'), ('у', '-100'), ('него', '-100'), ('для', '-100'), ('дачников', '-100'), ('тогда', '-100')]"
"[('и', '-100'), ('при', '-100'), ('этом', '-100'), ('чтобы', '-100'), ('на', '-100'), ('работе', '-100'), ('в', '-100'), ('пять', '-100'), ('это', '-100'), ('в', '-100'), ('шесть', '-100'), ('часов', '-100'), ('как', '-100'), ('штык', '-100'), ('в', '-100'), ('полеводстве', '-100'), ('было', '-100'), ('здебсь', 'E'), ('в', '-100'), ('бригаде', '-100')]"
"[('потлоть', 'E'), ('это', '-100'), ('всё', '-100'), ('ой', '-100'), ('было', '-100')]"
"[('эх', '-100'), ('как', '-100'), ('сказать', '-100'), ('тяжко', '-100'), ('если', '-100'), ('не', '-100'), ('понимаешь', '-100'), ('еессли', 'E'), ('в', '-100'), ('обузу', '-100'), ('а', '-100'), ('так', '-100'), ('интересно', '-100'), ('в', '-100'), ('принципе', '-100')]"
"[('да', '-100'), ('нет', '-100'), ('там', '-100'), ('там', '-100'), ('у', '-100'), ('меня', '-100'), ('несколько', '-100'), ('ульев', '-100'), ('там', '-100'), ('улей', '-100'), ('стоит', '-100'), ('ещё', '-100'), ('сейчас', '-100'), ('поеду', '-100'), ('туда', '-100'), ('посмотрю', '-100'), ('ётам', 'E'), ('у', '-100'), ('меня', '-100'), ('пай', '-100'), ('пять', '-100'), ('гектаров', '-100'), ('оставшись', '-100')]"
"[('два', '-100'), ('в', '-100'), ('оин', 'E'), ('прилетели', '-100'), ('вот', '-100'), ('сейчас', '-100'), ('поеду', '-100'), ('посмотрю', '-100'), ('и', '-100'), ('тут', '-100'), ('мне', '-100'), ('сегодня', '-100'), ('знакомый', '-100'), ('с', '-100'), ('макушино', '-100'), ('позвонил', '-100'), ('сказал', '-100'), ('говорит', '-100'), ('серёга', '-100'), ('приезжай', '-100'), ('забирай', '-100'), ('пчёл', '-100')]"
"[('а', '-100'), ('они', '-100'), ('просто', '-100'), ('на', '-100'), ('месте', '-100'), ('леток', '-100'), ('закроешь', '-100'), ('и', '-100'), ('пчёлы', '-100'), ('все', '-100'), ('на', '-100'), ('месте', '-100'), ('спят', '-100'), ('ещё', '-100'), ('да', '-100'), ('они', '-100'), ('не', '-100'), ('вылетваылетают', 'E'), ('так', '-100'), ('рано', '-100'), ('вот', '-100'), ('три', '-100'), ('часа', '-100'), ('как', '-100'), ('светает', '-100'), ('но', '-100'), ('они', '-100'), ('ещё', '-100'), ('не', '-100'), ('вылетают', '-100')]"
"[('племенныкх', 'E'), ('покупаю', '-100'), ('этих', '-100'), ('самых', '-100'), ('диких', '-100'), ('ловлю', '-100')]"
"[('вот', '-100'), ('а', '-100'), ('это', '-100'), ('во', 'E'), ('такие', '-100'), ('породы', '-100'), ('как', '-100'), ('это', '-100'), ('дали', '-100'), ('маток', '-100'), ('бакфаста', '-100'), ('сейчас', '-100'), ('я', '-100'), ('подсадил', '-100'), ('одна', '-100'), ('вроде', '-100'), ('бы', '-100'), ('привилась', '-100'), ('вот', '-100'), ('и', '-100'), ('карнику', '-100')]"
"[('там', '-100'), ('подсадил', '-100'), ('вроде', '-100'), ('как', '-100'), ('мат', 'E'), ('ну', '-100'), ('с', '-100'), ('другой', '-100'), ('не', '-100'), ('понравилась', '-100'), ('она', '-100'), ('дикие', '-100'), ('лучше', '-100'), ('даже', '-100'), ('сеют', '-100'), ('засев', '-100'), ('сплошной', '-100'), ('а', '-100'), ('там-то', '-100'), ('такими', '-100'), ('пятаками', '-100'), ('как-то', '-100'), ('посмотрел', '-100'), ('ну', '-100'), ('не', '-100'), ('знаю', '-100'), ('может', '-100'), ('не', '-100'), ('на', '-100'), ('месте', '-100'), ('может', '-100'), ('ещё', '-100'), ('что-то', '-100'), ('они', '-100'), ('же', '-100'), ('тоже', '-100'), ('зависят', '-100'), ('вот', '-100'), ('на', '-100'), ('этом', '-100'), ('месте', '-100'), ('они', '-100'), ('будут', '-100'), ('работать', '-100'), ('а', '-100'), ('перенесёшь', '-100'), ('на', '-100'), ('метр', '-100'), ('не', '-100'), ('будут', '-100')]"
"[('какие-то', '-100'), ('тм', 'E'), ('поля', '-100'), ('ещё', '-100'), ('что-то', '-100'), ('они', '-100'), ('ж', '-100'), ('у', '-100'), ('них', '-100'), ('такие', '-100'), ('ж', '-100'), ('такие', '-100'), ('ж', '-100'), ('навигаторы', '-100'), ('у', '-100'), ('них', '-100')]"
"[('она', '-100'), ('летает-летает', '-100'), ('нпонятно', 'E'), ('где', '-100'), ('и', '-100'), ('вот', '-100'), ('в', '-100'), ('такой', '-100'), ('леток', '-100'), ('десять', '-100'), ('сантиметров', '-100'), ('она', '-100'), ('прилетает', '-100'), ('фьюить', '-100'), ('туда', '-100')]"
"[('а', '-100'), ('хозяйство', '-100'), ('ж', '-100'), ('надо', '-100'), ('всё', '-100'), ('содержать', '-100'), ('тут', '-100'), ('либо', '-100'), ('нанимать', '-100'), ('кого-то', '-100'), ('дано', 'E')]"
"[('есть', '-100'), ('какие-то', '-100'), ('планы', '-100'), ('там', '-100'), ('мне', '-100'), ('ж', '-100'), ('неспроста', '-100'), ('тоже', '-100'), ('век', '-100'), ('бы', '-100'), ('мне', '-100'), ('я', '-100'), ('не', '-100'), ('видел', '-100'), ('бы-то', '-100'), ('вот', '-100'), ('это', '-100'), ('дом', '-100'), ('сдавать', '-100'), ('жили', 'E'), ('ещё', '-100'), ('что-то', '-100'), ('припёрло', '-100')]"
"[('ну', '-100'), ('я', '-100'), ('и', '-100'), ('говорю', '-100'), ('что', '-100'), ('здесь', '-100'), ('у', '-100'), ('нас', '-100'), ('вот', '-100'), ('такие', '-100'), ('речка', '-100'), ('рядом', '-100'), ('а', '-100'), ('ллеес', 'E'), ('рядом', '-100'), ('вот', '-100'), ('там', '-100'), ('вот', '-100'), ('уже', '-100'), ('лес', '-100'), ('нормальный', '-100'), ('и', '-100'), ('грибной', '-100'), ('и', '-100'), ('всё', '-100')]"
"[('вот', '-100'), ('ну', '-100'), ('здесь', '-100'), ('какие', '-100'), ('места', '-100'), ('здесь-то', '-100'), ('особо', '-100'), ('так', '-100'), ('туда', '-100'), ('если', '-100'), ('вы', '-100'), ('пройдёте', '-100'), ('по', '-100'), ('дороге', '-100'), ('того', '-100'), ('попадёте', '-100'), ('в', '-100'), ('этот', '-100'), ('самый', '-100'), ('в', '-100'), ('алтово', '-100'), ('и', '-100'), ('в', '-100'), ('першуво', 'E')]"
"[('а', '-100'), ('по', '-100'), ('любой', '-100'), ('дороге', '-100'), ('и', '-100'), ('вы', '-100'), ('туда', '-100'), ('пропадёте', 'E')]"
"[('идёте', '-100'), ('сейчас', '-100'), ('не', '-100'), ('знаю', '-100'), ('там', '-100'), ('знаек', 'E'), ('было', '-100'), ('ли', '-100'), ('не', '-100'), ('было', '-100'), ('который', '-100'), ('охота', '-100'), ('запрещена', '-100')]"
"[('вот', '-100'), ('идёт', '-100'), ('в', '-100'), ('лес', '-100'), ('основно', '-100'), ('в', '-100'), ('лмес', 'E'), ('идёт', '-100'), ('идёте', '-100'), ('в', '-100')]"
"[('да-да-да', '-100'), ('в', '-100'), ('алтово', '-100'), ('я', '-100'), ('вам', '-100'), ('рассказзыываю', 'E'), ('вот', '-100'), ('этой', '-100'), ('левой', '-100'), ('дорогой', '-100'), ('как', '-100'), ('бы', '-100'), ('идёте', '-100')]"
"[('проходите', '-100'), ('метров', '-100'), ('наверно', '-100'), ('двести', '-100'), ('делялнянка', 'E'), ('будет', '-100'), ('большая', '-100')]"
"[('выходите', '-100'), ('такое', '-100'), ('урочище', '-100'), ('долгяий', 'E'), ('мост', '-100'), ('называется', '-100'), ('там', '-100'), ('тоже', '-100'), ('так', '-100'), ('перевёрнуто', '-100'), ('должно', '-100'), ('быть', '-100'), ('тоже', '-100'), ('там', '-100'), ('делянка', '-100'), ('трали-вали', '-100'), ('вот', '-100')]"
"[('ну', '-100'), ('это', '-100'), ('как', '-100'), ('только', '-100'), ('перейдёте', '-100'), ('болотину', '-100'), ('сейчас', '-100'), ('не', '-100'), ('знаю', '-100'), ('вода', '-100'), ('есть', '-100'), ('там', '-100'), ('или', '-100'), ('нет', '-100'), ('там', '-100'), ('ручей', '-100'), ('тоже', '-100'), ('ну', '-100'), ('не', '-100'), ('ручей', '-100'), ('такая', '-100'), ('как', '-100'), ('бы', '-100'), ('ну', '-100'), ('канавина', '-100'), ('не', '-100'), ('канавина', '-100'), ('лужина', '-100'), ('не', '-100'), ('лужина', '-100'), ('просто', '-100'), ('болото', '-100'), ('с', '-100'), ('одного', '-100'), ('места', '-100'), ('перетекает', '-100'), ('через', '-100'), ('дорожу', '-100'), ('ваот', 'E')]"
"[('проходите', '-100'), ('вот', '-100'), ('этот', '-100'), ('и', '-100'), ('вот', '-100'), ('развилка', '-100'), ('будет', '-100'), ('на', '-100'), ('пое', 'E'), ('влево', '-100'), ('пойдёт', '-100'), ('к', '-100'), ('реке', '-100'), ('дорога', '-100'), ('как', '-100'), ('бы', '-100'), ('получается', '-100'), ('ну', '-100'), ('тоже', '-100'), ('если', '-100'), ('краем', '-100'), ('реки', '-100'), ('пройти', '-100'), ('то', '-100'), ('тоже', '-100'), ('можно', '-100'), ('выйти', '-100'), ('просто', '-100'), ('здесь', '-100'), ('попрямей', '-100')]"
"[('и', '-100'), ('ещё', '-100'), ('метров', '-100'), ('где-то', '-100'), ('сто', '-100'), ('пятьдесят-двести', '-100'), ('будет', '-100'), ('дорога', '-100'), ('которую', '-100'), ('вот', '-100'), ('если', '-100'), ('вы', '-100'), ('налево', '-100'), ('овернули', 'E'), ('она', '-100'), ('так', '-100'), ('подворачивает', '-100'), ('и', '-100'), ('потом', '-100'), ('подходит', '-100'), ('к', '-100'), ('этой', '-100'), ('дороге', '-100'), ('там', '-100'), ('соединение', '-100'), ('дорог', '-100'), ('получается', '-100')]"
"[('это', '-100'), ('проходите', '-100'), ('там', '-100'), ('леска', '-100'), ('буквально', '-100'), ('метров', '-100'), ('наверно', '-100'), ('сто', '-100'), ('выходите', '-100'), ('н', 'E'), ('поле', '-100')]"
"[('дорога', '-100'), ('пошла', '-100'), ('чуть', '-100'), ('в', '-100'), ('горочку', '-100'), ('вам', '-100'), ('прямо', '-100'), ('идти', '-100'), ('надо', '-100'), ('вот', '-100'), ('в', '-100'), ('горочку', '-100'), ('как', '-100'), ('подымаетесь', '-100'), ('вот', '-100'), ('так', '-100'), ('в', '-100'), ('горочку', '-100'), ('направо', '-100'), ('будетб', 'E'), ('резко', '-100'), ('под', '-100'), ('девяносто', '-100'), ('градусов', '-100'), ('уходить', '-100'), ('дорога', '-100'), ('это', '-100'), ('на', '-100'), ('алтово', '-100'), ('сто', '-100'), ('процентов', '-100'), ('пойдёт', '-100')]"
"[('э-э-э', '-100'), ('перевалите', '-100'), ('эту', '-100'), ('горочку', '-100'), ('вот', '-100'), ('прямо', '-100'), ('пуршево', '-100'), ('как', '-100'), ('раз', '-100'), ('перед', '-100'), ('вами', '-100'), ('будет', '-100'), ('от', 'E')]"
"[('да-да-да', '-100'), ('от', 'E'), ('в', '-100'), ('пуршево', '-100'), ('попадёте', '-100'), ('когда', '-100'), ('канатный', '-100'), ('у', '-100'), ('нас', '-100'), ('такой', '-100'), ('же', '-100'), ('вот', '-100'), ('в', '-100'), ('опочке', '-100'), ('канатный', '-100')]"
"[('в', '-100'), ('пуршево', '-100'), ('да', '-100'), ('сколько', '-100'), ('я', '-100'), ('помню', '-100'), ('сколько', '-100'), ('я', '-100'), ('живу', '-100'), ('он', '-100'), ('иесть', 'E')]"
"[('вот', '-100'), ('попадаете', '-100'), ('в', '-100'), ('пуршево', '-100'), ('это', '-100'), ('и', '-100'), ('в', '-100'), ('алтово', '-100'), ('там', '-100'), ('если', '-100'), ('пердйеёте', 'E'), ('дачи', '-100'), ('ну', '-100'), ('там', '-100'), ('дачники', '-100'), ('основном', '-100')]"
"[('нет', '-100'), ('через', '-100'), ('пуршево', '-100'), ('через', '-100'), ('речку', '-100'), ('там', '-100'), ('дачьи', 'E')]"
"[('она', '-100'), ('как', '-100'), ('бы', '-100'), ('раньше', '-100'), ('ж', '-100'), ('моста', '-100'), ('не', '-100'), ('было', '-100'), ('в', '-100'), ('барабанах', '-100'), ('вот', '-100'), ('мост', '-100'), ('был', '-100'), ('в', '-100'), ('опочке', '-100'), ('единственный', '-100'), ('и', '-100'), ('вот', '-100'), ('по', '-100'), ('этой', '-100'), ('екатерининской', '-100'), ('дороге', '-100'), ('она', '-100'), ('идъёт', 'E'), ('по', '-100'), ('таким', '-100'), ('по', '-100'), ('возвышенностям', '-100'), ('интересные', '-100'), ('тоже', '-100'), ('места', '-100'), ('вот', '-100')]"
"[('захново', '-100'), ('это', '-100'), ('где', '-100'), ('глазаново', '-100'), ('это', '-100'), ('где', '-100'), ('глазановский', '-100'), ('карьер', '-100'), ('горка', '-100'), ('глазановская', '-100'), ('там', '-100'), ('поворачиваттьь', 'E'), ('налево', '-100')]"
"[('вот', '-100'), ('там', '-100'), ('за', '-100'), ('захново', '-100'), ('туда', '-100'), ('больше', '-100'), ('там', '-100'), ('этэити', 'E'), ('мелиоративные', '-100'), ('каналы', '-100'), ('торфопредприятие', '-100')]"
"[('аккая', 'E'), ('глухово', '-100')]"
"[('а', '-100'), ('галуха', '-100'), ('что', '-100'), ('пда', 'E'), ('в', '-100'), ('галухе', '-100'), ('живут', '-100'), ('там', '-100'), ('брюшково', '-100'), ('наверно', '-100'), ('уже', '-100'), ('деревни', '-100'), ('нету', '-100'), ('как', '-100'), ('таковой', '-100'), ('а', '-100'), ('галуха', '-100'), ('живая', '-100'), ('деревня', '-100')]"
"[('там', '-100'), ('гауха', 'E'), ('потом', '-100'), ('ляпуны', '-100'), ('роги', '-100')]"
"[('там', '-100'), ('пикали', '-100'), ('юхново', '-100'), ('туда', '-100'), ('напавлением', 'E'), ('то', '-100')]"
"[('тёам', 'E'), ('раньше', '-100'), ('батька', '-100'), ('работал', '-100'), ('в', '-100'), ('этом', '-100'), ('самом', '-100'), ('под', '-100'), ('ляпунами', '-100'), ('был', '-100'), ('комплекс', '-100'), ('от', '-100'), ('этого', '-100'), ('совхоза', '-100'), ('глубоковский', '-100'), ('вот', '-100'), ('и', '-100'), ('были', '-100'), ('на', '-100'), ('откорм', '-100'), ('бычки', '-100')]"
"[('эту', '-100'), ('барду', '-100'), ('в', '-100'), ('больших', '-100'), ('бочках', '-100'), ('на', '-100'), ('тэ', '-100'), ('сто', '-100'), ('пятьдесят', '-100'), ('он', '-100'), ('возил', '-100'), ('и', '-100'), ('была', '-100'), ('накопительная', '-100'), ('ёмкость', '-100'), ('такая', '-100'), ('охн', 'E'), ('завозили', '-100'), ('потом', '-100'), ('оттуда', '-100'), ('откачивали', '-100'), ('и', '-100'), ('возили', '-100'), ('тоже', '-100'), ('там', '-100'), ('в', '-100'), ('этот', '-100'), ('в', '-100'), ('есенники', '-100'), ('в', '-100'), ('глубокое', '-100'), ('и', '-100'), ('тыды', '-100'), ('и', '-100'), ('тыпы', '-100'), ('дофига', '-100'), ('чего', '-100'), ('где', '-100'), ('вот', '-100'), ('я', '-100'), ('с', '-100'), ('ним', '-100'), ('покатался', '-100'), ('тоже', '-100'), ('много', '-100')]"
"[('нет', '-100'), ('мелкое', '-100'), ('я', '-100'), ('етам', 'E'), ('особо', '-100'), ('не', '-100'), ('был', '-100'), ('а', '-100'), ('в', '-100'), ('галухе', '-100'), ('есть', '-100'), ('кстати', '-100'), ('пруд', '-100'), ('такой', '-100'), ('я', '-100'), ('раньше', '-100'), ('раньше', '-100'), ('карасей', '-100'), ('ловил', '-100'), ('ну', '-100'), ('не', '-100'), ('знаю', '-100'), ('сейчас', '-100'), ('наверно', '-100'), ('смельчали', '-100'), ('и', '-100'), ('есть', '-100'), ('ли', '-100'), ('они', '-100'), ('там', '-100'), ('караси', '-100')]"
"[('тм', 'E'), ('ещё', '-100'), ('участок', '-100'), ('ну', '-100'), ('там', '-100'), ('клин', '-100'), ('такой', '-100'), ('небольшой', '-100'), ('всё', '-100'), ('ж', '-100'), ('в', '-100'), ('аренду', '-100'), ('разобрали', '-100'), ('сейчас', '-100'), ('всё', '-100'), ('тяжко', '-100'), ('лес', '-100'), ('в', '-100'), ('аренде', '-100'), ('охотхозяйство', '-100'), ('в', '-100'), ('аренде', '-100'), ('скоро', '-100'), ('может', '-100'), ('будет', '-100'), ('речка', '-100'), ('кусками', '-100'), ('в', '-100'), ('аренде', '-100'), ('ещё', '-100'), ('что', '-100'), ('к', '-100'), ('чему', '-100'), ('придём', '-100'), ('я', '-100'), ('не', '-100'), ('знаю', '-100')]"
"[('не', '-100'), ('здесь', '-100'), ('наверно', '-100'), ('нет', '-100'), ('у', '-100'), ('меня', '-100'), ('наверно', '-100'), ('с', '-100'), ('собой', '-100'), ('забранйо', 'E'), ('книга', '-100'), ('там', '-100')]"
"[('ну', '-100'), ('да', '-100'), ('там', '-100'), ('инсульт', '-100'), ('это', '-100'), ('всё', '-100'), ('сильно', '-100'), ('переживал', '-100'), ('вот', '-100'), ('он', '-100'), ('преподавал', '-100'), ('ещё', '-100'), ('в', '-100'), ('институте', '-100'), ('в', '-100'), ('общем', '-100'), ('дош', 'E'), ('гроба', '-100')]"
"[('это', '-100'), ('ж', '-100'), ('раньшеп', 'E'), ('было', '-100'), ('министерство', '-100'), ('отдельное', '-100'), ('а', '-100'), ('тут', '-100'), ('всё', '-100'), ('скучили', '-100')]"
"[('и', '-100'), ('рыбу', '-100'), ('и', '-100'), ('лес', '-100'), ('и', '-100'), ('и', '-100'), ('грибы', '-100'), ('всё', '-100'), ('подуряд', 'E'), ('ну', '-100'), ('это', '-100'), ('ж', '-100'), ('разве', '-100'), ('такое', '-100'), ('можно', '-100')]"
"[('а', '-100'), ('я', '-100'), ('думаю', '-100'), ('и', '-100'), ('к', '-100'), ('этому', '-100'), ('и', '-100'), ('правильно', '-100'), ('потому', '-100'), ('что', '-100'), ('слишком', '-100'), ('уж', '-100'), ('расхозяйничались', '-100'), ('народ', '-100'), ('ен', 'E'), ('знает', '-100'), ('ни', '-100'), ('землю', '-100'), ('ухаживать', '-100'), ('ничего', '-100')]"
"[('ценится', '-100'), ('только', '-100'), ('золотой', '-100'), ('телец', '-100'), ('да', '-100'), ('шмотки', '-100'), ('всё', '-100'), ('ой', '-100'), ('а', '-100'), ('я', '-100'), ('для', '-100'), ('меня', '-100'), ('пока', '-100'), ('вещь', '-100'), ('не', '-100'), ('превратилась', '-100'), ('в', '-100'), ('дуршлаг', '-100'), ('она', '-100'), ('ещё', '-100'), ('для', '-100'), ('меня', '-100'), ('нормальная', '-100'), ('от', 'E'), ('что', '-100'), ('её', '-100'), ('можно', '-100'), ('одеть', '-100'), ('а', '-100'), ('смысл', '-100'), ('там', '-100'), ('что', '-100'), ('но', '-100'), ('всех', '-100'), ('встречают', '-100'), ('сейчас', '-100'), ('по', '-100'), ('одёжке', '-100'), ('ещё', '-100'), ('что', '-100')]"
"[('ну', '-100'), ('я', '-100'), ('особо', '-100'), ('там', '-100'), ('не', '-100'), ('лезу', '-100'), ('ну', '-100'), ('говорят', '-100'), ('говорили', '-100'), ('что', '-100'), ('про', '-100'), ('него', '-100'), ('такой', '-100'), ('хвот', 'E'), ('вот', '-100'), ('мишка', '-100'), ('николаев', '-100'), ('там', '-100')]"
"[('приехал', '-100'), ('то', '-100'), ('ил', 'E'), ('с', 'D'), ('воркуты', '-100'), ('они', '-100'), ('приехали', '-100'), ('девки', '-100'), ('сидят', '-100'), ('наверно', '-100'), ('с', 'D'), ('воркуты', '-100'), ('да', '-100')]"
"[('раньшие', 'E'), ('пацаны', '-100'), ('были', '-100'), ('вот', '-100'), ('сашка', '-100'), ('там', '-100'), ('ещё', '-100'), ('там', '-100'), ('святотецкие', '-100'), ('пацаны', '-100'), ('были', '-100'), ('здесь', '-100'), ('олег', '-100'), ('ванька', '-100'), ('вот', '-100'), ('толька', '-100'), ('как', '-100'), ('бы', '-100'), ('старший', '-100'), ('вот', '-100')]"
"[('это', '-100'), ('самое', '-100'), ('там', '-100'), ('вот', '-100'), ('в', '-100'), ('коне', 'E'), ('деревни', '-100'), ('где', '-100'), ('вот', '-100'), ('будете', '-100'), ('там', '-100'), ('мосту', '-100'), ('трубу', '-100'), ('переходить', '-100'), ('вот', '-100'), ('за', '-100'), ('мишкой', '-100'), ('там', '-100'), ('был', '-100'), ('полянка', '-100'), ('такая', '-100'), ('небольшая', '-100')]"
"[('вот', '-100'), ('вообще', '-100'), ('жизнь-то', '-100'), ('с', '-100'), ('какого', '-100'), ('семьдесят', '-100'), ('шестого', '-100'), ('или', '-100'), ('семьдесят', '-100'), ('восьмого', '-100'), ('когда', '-100'), ('училище', '-100'), ('здесь', '-100'), ('было', '-100'), ('зенитно-ракетное', '-100'), ('вот', '-100'), ('нынче', '-100'), ('ему', '-100'), ('скольо', 'E'), ('пятьдесят', '-100'), ('лет', '-100'), ('будет', '-100'), ('или', '-100'), ('сколько-то', '-100')]"
"[('а', '-100'), ('совсем', '-100'), ('туда', '-100'), ('в', '-100'), ('этог', 'E'), ('самое', '-100'), ('ну', '-100'), ('он', '-100'), ('как', '-100'), ('бы', '-100'), ('тоже', '-100'), ('он', '-100'), ('как', '-100'), ('вышел', '-100'), ('бывший', '-100'), ('военный', '-100'), ('вася', '-100'), ('наверно', '-100')]"
"[('его', '-100'), ('в', '-100'), ('семьдесят', '-100'), ('каком-то', '-100'), ('году', '-100'), ('перевели', '-100'), ('в', '-100'), ('днепропетровск', '-100'), ('до', '-100'), ('этого', '-100'), ('он', '-100'), ('был', '-100'), ('в', '-100'), ('алуксщне', 'E')]"
"[('мало', '-100'), ('того', '-100'), ('который', '-100'), ('корпус', '-100'), ('вот', '-100'), ('этого', '-100'), ('училища', '-100'), ('буквально', '-100'), ('наверно', '-100'), ('лет', '-100'), ('десять', '-100'), ('назад', '-100'), ('навернжо', 'E'), ('получается', '-100'), ('может', '-100'), ('поменьше', '-100'), ('разобрали', '-100')]"
"[('а', '-100'), ('здесь', '-100'), ('же', '-100'), ('когда', '-100'), ('было', '-100'), ('училище', '-100'), ('вот', '-100'), ('это', '-100'), ('военное', '-100'), ('здесь', '-100'), ('жизнь', '-100'), ('кипела', '-100'), ('педучилище', '-100'), ('ещё', '-100'), ('было', '-100'), ('девчонок', '-100'), ('был', '-100'), ('конкурс', '-100'), ('сюда', '-100'), ('мама', '-100'), ('не', '-100'), ('горюй', '-100'), ('чтобы', '-100'), ('военные', '-100'), ('девчонки', '-100'), ('тут', '-100'), ('это', '-100'), ('всё', '-100'), ('бло', 'E'), ('ух', '-100')]"
"[('ну', '-100'), ('говорят', '-100'), ('ддоо', 'E'), ('революции', '-100'), ('сто', '-100'), ('восемьдесят', '-100'), ('тысяч', '-100'), ('опочецкий', '-100'), ('район', '-100'), ('был', '-100')]"
"[('я', '-100'), ('думаю', '-100'), ('может', '-100'), ('и', '-100'), ('нету', '-100'), ('я', '-100'), ('думаю', '-100'), ('тысяч', '-100'), ('восемнадцать', '-100'), ('вйо', 'E'), ('всём', '-100'), ('районе', '-100')]"
"[('ну', '-100'), ('а', '-100'), ('остальные', '-100'), ('все', '-100'), ('приезжие', '-100'), ('это', '-100'), ('двадцать', '-100'), ('пять', '-100'), ('чловек', 'E'), ('может', '-100'), ('как', '-100'), ('ну', '-100'), ('ну', '-100'), ('это', '-100'), ('по', '-100'), ('прописке', '-100'), ('скорее', '-100'), ('всего', '-100')]"
"[('некоторые', '-100'), ('и', '-100'), ('зимой', '-100'), ('ещё', '-100'), ('здесь', '-100'), ('как', '-100'), ('бы', '-100'), ('подъезживают', '-100'), ('вот', '-100'), ('дорога', '-100'), ('чистится', '-100'), ('здесь', '-100'), ('нормально', '-100'), ('как', '-100'), ('бы', '-100'), ('но', '-100'), ('единствченное', 'E'), ('что', '-100'), ('отсюда', '-100'), ('никакого', '-100'), ('ни', '-100'), ('автобусного', '-100'), ('сообщения', '-100'), ('ничего', '-100'), ('но', '-100'), ('автолавка', '-100'), ('три', '-100'), ('раза', '-100'), ('в', '-100'), ('неделю', '-100'), ('приходит', '-100')]"
"[('мелкого', '-100'), ('зашлёшь', '-100'), ('бгает', 'E'), ('если', '-100'), ('бывает', '-100'), ('что-то', '-100'), ('здесь', '-100'), ('ну', '-100'), ('основном', '-100'), ('приехали', '-100'), ('вечером', '-100'), ('всё', '-100'), ('ж', '-100'), ('работа', '-100'), ('в', '-100'), ('городе', '-100')]"
"[('такого', '-100'), ('чтоб', '-100'), ('сприехать', 'E'), ('здесь', '-100'), ('отдохнуть', '-100'), ('там', '-100'), ('на', '-100'), ('этом', '-100'), ('самом', '-100'), ('нет', '-100'), ('приехал', '-100'), ('отбатрачил', '-100'), ('уехал', '-100'), ('приехал', '-100'), ('отбатрачил', '-100'), ('уехал', '-100'), ('поэтому', '-100'), ('деревня', '-100'), ('здесь', '-100'), ('ассоциируется', '-100'), ('нифига', '-100'), ('не', '-100'), ('с', '-100'), ('зоной', '-100'), ('отдыха', '-100'), ('а', '-100'), ('здесь', '-100'), ('вот', '-100'), ('именно', '-100'), ('с', '-100'), ('работой', '-100'), ('с', '-100'), ('работой', '-100'), ('с', '-100'), ('работой', '-100')]"
"[('вот', '-100'), ('опять', '-100'), ('же', '-100'), ('картошку', '-100'), ('надо', '-100'), ('посадить', '-100'), ('потом', '-100'), ('выполоть', '-100'), ('потом', '-100'), ('окучить', '-100'), ('потом', '-100'), ('опять', '-100'), ('её', '-100'), ('окучить', '-100'), ('потом', '-100'), ('опять', '-100'), ('выполоть', '-100'), ('потом', '-100'), ('выкопать', '-100'), ('потом', '-100'), ('сохранить', '-100'), ('сортировать', '-100'), ('то', '-100'), ('есть', '-100'), ('это', '-100'), ('вот', '-100'), ('только', '-100'), ('с', '-100'), ('одной', '-100'), ('картошкой', '-100'), ('а', '-100'), ('ещё', '-100'), ('там', '-100'), ('что-то', '-100'), ('еощё', 'E'), ('посажено', '-100'), ('там', '-100'), ('у', '-100'), ('ольги', '-100'), ('огурцы', '-100'), ('помидоры', '-100'), ('в', '-100'), ('теплице', '-100'), ('у', '-100'), ('ольги', '-100'), ('там', '-100'), ('посажено', '-100'), ('вот', '-100')]"
"[('вот', '-100'), ('подновить', '-100'), ('грубо', '-100'), ('говоря', '-100'), ('вот', '-100'), ('дом', '-100'), ('тое', 'E'), ('на', '-100'), ('ладан', '-100'), ('дышит', '-100'), ('а', '-100'), ('сдругой', '-100'), ('стороны', '-100'), ('я', '-100'), ('не', '-100'), ('хочу', '-100'), ('его', '-100'), ('ничего', '-100'), ('делать', '-100'), ('руки', '-100'), ('обивать', '-100')]"
"[('чтобф', 'E'), ('его', '-100'), ('привести', '-100'), ('в', '-100'), ('чувство', '-100'), ('это', '-100'), ('надо', '-100'), ('громадные', '-100'), ('средства', '-100'), ('а', '-100'), ('у', '-100'), ('меня', '-100'), ('другие', '-100'), ('задачи', '-100'), ('ещё', '-100')]"
"[('как', '-100'), ('бы', '-100'), ('лучше', '-100'), ('в', '-100'), ('городе', '-100'), ('жильё', '-100'), ('подновить', '-100'), ('а', '-100'), ('дэто', 'E'), ('уже', '-100'), ('как', '-100'), ('есть', '-100'), ('так', '-100'), ('есть', '-100'), ('главное', '-100'), ('чтобы', '-100'), ('крыша', '-100'), ('особо', '-100'), ('не', '-100'), ('протекала', '-100')]"
"[('не', '-100'), ('оно', '-100'), ('вот', '-100'), ('здесь-то', '-100'), ('здесь-то', '-100'), ('более-менее', '-100'), ('вот', '-100'), ('там', '-100'), ('вот', '-100'), ('шифер', '-100'), ('надо', '-100'), ('поменять', '-100'), ('или', '-100'), ('или', '-100'), ('ещё', '-100'), ('что-то', '-100'), ('сделать', '-100'), ('трубу', '-100'), ('клали', '-100'), ('вот', '-100'), ('подавили', '-100'), ('и', '-100'), ('там', '-100'), ('начало', '-100'), ('протееккать', 'E'), ('и', '-100'), ('там', '-100'), ('сейчас', '-100'), ('нездорово', '-100'), ('там', '-100'), ('раньше', '-100'), ('кухня', '-100'), ('была', '-100'), ('нормально', '-100'), ('сделан', '-100'), ('у', '-100'), ('родителей', '-100'), ('хорошая', '-100'), ('кухня', '-100'), ('печка', '-100'), ('топилась', '-100'), ('но', '-100')]"
"[('да', '-100'), ('бревно', '-100'), ('но', '-100'), ('здесь', '-100'), ('тож', 'E'), ('бревно', '-100'), ('здесь', '-100'), ('и', '-100'), ('бумага', '-100'), ('и', '-100'), ('там', '-100'), ('в', '-100'), ('пазы', '-100'), ('какие-то', '-100'), ('там', '-100'), ('колючая', '-100'), ('проволока', '-100'), ('напиханы', '-100'), ('что', '-100'), ('только', '-100'), ('не', '-100'), ('делают', '-100'), ('в', '-100'), ('общем', '-100'), ('в', '-100'), ('общем', '-100')]"
"[('вот', '-100'), ('так', '-100'), ('вот', '-100'), ('вроде', '-100'), ('бы', '-100'), ('начали', '-100'), ('жить', '-100'), ('тут', '-100'), ('логично', '-100'), ('было', '-100'), ('бы', '-100'), ('вывернувшись', '-100'), ('проездил', '-100'), ('сейчас', '-100'), ('нормально', '-100'), ('стало', '-100'), ('печка', '-100'), ('тоже', '-100'), ('пришлау', 'E'), ('в', '-100'), ('негодность', '-100'), ('там', '-100')]"
"[('красить', '-100'), ('никак', '-100'), ('не', '-100'), ('получится', '-100'), ('говорю', '-100'), ('надо', '-100'), ('её', '-100'), ('штукатурить', '-100'), ('вот', '-100'), ('взял', '-100'), ('жестину', '-100'), ('скребком', '-100'), ('всё', '-100'), ('отодрал', '-100'), ('штукатудрку', 'E')]"
"[('детство', '-100'), ('вё', 'E'), ('на', '-100'), ('речке', '-100'), ('прошло', '-100'), ('в', '-100'), ('этой', '-100'), ('речке', '-100'), ('я', '-100'), ('даже', '-100'), ('по', '-100'), ('детству', '-100'), ('тонул', '-100')]"
"[('от', '-100'), ('этого', '-100'), ('самого', '-100'), ('грядки', '-100'), ('раньше', '-100'), ('было', '-100'), ('дяве', 'E'), ('гряды', '-100'), ('длинные', '-100'), ('вот', '-100'), ('во', '-100'), ('всю', '-100'), ('и', '-100'), ('огурцы', '-100'), ('продавали', '-100')]"
"[('а', '-100'), ('ве', 'E'), ('хотят', '-100'), ('же', '-100'), ('первых', '-100'), ('огурцов', '-100'), ('а', '-100'), ('они', '-100'), ('ж', '-100'), ('дорогие', '-100'), ('как', '-100'), ('первая', '-100'), ('картошка', '-100'), ('как', '-100'), ('первые', '-100'), ('овощи', '-100'), ('это', '-100'), ('сейчас', '-100'), ('всё', '-100'), ('круглый', '-100'), ('год', '-100'), ('продаётся', '-100')]"
"[('извините', '-100'), ('ни', '-100'), ('плюнуть', '-100'), ('ниэ', 'E'), ('пёрнуть', '-100'), ('будет', '-100'), ('просто', '-100'), ('вот', '-100'), ('так', '-100'), ('будет', '-100')]"
"[('да', '-100'), ('да-да', '-100'), ('эттуу', 'E'), ('картошку', '-100'), ('мне', '-100'), ('вот', '-100'), ('соседка', '-100'), ('подогнала', '-100'), ('а', '-100'), ('вот', '-100'), ('так', '-100'), ('что', '-100'), ('вот', '-100')]"
"[('да', '-100'), ('красноармейская', '-100'), ('тридцат', 'E'), ('три', '-100')]"
"[('больше', '-100'), ('здесь', '-100'), ('интернет', '-100'), ('нигде', '-100'), ('только', '-100'), ('в', '-100'), ('городе', '-100'), ('и', '-100'), ('аже', 'E'), ('вот', '-100'), ('до', '-100'), ('святотца', '-100'), ('дойдёте', '-100'), ('там', '-100'), ('нет', '-100'), ('интернета', '-100')]"
"[('телефона', '-100'), ('там', '-100'), ('у', '-100'), ('меня', '-100'), ('просто', '-100'), ('карты', '-100'), ('я', '-100'), ('бы', '-100'), ('покзал', 'E'), ('бы', '-100'), ('где', '-100'), ('что', '-100')]"
"[('красноармейская', '-100'), ('тридцать', '-100'), ('три', '-100'), ('это', '-100'), ('всё', '-100'), ('очень', '-100'), ('лего', 'E'), ('запомнить', '-100'), ('и', '-100'), ('очень', '-100'), ('легко', '-100'), ('пройти', '-100')]"
"[('там', '-100'), ('двадцатый', '-100'), ('магазин', '-100'), ('как', '-100'), ('бы', '-100'), ('получается', '-100'), ('да', '-100'), ('вот', '-100'), ('поэтому', '-100'), ('если', '-100'), ('что', '-100'), ('вдруг', '-100'), ('поблизости', '-100'), ('самый', '-100'), ('ближайший', '-100'), ('магазин', '-100'), ('двадцатый', '-100'), ('вот', '-100'), ('там', '-100'), ('вот', '-100'), ('есть', '-100'), ('овот', 'E')]"
"[('проходите', '-100'), ('это', '-100'), ('всё', '-100'), ('там', '-100'), ('начинается', '-100'), ('асфальт', '-100'), ('уже', '-100'), ('вот', '-100'), ('проходите', '-100'), ('всё', '-100'), ('по', '-100'), ('асфальту', '-100'), ('там', '-100'), ('он', '-100'), ('маленько', '-100'), ('идёт', '-100'), ('воль', 'E'), ('военной', '-100'), ('части', '-100')]"
"[('вы', '-100'), ('наерно', 'E'), ('ехали', '-100'), ('обратили', '-100'), ('внимание', '-100'), ('как', '-100'), ('раз', '-100')]"
"[('вы', '-100'), ('вот', '-100'), ('проходите', '-100'), ('эту', '-100'), ('часть', '-100'), ('вот', '-100'), ('эту', '-100'), ('вот', '-100'), ('как', 'E'), ('бы', '-100'), ('часть', '-100'), ('получается', '-100'), ('по', '-100'), ('правой', '-100'), ('стороне', '-100'), ('у', '-100'), ('вас', '-100'), ('будет', '-100'), ('такой', '-100'), ('часть', '-100'), ('заканчивается', '-100'), ('грубо', '-100'), ('говоря', '-100'), ('остатки', '-100'), ('забора', '-100'), ('кирпичного', '-100'), ('там', '-100'), ('вот', '-100'), ('по', '-100'), ('правую', '-100'), ('сторону', '-100'), ('такая', '-100'), ('как', '-100'), ('бы', '-100'), ('получается', '-100'), ('полянка', '-100'), ('не', '-100'), ('полянка', '-100'), ('такая', '-100'), ('вот', '-100'), ('и', '-100'), ('трансформаторная', '-100'), ('будка', '-100')]"
"[('трансформаторная', '-100'), ('будка', '-100'), ('с', '-100'), ('синими', '-100'), ('дверцами', '-100'), ('теперь', '-100'), ('уже', '-100'), ('они', '-100'), ('серебристые', '-100'), ('вт', 'E'), ('это', '-100'), ('улица', '-100'), ('раи', '-100'), ('гавриловой', '-100')]"
"[('арку', '-100'), ('парк', '-100'), ('победы', '-100'), ('будет', '-100'), ('аписано', 'E')]"
"[('инооггда', 'E'), ('он', '-100'), ('бьётся', '-100'), ('по', '-100'), ('картам', '-100'), ('как', '-100'), ('трудовая', '-100'), ('семь', '-100')]"
"[('та-та-та-та-та', '-100'), ('а', '-100'), ('там', '-100'), ('нетус', 'E'), ('больше', '-100'), ('таких', '-100'), ('старичков', '-100')]"
"[('и', '-100'), ('что-то', '-100'), ('о', '-100'), ('чём-то', '-100'), ('они', '-100'), ('там', '-100'), ('разговаривают', '-100'), ('интересном', '-100'), ('пенсионерачм', 'E')]"
"[('о', '-100'), ('из', '-100'), ('она', '-100'), ('из', '-100'), ('анчинок', '-100'), ('вот', '-100'), ('вспомнил', '-100'), ('анчинки', '-100'), ('кнчинксаий', 'E'), ('мост', '-100'), ('анчинкский', '-100'), ('мост', '-100')]"
"[('это', '-100'), ('туда', '-100'), ('макушино', '-100'), ('далеко', '-100'), ('это', '-100'), ('уже', '-100'), ('там', '-100'), ('чуть-чуть', '-100'), ('подальше', '-100'), ('уже', '-100'), ('скоро', '-100'), ('начинаетс', 'E'), ('границы', '-100'), ('латвийские', '-100')]"
"[('вот', '-100'), ('я', '-100'), ('сейчас', '-100'), ('отъеду-подъеду', '-100'), ('али', '-100'), ('может', '-100'), ('не', '-100'), ('я', '-100'), ('съезжу', '-100'), ('посмотортрю', 'E'), ('что', '-100')]"
"[('я', '-100'), ('наверно', '-100'), ('поеду', '-100'), ('в', '-100'), ('город', '-100'), ('может', '-100'), ('быть', '-100'), ('сегоднян', 'E'), ('приедем', '-100'), ('а', '-100'), ('может', '-100'), ('нет', '-100'), ('не', '-100'), ('знаю', '-100'), ('как', '-100'), ('там', '-100'), ('моя', '-100')]"
"[('пвонятно', 'E')]"
"[('это', '-100'), ('типа', '-100'), ('семьдесят', '-100'), ('километов', 'E')]"
"[('а', '-100'), ('семьдесят', '-100'), ('нте', 'E'), ('пятьдесят', '-100')]"
"[('это', '-100'), ('навено', 'E'), ('когда', '-100'), ('умирало', '-100'), ('война', '-100')]"
"[('а', '-100'), ('под', '-100'), ('мадона', '-100'), ('чттоо', 'E'), ('это', '-100'), ('значит', '-100')]"
"[('а', '-100'), ('то', '-100'), ('есть', '-100'), ('до', '-100'), ('сорок', '-100'), ('четвёрвтёртого', 'E'), ('здесь', '-100'), ('в', '-100'), ('оккупации', '-100')]"
"[('а', '-100'), ('я', '-100'), ('вспомнил', '-100'), ('жарки', '-100'), ('эттоо', 'E'), ('там', '-100'), ('рядом', '-100'), ('где', '-100'), ('духова', '-100'), ('гора', '-100'), ('да', '-100')]"
"[('а', '-100'), ('аа', 'E')]"
"[('люся', '-100'), ('отэ', 'E'), ('кто', '-100')]"
"[('опочецкий', '-100'), ('опочюецкий', 'E')]"
"[('а', '-100'), ('может', '-100'), ('мы', '-100'), ('как-нибудь', '-100'), ('дойдём', '-100'), ('о', 'E'), ('опочки', '-100'), ('к', '-100'), ('вам', '-100'), ('в', '-100'), ('гости', '-100'), ('придём', '-100'), ('и', '-100'), ('её', '-100'), ('тоже', '-100'), ('послушаем', '-100')]"
"[('пооятнн', 'E')]"
"[('я', '-100'), ('не', '-100'), ('понял', '-100'), ('вы', '-100'), ('вы', '-100'), ('родились', '-100'), ('в', '-100'), ('опочкеп', 'E'), ('потом', '-100'), ('в', '-100'), ('детстве', '-100'), ('здесь', '-100'), ('жили', '-100')]"
"[('а', '-100'), ('наилог', 'E'), ('вы', '-100'), ('сказали', '-100'), ('деньгами', '-100'), ('а', '-100'), ('вот', '-100'), ('нам', '-100'), ('говорили', '-100'), ('что', '-100'), ('вроде', '-100'), ('просто', '-100'), ('сдавал', '-100'), ('часть', '-100'), ('молока', '-100'), ('часть', '-100'), ('ягод', '-100'), ('часть', '-100'), ('там', '-100'), ('чего', '-100')]"
"[('это', '-100'), ('попозже', '-100'), ('же', 'E'), ('было', '-100')]"
"[('нет', '-100'), ('мы', '-100'), ('пошли', '-100'), ('вот', '-100'), ('оп', 'E'), ('той', '-100'), ('дороге', '-100'), ('вышли', '-100'), ('на', '-100'), ('шоссе', '-100'), ('так', '-100'), ('как-то', '-100'), ('вот', '-100'), ('там', '-100'), ('есть', '-100'), ('дорога', '-100'), ('от', '-100'), ('будки', '-100'), ('да', '-100'), ('телефонной', '-100'), ('от', '-100'), ('телефонной', '-100'), ('будки', '-100'), ('направо', '-100'), ('потом', '-100'), ('значит', '-100'), ('там', '-100'), ('живёт', '-100'), ('бабушка', '-100'), ('из', '-100'), ('мурманска', '-100'), ('и', '-100'), ('иван', '-100'), ('вот', '-100'), ('мимо', '-100'), ('их', '-100'), ('домов', '-100')]"
"[('и', '-100'), ('йвот', 'E'), ('это', '-100'), ('в', '-100'), ('алтово', '-100')]"
"[('ну', '-100'), ('это', '-100'), ('недавно', '-100'), ('вроде', '-100'), ('его', '-100'), ('сделали', '-100'), ('озн', 'E'), ('такой', '-100'), ('новенький', '-100'), ('в', '-100'), ('пуршево', '-100')]"
"[('в', '-100'), ('алтово', '-100'), ('в', '-100'), ('в', '-100'), ('пуршево', '-100'), ('дачнипки', 'E'), ('а', '-100'), ('нет', '-100'), ('в', '-100'), ('пуршево', '-100')]"
"[('и', '-100'), ('захново', '-100'), ('мы', '-100'), ('знаем', '-100'), ('ам', 'E'), ('рядом', '-100'), ('где-то', '-100'), ('есть', '-100')]"
"[('ну', '-100'), ('в', '-100'), ('эот', 'E'), ('лес', '-100'), ('например', '-100'), ('между', '-100'), ('алтово', '-100'), ('и', '-100'), ('кишкино', '-100')]"
"[('речка', '-100'), ('в', '-100'), ('аренде', '-100'), ('у', '-100'), ('частниикков', 'E'), ('каких-то', '-100')]"
"[('а', '-100'), ('почёему', 'E'), ('северные', '-100'), ('получает', '-100'), ('это', '-100'), ('ж', '-100')]"
"[('а', '-100'), ('ад', 'E'), ('мужчина', '-100'), ('который', '-100'), ('вот', '-100'), ('там', '-100'), ('живёт', '-100'), ('василич', '-100'), ('забыл', '-100'), ('имя', '-100')]"
"[('у', '-100'), ('него', '-100'), ('баня', '-100'), ('есть', '-100'), ('волки', '-100'), ('съелеили', 'E'), ('собаку', '-100'), ('которую', '-100'), ('он', '-100'), ('кормил', '-100'), ('забыл', '-100'), ('как', '-100'), ('зовут', '-100'), ('борис', '-100'), ('где', '-100'), ('ань', '-100')]"
"[('а', '-100'), ('сейчсаейчас', 'E'), ('наверно', '-100'), ('в', '-100'), ('опочке', '-100'), ('тысяч', '-100'), ('пятнадцать', '-100'), ('живёт', '-100')]"
"[('вообще', '-100'), ('там', '-100'), ('как-то', '-100'), ('плохо', '-100'), ('написано', '-100'), ('вот', '-100'), ('пишут', '-100'), ('что', '-100'), ('в', '-100'), ('кишкие', 'E'), ('живёт', '-100'), ('двадцать', '-100'), ('пять', '-100'), ('человек', '-100')]"
"[('двадцать', '-100'), ('пять', '-100'), ('что-то', '-100'), ('мноог', 'E'), ('мне', '-100'), ('кажется', '-100'), ('для', '-100'), ('местных', '-100')]"
"[('навхерно', 'E')]"
"[('в', '-100'), ('опочку', '-100'), ('заехать', '-100'), ('к', '-100'), ('вам', '-100'), ('тохгда', 'E'), ('к', '-100'), ('бабушке', '-100'), ('любе', '-100')]"
"[('тогда', '-100'), ('мы', '-100'), ('будем', '-100'), ('в', '-100'), ('опочке', '-100'), ('там', '-100'), ('может', '-100'), ('вам', '-100'), ('позвоним', '-100'), ('или', '-100'), ('заранее', '-100'), ('как-нибудь', '-100'), ('договоримся', '-100'), ('на', '-100'), ('неделе', '-100'), ('как', '-100'), ('лучшфе', 'E'), ('заранее', '-100'), ('или', '-100'), ('можно', '-100'), ('прямо', '-100')]"
"[('запишешь', '-100'), ('куда-нибуъдь', 'E'), ('красноармейская', '-100'), ('тридцать', '-100'), ('три', '-100')]"
"[('ппонятно', 'E')]"
"[('пдонятно', 'E')]"
"[('а', '-100'), ('вот', '-100'), ('сегождня', 'E'), ('мы', '-100'), ('шли', '-100'), ('по', '-100'), ('дороге', '-100'), ('и', '-100'), ('нам', '-100'), ('сказали', '-100'), ('что', '-100'), ('эта', '-100'), ('дорога', '-100'), ('выйдет', '-100'), ('в', '-100'), ('опочку', '-100'), ('в', '-100'), ('заброшенную', '-100'), ('военную', '-100'), ('часть', '-100')]"
"[('понятпнонятно', 'E')]"
"[('понятн', 'E')]"
"[('тут', '-100'), ('в', '-100'), ('кажхдой', 'E'), ('деревне', '-100'), ('был', '-100'), ('разный', '-100'), ('праздники', '-100')]"
"[('а', '-100'), ('там', '-100'), ('был', '-100'), ('илья', '-100'), ('цведеньё', 'E'), ('четвёртого', '-100'), ('декабря', '-100')]"
"[('да', '-100'), ('четвёртого', '-100'), ('декабрбяря', 'E')]"
"[('а', '-100'), ('онч', 'E'), ('чёрненький', '-100'), ('мы', '-100'), ('его', '-100'), ('с', '-100'), ('детства', '-100'), ('так', '-100'), ('и', '-100'), ('прозвали', '-100'), ('цыган-цыган', '-100')]"
"[('это', '-100'), ('птров', 'E'), ('день', '-100'), ('-', '-100'), ('это', '-100'), ('двенадцатого', '-100'), ('июля', '-100')]"
"[('а', '-100'), ('ёэто', 'E'), ('девятник', '-100'), ('-', '-100'), ('это', '-100'), ('туда', '-100'), ('к', '-100'), ('осени', '-100'), ('ближе', '-100'), ('же', '-100'), ('да', '-100')]"
"[('тут', '-100'), ('ярмарка', '-100'), ('быол', 'E'), ('в', '-100'), ('емельянцеве-то', '-100')]"
"[('они', '-100'), ('с', '-100'), ('супругом', '-100'), ('были', '-100'), ('где', '-100'), ('нма', 'E'), ('севере', '-100'), ('да', '-100')]"
"[('он', '-100'), ('еёсь', '-100'), ('привёпзривёз', 'E')]"
"[('водку', '-100'), ('пили', '-100'), ('а', 'E')]"
"[('так', '-100'), ('у', '-100'), ('нас', '-100'), ('дядся', 'E'), ('павлик', '-100'), ('был', '-100'), ('с', '-100'), ('барабан', '-100')]"
"[('а', '-100'), ('стала', '-100'), ('уходть', 'E'), ('-', '-100'), ('вообще', '-100'), ('съехали', '-100'), ('на', '-100'), ('шестьсот', '-100')]"
"[('ну', '-100'), ('понимаете', '-100'), ('зарегистрированы', '-100'), ('а', '-100'), ('они', '-100'), ('в', '-100'), ('москве', '-100'), ('в', '-100'), ('ленинграде', '-100'), ('все', '-100'), ('а', 'E'), ('заработках', '-100')]"
"[('кто', '-100'), ('мать', '-100'), ('кто', '-100'), ('отец', '-100'), ('оставши', '-100'), ('а', '-100'), ('тк', 'E')]"
"[('оноана', 'E'), ('списана', '-100'), ('в', '-100'), ('шестьдесят', '-100'), ('четвёртом', '-100'), ('году', '-100'), ('её', '-100'), ('списали', '-100')]"
"[('только', '-100'), ('фундаымент', 'E'), ('там', '-100'), ('остался', '-100'), ('вот', '-100'), ('кирпичный', '-100'), ('ой', '-100'), ('каменный', '-100'), ('такой', '-100'), ('высокий', '-100'), ('большой', '-100')]"
"[('емельянцее', 'E')]"
"[('в', '-100'), ('емельяонцево', 'E')]"
"[('это', '-100'), ('потом', '-100'), ('когюда', 'E'), ('сказали', '-100'), ('это', '-100'), ('продавали', '-100'), ('как-то', '-100'), ('меняли', '-100'), ('на', '-100'), ('это', '-100'), ('денежки', '-100')]"
"[('ой', '-100'), ('не', '-100'), ('буду', '-100'), ('говорить', '-100'), ('умаю', 'E'), ('что', '-100'), ('да', '-100')]"
"[('там', '-100'), ('каких-то', '-100'), ('вот', '-100'), ('таких', '-100'), ('тридцать', '-100'), ('шестых', '-100'), ('годв', 'E'), ('такие', '-100'), ('были', '-100'), ('думаю', '-100'), ('двадцать', '-100'), ('седьмого', '-100'), ('года', '-100'), ('были', '-100'), ('вот', '-100'), ('эти', '-100'), ('монеты', '-100'), ('вот', '-100'), ('такие', '-100')]"
"[('отэ', 'E'), ('тутношный', '-100')]"
"[('нет', '-100'), ('он', '-100'), ('да', '-100'), ('вообще', '-100'), ('они', '-100'), ('родом', '-100'), ('из', '-100'), ('питера', '-100'), ('потом', '-100'), ('сюда', '-100'), ('веся', 'E'), ('семья', '-100'), ('переехала', '-100'), ('а', '-100'), ('ездят', '-100'), ('они', '-100')]"
"[('так', '-100'), ('ни', '-100'), ('выйдт', 'E')]"
"[('спились', '-100'), ('снаркомаились', 'E')]"
"[('я', '-100'), ('вот', '-100'), ('у', '-100'), ('меня', '-100'), ('муама', 'E'), ('умерла', '-100'), ('я', '-100'), ('долго-долго', '-100'), ('просила', '-100'), ('чтоб', '-100'), ('она', '-100'), ('мне', '-100'), ('приснилась', '-100'), ('но', '-100'), ('не', '-100'), ('приснилась', '-100')]"
"[('а', '-100'), ('так', '-100'), ('видеть', '-100'), ('я', '-100'), ('её', '-100'), ('как', '-100'), ('бы', '-100'), ('во', '-100'), ('сне', '-100'), ('сама', '-100'), ('вот', '-100'), ('не', '-100'), ('видела', '-100'), ('чтоб', '-100'), ('конкретно', '-100'), ('ак', 'E'), ('я', '-100'), ('увидела', '-100'), ('нет', '-100')]"
"[('это', '-100'), ('ужуеже', 'E'), ('серово', '-100')]"
"[('деревень', '-100'), ('было', '-100'), ('кругом', '-100'), ('во', 'E'), ('там', '-100'), ('кожаново', '-100'), ('было', '-100')]"
"[('вот', '-100'), ('эта', '-100'), ('улица', '-100'), ('и', '-100'), ('вот', '-100'), ('ам', 'E'), ('вдоль', '-100'), ('речки', '-100'), ('тая', '-100'), ('улица', '-100'), ('дома', '-100')]"
"[('нет-нет', '-100'), ('тут', '-100'), ('здесь', '-100'), ('только', '-100'), ('нукмерация', 'E'), ('домов', '-100'), ('присвоено', '-100'), ('и', '-100'), ('всё', '-100')]"
"[('двадцать', '-100'), ('епрвый', 'E')]"
"[('нет', '-100'), ('у', '-100'), ('нас', '-100'), ('омов', 'E'), ('нет', '-100')]"
"[('сом', '-100'), ('у', '-100'), ('нас', '-100'), ('туъда', 'E'), ('ниже', '-100'), ('по', '-100'), ('речке', '-100')]"
"[('сом', '-100'), ('-', '-100'), ('этъо', 'E'), ('недавно', '-100'), ('вот', '-100'), ('появился', '-100'), ('вот', '-100')]"
"[('и', '-100'), ('тов', 'E'), ('мой', '-100'), ('сын', '-100'), ('под', '-100'), ('коровкиным', '-100'), ('застрелил', '-100')]"
"[('ннаа', 'E'), ('восемь', '-100'), ('килограмм', '-100'), ('восемь', '-100'), ('семьсот', '-100'), ('вроде', '-100'), ('бы', '-100')]"
"[('ну', '-100'), ('вот', '-100'), ('в', '-100'), ('детстве', '-100'), ('вот', '-100'), ('в', '-100'), ('емельянцеве', '-100'), ('я', '-100'), ('ловила', '-100'), ('ддаа', 'E'), ('и', '-100'), ('тут', '-100'), ('тоже', '-100'), ('ловила', '-100')]"
"[('строгой', '-100'), ('колоъть', 'E')]"
"[('это', '-100'), ('солнце', '-100'), ('вот', '-100'), ('это', '-100'), ('у', '-100'), ('него', '-100'), ('сделно', 'E'), ('из', '-100'), ('щуки', '-100'), ('из', '-100'), ('большой', '-100'), ('двенадцать', '-100'), ('с', '-100'), ('половиной', '-100'), ('килограмм', '-100'), ('или', '-100'), ('двенадцать', '-100'), ('шестьсот', '-100')]"
"[('евоная', '-100'), ('гртамота', 'E'), ('награда', '-100')]"
"[('вижёт', 'E'), ('он', '-100'), ('в', '-100'), ('себеже', '-100')]"
"[('вт', 'E'), ('сом', '-100'), ('думаю', '-100')]"
"[('там', '-100'), ('она', '-100'), ('жила', '-100'), ('вот', '-100'), ('лдом', 'E'), ('сгоревши', '-100')]"
"[('теперь', '-100'), ('оан', 'E'), ('в', '-100'), ('опочке', '-100'), ('живёт', '-100')]"
"[('она', '-100'), ('у', '-100'), ('ней', '-100'), ('были', '-100'), ('камни', '-100'), ('в', '-100'), ('в', '-100'), ('мочевом', '-100'), ('пузыпрузыре', 'E')]"
"[('ршептала', 'E'), ('да', '-100')]"
"[('да-да-да', '-100'), ('вот', '-100'), ('не', '-100'), ('могу', '-100'), ('такого', '-100'), ('она', '-100'), ('ничего', '-100'), ('мы', '-100'), ('н', 'E'), ('слышали', '-100'), ('чтоб', '-100'), ('она', '-100'), ('плохого', '-100'), ('делала', '-100')]"
"[('мамин', '-100'), ('абрат', 'E')]"
"[('ходили', '-100'), ('мы', '-100'), ('в', '-100'), ('лес', '-100'), ('в', '-100'), ('сдвиженье', '-100'), ('это', '-100'), ('какого', '-100'), ('двадцать', '-100'), ('едьмого', 'E'), ('сентября', '-100')]"
"[('да', '-100'), ('или', '-100'), ('двадцать', '-100'), ('восьмого', '-100'), ('ну', '-100'), ('къак-то', 'E'), ('вот', '-100'), ('так', '-100'), ('вот', '-100')]"
"[('брал', '-100'), ('спокойно', '-100'), ('ничео', 'E'), ('не', '-100'), ('кусали', '-100')]"
"[('в', '-100'), ('молодости', '-100'), ('и', '-100'), ('в', '-100'), ('клуб', '-100'), ('приносил', '-100'), ('гиоворили', 'E'), ('девок', '-100'), ('пугал', '-100')]"
"[('этоо', 'E')]"
"[('потом', '-100'), ('он', '-100'), ('с', '-100'), ('чем-то', '-100'), ('помню', '-100'), ('бабуля', '-100'), ('варила', '-100'), ('с', '-100'), ('маслм', 'E'), ('сливочным', '-100')]"
"[('нетб', 'E'), ('нет', '-100'), ('яда', '-100'), ('немного', '-100'), ('вот', '-100'), ('я', '-100'), ('видела', '-100'), ('как', '-100'), ('он', '-100'), ('брал', '-100')]"
"[('брал', '-100'), ('такую', '-100'), ('у', '-100'), ('него', '-100'), ('было', '-100'), ('в', '-100'), ('виде', '-100'), ('блюдце', '-100'), ('такое', '-100'), ('было', '-100'), ('и', '-100'), ('вот', '-100'), ('так', '-100'), ('рот', '-100'), ('раскрывал', '-100'), ('и', '-100'), ('она', '-100'), ('это', '-100'), ('нажимал', '-100'), ('на', '-100'), ('эо', 'E')]"
"[('не-не', '-100'), ('да-да-да', '-100'), ('он', '-100'), ('ему', '-100'), ('нельзя', '-100'), ('было', '-100'), ('бить', '-100'), ('овт', 'E'), ('как', '-100'), ('говорил', '-100'), ('убивать', '-100'), ('их', '-100')]"
"[('мы', '-100'), ('вначале', '-100'), ('в', '-100'), ('емельяньцянцеве', 'E'), ('семьёй', '-100'), ('жили', '-100'), ('а', '-100'), ('потом', '-100'), ('тут', '-100'), ('дед', '-100'), ('с', '-100'), ('бабкой', '-100'), ('здесь', '-100'), ('умерли', '-100'), ('сюда', '-100'), ('мы', '-100'), ('переехали', '-100')]"
"[('ка', 'E'), ('понютино', '-100'), ('было', '-100'), ('раньше', '-100'), ('с', '-100'), ('хутора', '-100')]"
"[('ну', '-100'), ('мы', '-100'), ('нлазываем', 'E'), ('поветь', '-100')]"
"[('ну', '-100'), ('да', '-100'), ('да', '-100'), ('а', '-100'), ('како', 'E'), ('это', '-100'), ('вот', '-100'), ('раньше', '-100'), ('ж', '-100'), ('как', '-100'), ('надо', '-100'), ('в', '-100'), ('сарай', '-100'), ('было', '-100'), ('же', '-100'), ('сено', '-100'), ('возили', '-100'), ('на', '-100'), ('лошадях', '-100'), ('туда', '-100'), ('сразу', '-100'), ('во', '-100'), ('двор', '-100'), ('привозили', '-100'), ('и', '-100'), ('тогда', '-100'), ('в', '-100'), ('сарай', '-100')]"
"[('сперчики', 'E'), ('да', '-100')]"
"[('серово', '-100'), ('дакже', 'E'), ('был', '-100'), ('отдельно', '-100'), ('от', '-100'), ('барабан', '-100')]"
"[('ну', '-100'), ('это', '-100'), ('ещё', '-100'), ('и', '-100'), ('моя', '-100'), ('мама', '-100'), ('тут', '-100'), ('не', '-100'), ('работала', '-100'), ('с', '-100'), ('отцом', '-100'), ('когда', '-100'), ('красное', '-100'), ('серово', '-100'), ('это', '-100'), ('сразу', '-100'), ('после', '-100'), ('войны', '-100'), ('кк-то', 'E'), ('были', '-100')]"
"[('а', '-100'), ('потом', '-100'), ('после', '-100'), ('льна', '-100'), ('вот', '-100'), ('это', '-100'), ('каакк', 'E')]"
"[('важн', 'E'), ('была', '-100')]"
"[('но', '-100'), ('она', '-100'), ('уе', 'E'), ('ткала', '-100'), ('с', '-100'), ('таких', '-100'), ('как', '-100'), ('бы', '-100'), ('сказать', '-100')]"
"[('у', '-100'), ('дедушки', '-100'), ('были', '-100'), ('вот', '-100'), ('я', '-100'), ('поню', 'E'), ('вот', '-100'), ('так', '-100'), ('например', '-100'), ('с', '-100'), ('одной', '-100'), ('комнаты', '-100'), ('и', '-100'), ('на', '-100'), ('всю', '-100'), ('длину', '-100'), ('комнаты', '-100'), ('такая', '-100'), ('было', '-100'), ('у', '-100'), ('них', '-100')]"
"[('к', '-100'), ('дому', '-100'), ('было', '-100'), ('пристроено', '-100'), ('у', '-100'), ('него', '-100'), ('столярная', '-100'), ('такая', '-100'), ('мастерска', 'E'), ('он', '-100'), ('столяр', '-100'), ('и', '-100'), ('вот', '-100'), ('это', '-100'), ('станок', '-100'), ('стоял', '-100'), ('он', '-100'), ('деревянный', '-100')]"
"[('и', '-100'), ('вот', '-100'), ('этим', '-100'), ('нитки', '-100'), ('так', '-100'), ('как-то', '-100'), ('пропускали', '-100'), ('потом', '-100'), ('вот', '-100'), ('так', '-100'), ('на', '-100'), ('себя', '-100'), ('вот', '-100'), ('так', '-100'), ('двигали', '-100'), ('двигавлигали', 'E'), ('ну', '-100'), ('стучали', '-100')]"
"[('и', '-100'), ('чеговот', '-100'), ('это', '-100'), ('пуоловики', 'E'), ('ткали', '-100')]"
"[('нет', '-100'), ('комбайном', '-100'), ('уже', '-100'), ('ну', '-100'), ('выодил', 'E'), ('у', '-100'), ('нас', '-100'), ('молотил', '-100')]"
"[('и', '-100'), ('сразу', '-100'), ('оно', '-100'), ('сушилось', '-100'), ('там', '-100'), ('сушилка', '-100'), ('так', '-100'), ('провеявалось', '-100'), ('эти', '-100'), ('все', '-100'), ('отходы', '-100'), ('готовое', '-100'), ('выходил', 'E')]"
"[('иди', '-100'), ('сгалоши', 'E'), ('снимай', '-100'), ('а', '-100'), ('то', '-100'), ('в', '-100'), ('галошах', '-100'), ('уедешь.', '-100')]"
"[('не-а', '-100'), ('таких', '-100'), ('чтоб', '-100'), ('вот', '-100'), ('сильных', '-100'), ('как', '-100'), ('говоорворится', 'E'), ('ну', '-100'), ('ветра', '-100'), ('большие', '-100'), ('а', '-100'), ('так', '-100'), ('чтобы', '-100'), ('ураган', '-100'), ('как', '-100'), ('вот', '-100')]"
"[('вот', '-100'), ('тма', 'E'), ('в', '-100'), ('себеже', '-100'), ('у', '-100'), ('моих', '-100'), ('детей', '-100'), ('в', '-100'), ('сосновом', '-100'), ('бору', '-100')]"
"[('мне', '-100'), ('уж', '-100'), ('а', '-100'), ('так', '-100'), ('ничего', '-100'), ('такого', '-100'), ('ыне', 'E'), ('было', '-100'), ('тут', '-100')]"
"[('вот', '-100'), ('бутром', 'E'), ('ой', '-100'), ('такое', '-100'), ('было', '-100'), ('деревья', '-100'), ('там', '-100'), ('ломало', '-100'), ('так', '-100'), ('а', '-100'), ('теперь', '-100'), ('вот', '-100'), ('там', '-100'), ('всё', '-100'), ('вырублено', '-100'), ('вот', '-100'), ('может', '-100'), ('вы', '-100'), ('ехали', '-100'), ('как', '-100'), ('со', '-100'), ('стороны', '-100'), ('пскова', '-100'), ('там', '-100')]"
"[('тоже', '-100'), ('в', '-100'), ('ту', '-100'), ('сторону', '-100'), ('где', '-100'), ('тов', 'E'), ('к', '-100'), ('матюшкино', '-100')]"
"[('дня', '-100'), ('через', '-100'), ('два', '-100'), ('можно', '-100'), ('ещё', '-100'), ('ехать', '-100'), ('ещё', '-100'), ('небольшеньки', '-100'), ('таие', 'E')]"
"[('тут', '-100'), ('нет', '-100'), ('вот', '-100'), ('как', '-100'), ('были', '-100'), ('на', '-100'), ('вырубках', '-100'), ('в', '-100'), ('прошлом', '-100'), ('году', '-100'), ('земляника', '-100'), ('у', '-100'), ('меня', '-100'), ('внук', '-100'), ('был', '-100'), ('тут', '-100'), ('привезено', '-100'), ('ну', '-100'), ('ывот', 'E'), ('на', '-100'), ('выходные', '-100'), ('двенадцатого', '-100')]"
"[('ттуут', 'E'), ('был', '-100'), ('пожил', '-100'), ('маленький', '-100')]"
"[('сейчас', '-100'), ('скажу', '-100'), ('семьдесдяесят', 'E'), ('четвёртого', '-100'), ('года', '-100')]"
"[('молодая', '-100'), ('вот', '-100'), ('она', '-100'), ('это', '-100'), ('самое', '-100'), ('вот', '-100'), ('торфопредприятие', '-100'), ('она', '-100'), ('там', '-100'), ('в', '-100'), ('начале', '-100'), ('разрабатывала', '-100'), ('тов', 'E'), ('семьдесят', '-100'), ('да', '-100'), ('семьдесят', '-100'), ('четвёртый', '-100'), ('год', '-100')]"
"[('трим', '-100'), ('был', '-100'), ('как', '-100'), ('был', '-100'), ('петровский', '-100'), ('мох', '-100'), ('большой', '-100'), ('мох', '-100'), ('и', '-100'), ('от', '-100'), ('захново', '-100'), ('вот', '-100'), ('тудак', 'E'), ('там', '-100'), ('болота', '-100'), ('разработки', '-100'), ('вот', '-100'), ('эти', '-100')]"
"[('йещё', 'E'), ('не', '-100'), ('дало', '-100')]"
"[('раньше', '-100'), ('была', '-100'), ('в', '-100'), ('себеже', '-100'), ('этощт', 'E')]"
"[('двенадцать', '-100'), ('с', '-100'), ('половинорй', 'E')]"
"[('ему', '-100'), ('тридцать', '-100'), ('пять', '-100'), ('лте', 'E')]"
"[('ипотеку', '-100'), ('не', '-100'), ('стали', '-100'), ('как', '-100'), ('молодая', '-100'), ('семья', '-100'), ('не', '-100'), ('стали', '-100'), ('трабь', 'E'), ('сказали', '-100'), ('дождут', '-100')]"
"[('ну', '-100'), ('конечно', '-100'), ('ну', '-100'), ('чтъо', 'E'), ('ж', '-100'), ('ипотеку', '-100'), ('государю-то', '-100'), ('переплачивать', '-100')]"
"[('внутри', '-100'), ('гузова', '-100'), ('он', '-100'), ('во', '-100'), ('сколько', '-100'), ('с', '-100'), ('опочки', '-100'), ('он', '-100'), ('выходит', '-100'), ('в', '-100'), ('час', '-100'), ('трицать', 'E'), ('пять', '-100')]"
"[('а', '-100'), ('это', '-100'), ('когда', '-100'), ('вот', '-100'), ('говорит', '-100'), ('боженька', '-100'), ('камушек', '-100'), ('в', '-100'), ('речьку', 'E'), ('кинет', '-100'), ('купаться', '-100'), ('больше', '-100'), ('нельзя', '-100'), ('это', '-100'), ('второго', '-100'), ('августа', '-100'), ('вот', '-100'), ('это', '-100'), ('точно', '-100')]"
"[('ну', '-100'), ('самогон', '-100'), ('равили', 'E')]"
"[('да', '-100'), ('они', '-100'), ('вот', '-100'), ('он', '-100'), ('говорил', '-100'), ('где-то', '-100'), ('там', '-100'), ('они', '-100'), ('в', '-100'), ('кустах', '-100'), ('это', '-100'), ('у', '-100'), ('них', '-100'), ('специально', '-100'), ('это', '-100'), ('на', '-100'), ('деревне', '-100'), ('было', '-100'), ('где-то', '-100'), ('там', '-100'), ('что', 'E'), ('никто', '-100'), ('не', '-100'), ('видел', '-100')]"
"[('на', '-100'), ('похороны', '-100'), ('вот', '-100'), ('я', '-100'), ('сколько', '-100'), ('знаю', '-100'), ('то', '-100'), ('что', '-100'), ('сё', 'E'), ('едят', '-100'), ('обыкновенные', '-100'), ('салаты', '-100'), ('там', '-100'), ('делают', '-100'), ('и', '-100'), ('всё', '-100'), ('только', '-100'), ('что', '-100'), ('вот', '-100'), ('этот', '-100'), ('кисель', '-100'), ('варят', '-100'), ('вот', '-100'), ('это', '-100'), ('овсяный', '-100')]"
"[('потом', '-100'), ('вот', '-100'), ('это', '-100'), ('сцедят', '-100'), ('вот', '-100'), ('всё', '-100'), ('и', '-100'), ('кипятится', '-100'), ('каждый', '-100'), ('раз', '-100'), ('надо', '-100'), ('стоять', '-100'), ('мешать', '-100'), ('чтобы', '-100'), ('не', '-100'), ('подгоело', 'E'), ('это', '-100'), ('всё', '-100')]"
"[('со', '-100'), ('сладкой', '-100'), ('водой', '-100'), ('а', '-100'), ('когдна', 'E'), ('вот', '-100'), ('эти', '-100'), ('старики', '-100'), ('которые', '-100')]"
"[('а', '-100'), ('на', '-100'), ('эти', '-100'), ('во', 'E'), ('кладут', '-100')]"
"[('и', '-100'), ('в', '-100'), ('матюшкине', '-100'), ('теперь', '-100'), ('вовтот', 'E'), ('церква', '-100'), ('стала', '-100')]"
"[('нет', '-100'), ('она', '-100'), ('старая', '-100'), ('оноана', 'E'), ('старинная', '-100'), ('церква', '-100')]"
"[('раньше', '-100'), ('вот', '-100'), ('я', '-100'), ('только', '-100'), ('хотеа', 'E'), ('сказать', '-100'), ('он', '-100'), ('даже', '-100'), ('в', '-100'), ('клуб', '-100'), ('вот', '-100'), ('у', '-100'), ('по', '-100'), ('описи', '-100'), ('он', '-100'), ('числится', '-100'), ('клубом', '-100')]"
"[('и', '-100'), ('вот', '-100'), ('на', '-100'), ('это', '-100'), ('нанимали', '-100'), ('вот', '-100'), ('тэи', 'E'), ('людей', '-100')]"
"[('нет', '-100'), ('это', '-100'), ('илья', '-100'), ('второго', '-100'), ('августа', '-100'), ('пжетров', 'E'), ('день', '-100'), ('двенадцатого', '-100'), ('июля', '-100')]"
"[('ну', '-100'), ('тут', '-100'), ('хоть', '-100'), ('такое', '-100'), ('уже', '-100'), ('выращено', '-100'), ('было', '-100'), ('а', '-100'), ('это', '-100'), ('зимой', '-100'), ('же', '-100'), ('вот', '-100'), ('когда', '-100'), ('эта', '-100'), ('масленица', '-100'), ('ничегоа', 'E'), ('ж', '-100'), ('такого', '-100')]"
"[('э', '-100'), ('овт', 'E')]"
"[('верующая', '-100'), ('вот', '-100'), ('у', '-100'), ('неё', '-100'), ('было', '-100'), ('иблия', 'E')]"
"[('а', '-100'), ('я-то', '-100'), ('небольшая', '-100'), ('была', '-100'), ('может', '-100'), ('мне', '-100'), ('лет', '-100'), ('двеснадцать', 'E'), ('было', '-100')]"
"[('и', '-100'), ('вот', '-100'), ('вот', '-100'), ('оно', '-100'), ('в', '-100'), ('днепропетровскк', 'E'), ('повезла', '-100')]"
"[('пбиблия', 'E'), ('моя', '-100')]"
"[('ну', '-100'), ('баба', '-100'), ('паш', '-100'), ('а', '-100'), ('зачем', '-100'), ('она', '-100'), ('дочуш', '-100'), ('потом', '-100'), ('ты', '-100'), ('пймёшь', 'E'), ('зачем', '-100'), ('она', '-100')]"
"[('и', '-100'), ('она', '-100'), ('была', '-100'), ('вот', '-100'), ('этом', '-100'), ('ннаа', 'E'), ('языке', '-100'), ('как', '-100'), ('нет', '-100')]"
"[('да-да-да-да', '-100'), ('славянском', '-100'), ('на', '-100'), ('славянком', 'E'), ('вот', '-100'), ('этом', '-100'), ('языке', '-100')]"
"[('неетт', 'E'), ('нету', '-100'), ('староверов', '-100')]"
"[('она', '-100'), ('знала', '-100'), ('и', '-100'), ('мне', '-100'), ('вот', '-100'), ('она', '-100'), ('вот', '-100'), ('эту', '-100'), ('я', '-100'), ('взщяла', 'E'), ('но', '-100'), ('я', '-100'), ('отдала', '-100'), ('во', '-100'), ('псков', '-100'), ('в', '-100'), ('музей', '-100'), ('у', '-100'), ('меня', '-100'), ('вот', '-100'), ('это', '-100'), ('скатерть', '-100')]"
"[('она', '-100'), ('сделана', '-100'), ('такая', '-100'), ('как', '-100'), ('вот', '-100'), ('со', '-100'), ('льна', '-100'), ('с', '-100'), ('мотка', '-100'), ('она', '-100'), ('ьтакой', 'E'), ('таким', '-100'), ('паутинкам', '-100'), ('была', '-100')]"
"[('во', '-100'), ('пское', 'E'), ('ну', '-100'), ('вот', '-100'), ('эти', '-100'), ('музеи', '-100'), ('она', '-100'), ('экскурсии', '-100'), ('проводит', '-100')]"
"[('в', '-100'), ('бородах', '-100'), ('вот', '-100'), ('она', '-100'), ('женщина', '-100'), ('она', '-100'), ('сейчас', '-100'), ('тоже', '-100'), ('о', 'E'), ('пскове', '-100'), ('живёт', '-100'), ('её', '-100'), ('тоже', '-100'), ('дети', '-100'), ('туда', '-100'), ('забрали', '-100')]"
"[('отсюда', '-100'), ('да', '-100'), ('получается', '-100'), ('где-то', '-100'), ('двадвцадцать', 'E')]"
"[('там', '-100'), ('два', '-100'), ('вроде', '-100'), ('бы', '-100'), ('ещё', '-100'), ('во', '-100'), ('втором', '-100'), ('доме', '-100'), ('появивше', '-100'), ('вот', '-100'), ('ну', '-100'), ('я', '-100'), ('в', '-100'), ('выборах', '-100'), ('до', '-100'), ('сих', '-100'), ('пор', '-100'), ('участвую', '-100'), ('так', '-100'), ('это', '-100'), ('сааммое', 'E')]"
"[('сказали', '-100'), ('что', '-100'), ('голосоват', 'E'), ('нет', '-100'), ('а', '-100'), ('эти', '-100'), ('с', '-100'), ('питера', '-100')]"
"[('по', '-100'), ('пушкиногорской', '-100'), ('дороге', '-100'), ('вот', '-100'), ('там', '-100'), ('порядино', '-100'), ('коровкицно', 'E'), ('это', '-100'), ('тоже', '-100'), ('восемь', '-100'), ('лишним', '-100'), ('девять', '-100'), ('километров', '-100')]"
"[('а', '-100'), ('вот', '-100'), ('там', '-100'), ('вот', '-100'), ('ильмова', '-100'), ('гора', '-100'), ('порядино', '-100'), ('тоже', '-100'), ('то', 'E'), ('мало', '-100'), ('в', '-100'), ('коровкине', '-100'), ('человек', '-100'), ('наверное', '-100'), ('семь', '-100')]"
"[('где-то', '-100'), ('он', '-100'), ('и', '-100'), ('там', '-100'), ('он', '-100'), ('и', '-100'), ('жилл', 'E'), ('он', '-100'), ('он', '-100'), ('недавно', '-100'), ('сюда', '-100'), ('переехали', '-100'), ('с', '-100'), ('женой', '-100'), ('жена', '-100'), ('теперь', '-100'), ('умерла', '-100')]"
"[('шебуйнот', 'E')]"
"[('я', '-100'), ('нфачальную', 'E'), ('школу', '-100'), ('вот', '-100'), ('в', '-100'), ('емельянцеве', '-100'), ('кончала', '-100')]"
"[('четыре', '-100'), ('класса', '-100'), ('потом', '-100'), ('тов', 'E'), ('в', '-100'), ('опочку', '-100')]"
"[('нет', '-100'), ('нету', '-100'), ('здесь', '-100'), ('нкого', 'E'), ('одноклассников', '-100'), ('кто', '-100'), ('где', '-100')]"
"[('вс', 'E'), ('поразъехавши', '-100'), ('кто', '-100'), ('в', '-100')]"
"[('анетольавна', 'E')]"
"[('конкретно-то', '-100'), ('точно', '-100'), ('это', '-100'), ('моих', '-100'), ('уже', '-100'), ('говор', '-100'), ('такокйой', 'E'), ('я', '-100'), ('не', '-100'), ('знаю', '-100')]"
"[('бросоьсь', 'E'), ('едь', '-100'), ('я', '-100'), ('говорю', '-100'), ('не', '-100')]"
"[('в', '-100'), ('опочке', '-100'), ('ммыы', 'E'), ('учились', '-100')]"
"[('нет', '-100'), ('он', 'E'), ('там', '-100'), ('было', '-100'), ('девять', '-100'), ('классов', '-100')]"
"[('оонн', 'E'), ('же', '-100'), ('вот', '-100'), ('мой', '-100'), ('супруг', '-100'), ('в', '-100'), ('матюшкино', '-100'), ('ходил', '-100'), ('вот', '-100'), ('это', '-100'), ('захново', '-100'), ('они', '-100'), ('там', '-100'), ('где-то', '-100'), ('через', '-100'), ('лес', '-100'), ('как-то', '-100'), ('ну', '-100'), ('там', '-100'), ('дорога', '-100'), ('как', '-100'), ('раньше', '-100'), ('называлась', '-100'), ('катериновка', '-100')]"
"[('вот', '-100'), ('у', '-100'), ('нас', '-100'), ('в', '-100'), ('опочке', '-100'), ('вот', '-100'), ('у', '-100'), ('нас', '-100'), ('емельняцево', 'E'), ('там', '-100'), ('только', '-100'), ('через', '-100'), ('речку', '-100'), ('катерина', '-100')]"
"[('н', 'E'), ('в', '-100'), ('опочке', '-100'), ('тоже', '-100'), ('училась', '-100'), ('в', '-100'), ('педколледже', '-100')]"
"[('в', '-100'), ('начале', '-100'), ('сразу', '-100'), ('предложили', '-100'), ('на', '-100'), ('торфобжрикетном', 'E'), ('поработать', '-100')]"
"[('сельского', '-100'), ('совета', '-100'), ('ддаа', 'E'), ('был', '-100'), ('матюшкинская', '-100'), ('волость', '-100')]"
"[('это', '-100'), ('губернаторы', '-100'), ('мы', '-100'), ('выбирали', '-100'), ('а', '-100'), ('теперь', '-100'), ('будем', '-100'), ('главу', '-100'), ('опочецкого', '-100'), ('района', '-100'), ('девятого', '-100'), ('сентября', '-100'), ('вбирать', 'E')]"
"[('веденьё', '-100'), ('-', '-100'), ('что', '-100'), ('а', 'E'), ('праздник', '-100')]"
"[('пнятно', 'E')]"
"[('понятняотно', 'E')]"
"[('а', '-100'), ('в', '-100'), ('емельянцево', '-100'), ('давно', '-100'), ('та', 'E'), ('никто', '-100'), ('не', '-100'), ('живёт', '-100')]"
"[('в', '-100'), ('емецльянцево', 'E')]"
"[('понняятно', 'E')]"
"[('ну', '-100'), ('разве', '-100'), ('там', '-100'), ('что-нибудь', '-100'), ('написано', '-100'), ('тетрадку', '-100'), ('какую-нибудь', '-100'), ('откпать', 'E')]"
"[('тоожже', 'E'), ('местный', '-100')]"
"[('а', '-100'), ('мама', '-100'), ('ваша', '-100'), ('тоже', '-100'), ('в', '-100'), ('емельяново', '-100'), ('родилась', '-100'), ('в', '-100'), ('емельяенмельянцево', 'E')]"
"[('а', '-100'), ('мры', 'E'), ('в', '-100'), ('серово', '-100'), ('или', '-100'), ('в', '-100'), ('барабанах', '-100')]"
"[('понятндо', 'E'), ('домов', '-100'), ('много', '-100')]"
"[('иевинитз', 'E')]"
"[('справа', '-100'), ('вш', 'E'), ('сын', '-100'), ('да', '-100')]"
"[('сидишшьь', 'E'), ('на', '-100'), ('великой', '-100'), ('а', '-100'), ('потом', '-100'), ('во', '-100'), ('пскове', '-100'), ('тебя', '-100'), ('вылавливают', '-100'), ('на', '-100'), ('льдине', '-100')]"
"[('вы', '-100'), ('знали', '-100'), ('кого-то', '-100'), ('кто', '-100'), ('может', '-100'), ('считал', '-100'), ('себя', '-100'), ('колдуном', '-100'), ('или', '-100'), ('ведьмой', '-100'), ('заговоры', '-100'), ('знюал', 'E')]"
"[('кат', 'E'), ('а', '-100'), ('что', '-100'), ('она', '-100'), ('сделала', '-100'), ('шептала', '-100'), ('что-то', '-100')]"
"[('опнятно', 'E')]"
"[('а', '-100'), ('то', '-100'), ('есть', '-100'), ('она', '-100'), ('полезные', '-100'), ('деал', 'E'), ('делала', '-100')]"
"[('а', '-100'), ('ьзмея', 'E'), ('помиралаили', '-100'), ('дальше', '-100'), ('жила', '-100')]"
"[('поведть', 'E')]"
"[('а', '-100'), ('вот', '-100'), ('тут', '-100'), ('так', '-100'), ('принято', '-100'), ('стить', 'E'), ('с', '-100'), ('этими', '-100'), ('поветями', '-100'), ('да', '-100')]"
"[('эсто', 'E'), ('сорт', '-100')]"
"[('а', '-100'), ('для', '-100'), ('льнна', 'E'), ('прялки', '-100'), ('какие', '-100')]"
"[('то', '-100'), ('есть', '-100'), ('а', '-100'), ('до', '-100'), ('кнмбайоов', 'E'), ('чем', '-100')]"
"[('баббаба', 'E'), ('валя', '-100'), ('с', '-100'), ('вологодчины', '-100'), ('да', '-100')]"
"[('м', '-100'), ('понятно', 'E')]"
"[('понятннятно', 'E')]"
"[('а', '-100'), ('вот', '-100'), ('эо', 'E'), ('сын', '-100'), ('бабы', '-100'), ('вали', '-100'), ('да', '-100')]"
"[('а', '-100'), ('сын', '-100'), ('в', '-100'), ('себеже', '-100'), ('потому', '-100'), ('что', '-100'), ('у', '-100'), ('него', '-100'), ('там', '-100'), ('рабоьта', 'E')]"
"[('а', '-100'), ('чё', '-100'), ('нельзя', '-100'), ('хослодно', 'E')]"
"[('самогон', '-100'), ('так', '-100'), ('лже', 'E'), ('как', '-100'), ('сейчас', '-100')]"
"[('понятныо', 'E')]"
"[('ногам', 'E'), ('вперёд', '-100'), ('головой', '-100'), ('вперёд', '-100'), ('нельзя', '-100')]"
"[('а', '-100'), ('вот', '-100'), ('раньше', '-100'), ('когда', '-100'), ('ну', '-100'), ('нельзя', '-100'), ('было', '-100'), ('церковь', '-100'), ('церкви', '-100'), ('держать', '-100'), ('какие-то', '-100'), ('божестенные', 'E'), ('люди', '-100'), ('были', '-100'), ('здесь', '-100')]"
"[('то', '-100'), ('есть', '-100'), ('в', '-100'), ('советское', '-100'), ('время', '-100'), ('церковь', '-100'), ('в', '-100'), ('опкчое', 'E'), ('нормально', '-100'), ('работала', '-100')]"
"[('посл', 'E'), ('второго', '-100'), ('августа', '-100')]"
"[('пелагея', '-100'), ('га', 'E')]"
"[('понято', 'E')]"
"[('а', '-100'), ('то', '-100'), ('есть', '-100'), ('можно', '-100'), ('проголосовать', '-100'), ('воти', 'E'), ('как', '-100'), ('вот', '-100'), ('вы', '-100'), ('приехали', '-100')]"
"[('а', '-100'), ('мы', '-100'), ('вот', '-100'), ('в', '-100'), ('кжадниково', 'E'), ('остановились', '-100'), ('вроде', '-100'), ('как', '-100'), ('порядино', '-100'), ('через', '-100'), ('реку', '-100')]"
"[('но', '-100'), ('гогвовор', 'E'), ('у', '-100'), ('него', '-100')]"
"[('надежда', '-100'), ('анатольевна', '-100'), ('можно', '-100'), ('мы', '-100'), ('к', '-100'), ('вам', '-100'), ('ещё', '-100'), ('придём', '-100'), ('у', '-100'), ('нас', '-100'), ('просто', '-100'), ('есть', '-100'), ('списки', '-100'), ('слов', '-100'), ('я', '-100'), ('вот', '-100'), ('вижу', '-100'), ('вы', '-100'), ('много', '-100'), ('слов', '-100'), ('знаенте', 'E'), ('хороших', '-100'), ('которых', '-100'), ('мы', '-100'), ('не', '-100'), ('знаем', '-100'), ('у', '-100'), ('нас', '-100'), ('есть', '-100'), ('дома', '-100'), ('списки', '-100'), ('этих', '-100'), ('слов', '-100'), ('мы', '-100'), ('придём', '-100'), ('к', '-100'), ('вам', '-100'), ('ещё', '-100'), ('поговорить', '-100'), ('уточнить', '-100')]"
"[('или', '-100'), ('даже', '-100'), ('может', '-100'), ('быть', '-100'), ('опубликлуем', 'E')]"
"[('ага', '-100'), ('соасибп', 'E')]"
"[('в', '-100'), ('опочке', '-100'), ('под', 'E'), ('школ', '-100'), ('ещё', '-100'), ('много', '-100')]"
"[('оррекционная', 'E'), ('для', '-100')]"
"[('поятно', 'E')]"
"[('ваш', '-100'), ('брат', '-100'), ('тбоже', 'E'), ('в', '-100'), ('опочке', '-100'), ('учился', '-100')]"
"[('и', '-100'), ('вы', '-100'), ('в', '-100'), ('чпооке', 'E'), ('не', '-100'), ('в', '-100'), ('матюшкино', '-100'), ('в', '-100'), ('матюшкино', '-100'), ('только', '-100'), ('начальная', '-100')]"
"[('аггаа', 'E'), ('а', '-100'), ('где', '-100')]"
"[('ак', 'E'), ('поеду', '-100'), ('надя.', '-100')]"
"[('там', '-100'), ('робсание', 'E'), ('ж', '-100'), ('было', '-100')]"
"[('на', '-100'), ('надоя', 'E'), ('ага', '-100')]"
"[('слушай', '-100'), ('йето', '-100'), ('а', '-100'), ('гддее', 'E'), ('вы', '-100'), ('ночуете', '-100'), ('в', '-100'), ('кадникове', '-100')]"
"[('а', '-100'), ('кт', 'E'), ('йон', '-100')]"
"[('вчера', '-100'), ('юстопила', 'E'), ('байню', '-100')]"
"[('вот', '-100'), ('сходила', '-100'), ('в', '-100'), ('байню', '-100'), ('помочила', '-100'), ('платье', '-100'), ('ьаленмко', 'E'), ('покомкала', '-100')]"
"[('и', '-100'), ('тов', 'E'), ('спасибо', '-100'), ('что', '-100'), ('отлежала', '-100'), ('полтора', '-100'), ('часу', '-100')]"
"[('так', '-100'), ('когда', '-100'), ('тихо', '-100'), ('солнце', '-100'), ('а', '-100'), ('сегодня', '-100'), ('ветер', '-100'), ('и', '-100'), ('не', '-100'), ('горад', 'E'), ('тёпло', '-100'), ('на', '-100'), ('вулицы', '-100')]"
"[('а', '-100'), ('вчера', '-100'), ('йето', '-100'), ('и', '-100'), ('дождец', '-100'), ('пройдёт', '-100'), ('и', '-100'), ('холодно', '-100'), ('сегодня', '-100'), ('тожэе', 'E'), ('ветер', '-100')]"
"[('уехалши', '-100'), ('онч', 'E'), ('за', '-100'), ('границу', '-100')]"
"[('там', '-100'), ('его', '-100'), ('дочка', '-100'), ('замуж', '-100'), ('вышедмши', 'E')]"
"[('ребёнок', '-100'), ('жанко', 'E'), ('с', '-100'), ('ребёнком', '-100'), ('сидела', '-100')]"
"[('должен', '-100'), ('подъехать', '-100'), ('ййоон', 'E')]"
"[('на', '-100'), ('месяц', '-100'), ('казал', 'E'), ('до', '-100'), ('июля', '-100'), ('до', '-100'), ('первого', '-100')]"
"[('а', '-100'), ('сегодня', '-100'), ('уже', '-100'), ('двадцать', '-100'), ('петоя', 'E')]"
"[('были', '-100'), ('вы', '-100'), ('в', '-100'), ('кошровкине', 'E')]"
"[('я', '-100'), ('думла', 'E'), ('был', '-100'), ('в', '-100'), ('коровкине', '-100'), ('так', '-100'), ('может', '-100'), ('видишь', '-100')]"
"[('не', '-100'), ('не', '-100'), ('йон', '-100'), ('там', '-100'), ('не', '-100'), ('может', '-100'), ('быть', '-100'), ('н', 'E'), ('в', '-100'), ('своей', '-100'), ('половине', '-100'), ('живёт', '-100'), ('у', '-100'), ('меня', '-100')]"
"[('четвртый', 'E'), ('год', '-100'), ('уже', '-100')]"
"[('он', '-100'), ('не', '-100'), ('може', 'E'), ('в', '-100'), ('коровкине', '-100'), ('купил', '-100'), ('дом', '-100')]"
"[('йетот', '-100'), ('дом', '-100'), ('рассыпал', '-100'), ('теперь', '-100'), ('стоит', '-100'), ('этот', '-100'), ('дом', '-100'), ('под', '-100'), ('небесой', 'E'), ('крышей', '-100')]"
"[('поехал', '-100'), ('в', '-100'), ('нспаиию', 'E'), ('ну', '-100'), ('короче', '-100'), ('тут', '-100'), ('наверно', '-100'), ('так', '-100'), ('и', '-100'), ('бросит', '-100')]"
"[('йон', '-100'), ('думал', '-100'), ('так', '-100'), ('а', '-100'), ('сейчас', '-100'), ('я', '-100'), ('дачу', '-100'), ('купил', '-100'), ('купил', '-100'), ('хорошую', '-100'), ('дачу', '-100'), ('сейчас', '-100'), ('тыыссяч', 'E'), ('отдал', '-100'), ('колодец', '-100'), ('выкопал', '-100'), ('там', '-100'), ('воды', '-100'), ('нет', '-100')]"
"[('йон', '-100'), ('должен', '-100'), ('к', '-100'), ('первому', '-100'), ('июлю', '-100'), ('прехать', 'E')]"
"[('его', '-100'), ('бесы', '-100'), ('гоняют', '-100'), ('в', '-100'), ('коровкино', '-100'), ('три', '-100'), ('раз', '-100'), ('в', '-100'), ('коровкино', '-100'), ('съездиит', 'E'), ('три', '-100'), ('раз', '-100'), ('с', '-100'), ('коровкина', '-100'), ('приедет', '-100')]"
"[('так', '-100'), ('его', '-100'), ('ж', '-100'), ('не', '-100'), ('уедишь', 'E')]"
"[('влот', 'E'), ('уехалши', '-100'), ('полный', '-100'), ('месяц', '-100'), ('там', '-100'), ('в', '-100'), ('испании', '-100')]"
"[('ввоот', 'E'), ('порядино', '-100'), ('пройдёшь', '-100'), ('а', '-100'), ('потом', '-100'), ('будет', '-100'), ('коровкино', '-100')]"
"[('только', '-100'), ('это', '-100'), ('коровкино-то', '-100'), ('с', '-100'), ('шоссе', '-100'), ('и', '-100'), ('не', '-100'), ('видишь', '-100'), ('-', '-100'), ('там', '-100'), ('написан', '-100'), ('коровкино', '-100'), ('и', '-100'), ('сворот', '-100'), ('будт', 'E')]"
"[('и', '-100'), ('там', '-100'), ('аверное', 'E'), ('с', '-100'), ('километр', '-100'), ('надо', '-100'), ('идти', '-100'), ('пешком', '-100')]"
"[('а', '-100'), ('пофтом', 'E'), ('пойдёт', '-100'), ('та', '-100'), ('коровкино', '-100')]"
"[('мужик', '-100'), ('с', '-100'), ('женой', '-100'), ('д', 'E'), ('парень', '-100'), ('один', '-100'), ('и', '-100'), ('всё', '-100')]"
"[('и', '-100'), ('сё', 'E')]"
"[('сегодн', 'E'), ('хоть', '-100'), ('дождю', '-100'), ('дожжу', '-100'), ('нет', '-100'), ('благо', '-100')]"
"[('у', '-100'), ('йих', '-100'), ('йихные', '-100'), ('коворы', 'E'), ('коровы', '-100'), ('-', '-100'), ('и', '-100'), ('навязывает', '-100'), ('тут', '-100'), ('навязывал', '-100'), ('всё', '-100'), ('а', '-100'), ('теперь', '-100')]"
"[('ага', '-100'), ('а', '-100'), ('тойе', '-100'), ('время', '-100'), ('щеё', 'E'), ('вот', '-100'), ('тут', '-100')]"
"[('косит', '-100'), ('йом', 'E'), ('огород', '-100'), ('и', '-100'), ('соседов', '-100'), ('огород', '-100'), ('а', '-100'), ('коровы', '-100'), ('нету', '-100'), ('у', '-100'), ('нас', '-100'), ('в', '-100'), ('деревне', '-100'), ('-', '-100'), ('пустынь', '-100')]"
"[('в', '-100'), ('емельянцеве', '-100'), ('там', '-100'), ('пара', '-100'), ('жила', '-100'), ('мужик', '-100'), ('с', '-100'), ('жонкой', '-100'), ('-', '-100'), ('они', '-100'), ('специально', '-100'), ('как', '-100'), ('каык', 'E'), ('сторожа', '-100'), ('вот', '-100')]"
"[('а', '-100'), ('сейчас', '-100'), ('не', '-100'), ('знаю', '-100'), ('они', '-100'), ('живут', '-100'), ('в', '-100'), ('емельянцеве', '-100'), ('или', '-100'), ('в', '-100'), ('пуршево', '-100'), ('ушедшдиши', 'E'), ('не', '-100'), ('знаю', '-100')]"
"[('таня', '-100'), ('ваька', 'E')]"
"[('первый', '-100'), ('дом', '-100'), ('ооддна', 'E'), ('эта', '-100'), ('таня', '-100')]"
"[('а', '-100'), ('второйх', 'E'), ('дом', '-100'), ('налево', '-100'), ('-', '-100'), ('мужик', '-100'), ('с', '-100'), ('женкой', '-100'), ('таня-ваня', '-100')]"
"[('а', '-100'), ('ддаальше', 'E'), ('роман', '-100'), ('олег', '-100')]"
"[('это', '-100'), ('деревня', '-100'), ('начинается', '-100'), ('доам', 'E'), ('сгорелши', '-100')]"
"[('а', '-100'), ('щдом', 'E'), ('йетот', '-100'), ('сгорел', '-100'), ('весной', '-100'), ('зажгли', '-100'), ('траву', '-100'), ('и', '-100'), ('сгорел', '-100'), ('вот', '-100')]"
"[('тут', '-100'), ('йон', '-100'), ('срарзазу', 'E'), ('с', '-100'), ('шоссейной', '-100'), ('йетот', '-100'), ('дом', '-100')]"
"[('ещё', '-100'), ('соседи', '-100'), ('-', '-100'), ('молодой', '-100'), ('и', '-100'), ('йето', '-100'), ('соседов', '-100'), ('сын', '-100'), ('сейчас', '-100'), ('в', '-100'), ('лесу', '-100'), ('работал', '-100'), ('нога', '-100'), ('спорчена', '-100'), ('на', '-100'), ('три', '-100'), ('месяца', '-100'), ('на', '-100'), ('костылях', '-100'), ('еходит', 'E'), ('вот', '-100')]"
"[('два', '-100'), ('дому', '-100'), ('горело', '-100'), ('а', '-100'), ('ветр', 'E'), ('похлеще', '-100')]"
"[('два', '-100'), ('дому', '-100'), ('сгоело', 'E')]"
"[('а', '-100'), ('сорвало', '-100'), ('клок', '-100'), ('-', '-100'), ('и', '-100'), ('прилетело', '-100'), ('и', '-100'), ('йетот', '-100'), ('дом', '-100'), ('сгорел', '-100'), ('-', '-100'), ('два', '-100'), ('дзома', 'E'), ('сгорело', '-100')]"
"[('всё', '-100'), ('говорят', '-100'), ('ор', 'E'), ('пройдёт', '-100'), ('-', '-100'), ('сено', '-100'), ('оставит', '-100'), ('а', '-100'), ('пожар', '-100'), ('пройдёт', '-100'), ('-', '-100'), ('и', '-100'), ('сена', '-100'), ('не', '-100'), ('оставит', '-100')]"
"[('наверное', '-100'), ('оьятп', 'E'), ('дождь', '-100'), ('будет', '-100'), ('сын', '-100'), ('рома', '-100')]"
"[('а', '-100'), ('йето', '-100'), ('какие-то', '-100'), ('блудные', '-100'), ('собаки', '-100'), ('пристроилши', '-100'), ('к', '-100'), ('соседям', '-100'), ('к', '-100'), ('иомм', 'E')]"
"[('у', '-100'), ('йих', '-100'), ('и', '-100'), ('чёрная', '-100'), ('и', '-100'), ('чёрно-белая', '-100'), ('и', '-100'), ('потом', '-100'), ('своя', '-100'), ('собачка', '-100'), ('маленкая', 'E')]"
"[('тая-то', '-100'), ('всё', '-100'), ('лобьше', 'E'), ('в', '-100'), ('доме', '-100')]"
"[('а', '-100'), ('уобакс', 'E'), ('не', '-100'), ('кормил', '-100')]"
"[('я', '-100'), ('даже', '-100'), ('н', 'E'), ('видала', '-100'), ('-', '-100'), ('мне', '-100'), ('цыганка', '-100'), ('сказала', '-100')]"
"[('баб', '-100'), ('ты', '-100'), ('погляди', '-100'), ('помойку', '-100'), ('притиащили', 'E'), ('тебе', '-100')]"
"[('всот', 'E'), ('теперь', '-100'), ('самы', '-100'), ('все', '-100'), ('с', '-100'), ('барабан', '-100'), ('тащат', '-100'), ('в', '-100'), ('эту', '-100'), ('помойку', '-100'), ('а', '-100'), ('меня', '-100'), ('пруд', '-100'), ('тут', '-100'), ('выкопан', '-100')]"
"[('всякую', '-100'), ('всячивнсячину', 'E'), ('тащат', '-100')]"
"[('и', '-100'), ('стоит', '-100'), ('эта', '-100'), ('помойка', '-100'), ('а', '-100'), ('йета', '-100'), ('помойка', '-100'), ('был', '-100'), ('на', '-100'), ('углу', '-100'), ('от', 'E'), ('что', '-100')]"
"[('а', '-100'), ('йттое', 'E'), ('йон', '-100'), ('уже', '-100'), ('порядочно', '-100'), ('живёт', '-100')]"
"[('а', '-100'), ('йон', '-100'), ('теперь', '-100'), ('хоззяяин', 'E')]"
"[('а', '-100'), ('всё-таки', '-100'), ('собакуг', 'E'), ('соседовых', '-100'), ('пять', '-100'), ('курят', '-100'), ('съел', '-100')]"
"[('а', '-100'), ('этот', '-100'), ('собака', '-100'), ('вумный', '-100'), ('о', 'E'), ('пограничный', '-100'), ('собака', '-100')]"
"[('я', '-100'), ('вот', '-100'), ('мотыжила', '-100'), ('йету', '-100'), ('картошку', '-100'), ('а', '-100'), ('был', '-100'), ('у', '-100'), ('меня', '-100'), ('уплен', 'E'), ('ливерная', '-100'), ('колбаса', '-100')]"
"[('ннаа', 'E'), ('второй', '-100'), ('день', '-100'), ('я', '-100'), ('мотыжу', '-100'), ('картошку', '-100'), ('-', '-100'), ('кто-то', '-100'), ('толканул', '-100'), ('меня', '-100')]"
"[('собка', 'E'), ('вумная', '-100'), ('как', '-100'), ('человек', '-100')]"
"[('а', '-100'), ('иогранпчный', 'E'), ('йето', '-100'), ('высокий', '-100'), ('большой', '-100'), ('собака', '-100')]"
"[('на', '-100'), ('границе', '-100'), ('служилт', 'E'), ('два', '-100'), ('году', '-100')]"
"[('еум', 'E'), ('дали', '-100'), ('двенадцать', '-100'), ('суток', '-100'), ('отпуска', '-100')]"
"[('а', '-100'), ('поехал', '-100'), ('двоюродный', '-100'), ('брадт', 'E'), ('его', '-100'), ('проведывать', '-100'), ('-', '-100'), ('на', '-100'), ('границу', '-100'), ('ж', '-100'), ('не', '-100'), ('пустят', '-100')]"
"[('на', '-100'), ('финской', '-100'), ('наерно', 'E')]"
"[('отслужил', '-100'), ('ва', 'E'), ('году', '-100')]"
"[('соял', 'E'), ('на', '-100'), ('вышке', '-100')]"
"[('ногам', '-100'), ('олько', 'E'), ('ходить', '-100')]"
"[('рарнанетка', 'E'), ('там', '-100'), ('будет', '-100')]"
"[('а', '-100'), ('йеты', '-100'), ('старые', '-100'), ('яблоньки', '-100'), ('-', '-100'), ('пойдёт', '-100'), ('уяблочко', 'E'), ('ну', '-100'), ('старые', '-100'), ('такие', '-100'), ('я', '-100'), ('старше', '-100'), ('этой', '-100'), ('яблони', '-100')]"
"[('омы', 'E'), ('как', '-100'), ('дом', '-100'), ('купили', '-100'), ('йеты', '-100'), ('яблони', '-100'), ('осталши', '-100')]"
"[('ранетка', '-100'), ('вот', '-100'), ('эта', '-100'), ('осталась', '-100'), ('и', '-100'), ('яблони', '-100'), ('были', '-100'), ('завезенноо', 'E'), ('с', '-100'), ('питомника', '-100')]"
"[('а', '-100'), ('вот', '-100'), ('мужик', '-100'), ('помёрши', '-100'), ('в', '-100'), ('серове', '-100'), ('-', '-100'), ('теперь', '-100'), ('там', '-100'), ('и', '-100'), ('берёзы', '-100'), ('выросли', '-100'), ('сами', '-100'), ('собой', '-100'), ('и', '-100'), ('дубы', '-100'), ('по', '-100'), ('гароду', '-100'), ('и', '-100'), ('лешняк', '-100'), ('а', '-100'), ('внуки', '-100'), ('где-то', '-100'), ('бза', 'E'), ('москвой', '-100')]"
"[('ну', '-100'), ('вропедай', 'E'), ('проведай', '-100')]"
"[('ну', '-100'), ('хорошо', '-100'), ('оойй', 'E'), ('пойду', '-100')]"
"[('племяннюик', 'E'), ('к', '-100'), ('вам', '-100'), ('приезжал', '-100')]"
"[('нет', '-100'), ('до', '-100'), ('коровкина', '-100'), ('не', '-100'), ('щдошёл', 'E')]"
"[('поятно', 'E')]"
"[('хотите', '-100'), ('схожу', '-100'), ('в', '-100'), ('коровкино', '-100'), ('посмотрю', '-100'), ('мжет', 'E'), ('он', '-100'), ('там', '-100')]"
"[('ммыы', 'E'), ('второго', '-100'), ('уезжаем', '-100')]"
"[('а', '-100'), ('до', '-100'), ('коровкинюа', 'E'), ('пешком', '-100'), ('что', '-100'), ('ли', '-100'), ('нельзя', '-100'), ('дойти', '-100')]"
"[('голубь', '-100'), ('у', '-100'), ('вас', '-100'), ('там', '-100'), ('нха', 'E'), ('поле', '-100'), ('поселился', '-100')]"
"[('голухбка', 'E')]"
"[('дачники', '-100'), ('везде', '-100'), ('есть', '-100'), ('даже', '-100'), ('в', '-100'), ('еметльянцево', 'E'), ('дачники', '-100'), ('живут', '-100')]"
"[('вот', '-100'), ('в', '-100'), ('том', '-100'), ('похоже', '-100'), ('вот', '-100'), ('в', '-100'), ('этомя', 'E'), ('что', '-100'), ('ли', '-100'), ('доме', '-100')]"
"[('возьмите', '-100'), ('чаю', '-100'), ('может', '-100'), ('быть', '-100'), ('от', '-100'), ('дайвления', 'E'), ('поможет', '-100'), ('с', '-100'), ('мелиссой', '-100')]"
"[('а', '-100'), ('ве', 'E'), ('старики', '-100'), ('они', '-100'), ('умерши', '-100'), ('с', '-100'), ('захново', '-100')]"
"[('да', '-100'), ('только', '-100'), ('баба', '-100'), ('зина', '-100'), ('вот', '-100'), ('из', '-100'), ('тех', '-100'), ('которая', '-100'), ('там', '-100'), ('проживала', '-100'), ('оан', 'E'), ('одна', '-100')]"
"[('да', '-100'), ('там', '-100'), ('ну', '-100'), ('как', '-100'), ('сказать', '-100'), ('возраст', '-100'), ('всё', '-100'), ('таки', '-100'), ('далеко', '-100'), ('и', '-100'), ('в', '-100'), ('магазин', '-100'), ('ходить', '-100'), ('я', '-100'), ('считаю', '-100'), ('там', '-100'), ('было', '-100'), ('недоступно', '-100'), ('раньше', '-100'), ('ж', '-100'), ('автолавки', '-100'), ('туа', 'E'), ('не', '-100'), ('ходили', '-100')]"
"[('да', '-100'), ('такая', '-100'), ('грунтовая', '-100'), ('там', '-100'), ('вот', '-100'), ('дорогу', '-100'), ('ещё', '-100'), ('подделал', '-100'), ('этот', '-100'), ('чечн', 'E'), ('он', '-100'), ('там', '-100'), ('хотел', '-100'), ('открыть', '-100'), ('фермерское', '-100'), ('хозяйство', '-100')]"
"[('нет', '-100'), ('нет', '-100'), ('нет', '-100'), ('ничиёчё', 'E'), ('с', '-100'), ('ней', '-100'), ('не', '-100'), ('делали', '-100')]"
"[('захино', '-100'), ('--', '-100'), ('это', '-100'), ('уже', '-100'), ('пушкиногорский', '-100'), ('прайон', 'E')]"
"[('эттоо', 'E'), ('пушкиногорский', '-100'), ('район', '-100'), ('уже', '-100'), ('захино', '-100')]"
"[('а', '-100'), ('вот', '-100'), ('последние', '-100'), ('деревни', '-100'), ('списывали', '-100'), ('вот', '-100'), ('сейчас', '-100'), ('скажу', '-100'), ('в', '-100'), ('каакком', 'E'), ('в', '-100'), ('шестьдесят', '-100'), ('четвёртом', '-100'), ('году', '-100')]"
"[('овт', 'E'), ('списали', '-100'), ('емельянцево', '-100'), ('потом', '-100'), ('ещё', '-100')]"
"[('и', '-100'), ('просто', '-100'), ('у', '-100'), ('нас', '-100'), ('вот', '-100'), ('когда', '-100'), ('стал', '-100'), ('получился', '-100'), ('что', '-100'), ('написали', '-100'), ('ппоосле', 'E'), ('того', '-100'), ('как', '-100'), ('уже', '-100'), ('как', '-100'), ('сказать', '-100'), ('емельянцево', '-100'), ('было', '-100'), ('списано', '-100')]"
"[('изначально', '-100'), ('он', '-100'), ('числился', '-100'), ('а', '-100'), ('ппотом', 'E'), ('сказали', '-100'), ('что', '-100'), ('это', '-100'), ('емельянцево', '-100')]"
"[('ну', '-100'), ('вот', '-100'), ('я', '-100'), ('говорю', '-100'), ('мы', '-100'), ('нникак', 'E'), ('в', '-100'), ('волости', '-100'), ('не', '-100'), ('можем', '-100'), ('дать', '-100'), ('потому', '-100'), ('что', '-100'), ('у', '-100'), ('нас', '-100'), ('нет', '-100'), ('такой', '-100'), ('деревни', '-100'), ('а', '-100'), ('они', '-100'), ('просто', '-100'), ('сами', '-100'), ('по', '-100'), ('себе', '-100'), ('поставили', '-100'), ('что', '-100'), ('это', '-100'), ('деревня', '-100'), ('емельянцево', '-100'), ('село', '-100'), ('было', '-100'), ('село', '-100'), ('емельянцево', '-100')]"
"[('нет', '-100'), ('земля', '-100'), ('она', '-100'), ('припиана', 'E'), ('к', '-100'), ('опочецкому', '-100'), ('школа-интернат', '-100')]"
"[('не', '-100'), ('нет', '-100'), ('панютино', '-100'), ('--', '-100'), ('это', '-100'), ('здесь', '-100'), ('это', '-100'), ('самое', '-100'), ('а', '-100'), ('захино', '-100'), ('--', '-100'), ('эюто', 'E'), ('где', '-100')]"
"[('вот', '-100'), ('хотели', '-100'), ('продать', '-100'), ('но', '-100'), ('его', '-100'), ('никто', '-100'), ('не', '-100'), ('покупает', '-100'), ('потому', '-100'), ('что', '-100'), ('всё', '-100'), ('везде', '-100'), ('обанкротилши', '-100'), ('вот', '-100'), ('соединили', '-100'), ('колхоз', '-100'), ('с', '-100'), ('вот', '-100'), ('здесь', '-100'), ('было', '-100'), ('раньше', '-100'), ('вот', '-100'), ('последний', '-100'), ('был', '-100'), ('колос', '-100'), ('вот', '-100'), ('здсь', 'E'), ('колхоз', '-100')]"
"[('соединили', '-100'), ('его', '-100'), ('с', '-100'), ('матююшкиным', '-100'), ('с', '-100'), ('красной', '-100'), ('зрёй', 'E'), ('один', '-100'), ('был', '-100'), ('председатель', '-100'), ('вот', '-100'), ('эта', '-100'), ('лазарева', '-100')]"
"[('там', '-100'), ('существует', '-100'), ('только', '-100'), ('что', '-100'), ('а', '-100'), ('рабочих', '-100'), ('нет', '-100'), ('тут', '-100'), ('только', '-100'), ('что', '-100'), ('сколько', '-100'), ('тут', '-100'), ('работяг', '-100'), ('на', '-100'), ('рефме', 'E')]"
"[('ну', '-100'), ('это', '-100'), ('жуе', 'E'), ('самих', '-100'), ('придумано', '-100'), ('раньше', '-100'), ('было', '-100'), ('вот', '-100'), ('мы', '-100'), ('например', '-100'), ('раньше', '-100'), ('когда', '-100'), ('вот', '-100'), ('мои', '-100'), ('родители', '-100'), ('скот', '-100'), ('был', '-100'), ('делали', '-100'), ('остревья', '-100')]"
"[('примерно', '-100'), ('вот', '-100'), ('такие', '-100'), ('палки', '-100'), ('тоже', '-100'), ('так', '-100'), ('ннуу', 'E'), ('сколько', '-100'), ('тут', '-100'), ('ну', '-100'), ('может', '-100'), ('быть', '-100'), ('в', '-100'), ('длину', '-100'), ('любое', '-100'), ('может', '-100'), ('быть', '-100'), ('десять', '-100'), ('там', '-100'), ('вот', '-100'), ('этих', '-100'), ('остравинок', '-100'), ('вот', '-100'), ('этих', '-100'), ('вот', '-100')]"
"[('прымули', 'E'), ('бархатцы', '-100')]"
"[('да', '-100'), ('ни', '-100'), ('ё', 'E'), ('заходите', '-100'), ('заходите', '-100')]"
"[('а', '-100'), ('как', '-100'), ('эо', 'E'), ('случилось', '-100'), ('просто', '-100'), ('люди', '-100'), ('перехали', '-100'), ('все', '-100')]"
"[('то', '-100'), ('есть', '-100'), ('оа', 'E'), ('сама', '-100'), ('деревня', '-100'), ('умерла', '-100'), ('а', '-100'), ('ничто', '-100'), ('с', '-100'), ('ничего', '-100'), ('с', '-100'), ('ней', '-100'), ('не', '-100'), ('сделали', '-100')]"
"[('онятно', 'E')]"
"[('вот', '-100'), ('нам', '-100'), ('говорили', '-100'), ('панютино', '-100'), ('и', '-100'), ('иахзно', 'E'), ('рядом', '-100')]"
"[('о', '-100'), ('большая', '-100'), ('у', 'E'), ('ты', '-100')]"
"[('ребята', '-100'), ('вчера', '-100'), ('пиво', '-100'), ('сивдели', 'E'), ('пили', '-100')]"
"[('черника', '-100'), ('уже', '-100'), ('пошлана', '-100'), ('дачах', '-100'), ('вы', '-100'), ('там', '-100'), ('не', '-100'), ('были', '-100'), ('не', '-100'), ('былъи', 'E'), ('нигде', '-100')]"
"[('эт', 'E'), ('вы', '-100'), ('с', '-100'), ('барабанов', '-100'), ('или', '-100'), ('с', '-100'), ('глазаново', '-100'), ('в', '-100'), ('такую', '-100'), ('даль', '-100'), ('пошли', '-100')]"
"[('там', '-100'), ('всё', '-100'), ('в', '-100'), ('глазанове', '-100'), ('у', '-100'), ('этого', '-100'), ('мшужичка', 'E'), ('и', '-100'), ('живёте', '-100')]"
"[('девочыка-то', 'E'), ('хорошая', '-100'), ('мне', '-100'), ('понравилась', '-100'), ('она', '-100'), ('горазд', '-100')]"
"[('нет', '-100'), ('этот', '-100'), ('тарый', 'E'), ('а', '-100'), ('эта', '-100'), ('от', '-100'), ('вот', '-100'), ('эта', '-100')]"
"[('молэоденькая', 'E')]"
"[('а', '-100'), ('что', '-100'), ('ты', '-100'), ('думаешь', '-100'), ('чобаска', 'E'), ('знаешь', '-100'), ('что', '-100'), ('сделала', '-100')]"
"[('ичп', 'E'), ('но', '-100'), ('он', '-100'), ('мальчик', '-100'), ('это', '-100'), ('отец', '-100'), ('наоборот', '-100'), ('а', '-100'), ('бабе', '-100'), ('он', '-100'), ('там', '-100'), ('осталши', '-100'), ('мать', '-100')]"
"[('уже', '-100'), ('всё', '-100'), ('куры', '-100'), ('всё', '-100'), ('перекопаюте', 'E'), ('я', '-100'), ('ж', '-100'), ('кур', '-100'), ('держала', '-100'), ('помногу', '-100'), ('раньше', '-100')]"
"[('яблоки', '-100'), ('будут', '-100'), ('буду', 'E'), ('нынче', '-100'), ('я', '-100'), ('всё', '-100'), ('думала', '-100'), ('чтоб', '-100'), ('белый', '-100'), ('налив', '-100'), ('был', '-100'), ('бы', '-100')]"
"[('ошейничек', '-100'), ('тут', '-100'), ('потерял', '-100'), ('ну', '-100'), ('куда', '-100'), ('н', 'E'), ('дел', '-100')]"
"[('у', '-100'), ('меня', '-100'), ('муж', '-100'), ('есть', '-100'), ('ну', '-100'), ('я', '-100'), ('с', '-100'), ('русским', '-100'), ('живуе', 'E'), ('а', '-100'), ('евоный', '-100'), ('батька', '-100')]"
"[('а', '-100'), ('тоже', '-100'), ('раньше', '-100'), ('в', '-100'), ('кадиникове', '-100'), ('жил', '-100'), ('где', '-100'), ('вы', '-100'), ('находитесь', '-100'), ('ваш', '-100'), ('дом', '-100'), ('только', '-100'), ('последпноследний', 'E'), ('был', '-100'), ('к', '-100'), ('речке', '-100'), ('чёрненький', '-100'), ('такой', '-100')]"
"[('а', '-100'), ('теперь', '-100'), ('митькча', 'E'), ('вышел', '-100')]"
"[('кноп', '-100'), ('а', '-100'), ('чё', '-100'), ('ты', '-100'), ('ан', 'E'), ('него', '-100'), ('там', '-100'), ('злишься', '-100')]"
"[('на', '-100'), ('митьку', '-100'), ('не', '-100'), ('ндо', 'E')]"
"[('сейчас', '-100'), ('хлопушку', '-100'), ('возьму', '-100'), ('сейчас', '-100'), ('сейчас', '-100'), ('сейчас', '-100'), ('дай', '-100'), ('хлопушку', '-100'), ('орм', 'E'), ('неси', '-100'), ('хлопушку.', '-100')]"
"[('в', '-100'), ('деревнях', '-100'), ('всё', '-100'), ('равно', '-100'), ('я', '-100'), ('думаю', '-100'), ('лучше', '-100'), ('я', '-100'), ('ж', '-100'), ('в', '-100'), ('ленинграде', '-100'), ('тоже', '-100'), ('жила', '-100'), ('много', '-100'), ('лет', '-100'), ('семнадцать', '-100'), ('леетт', 'E'), ('отжила', '-100')]"
"[('сейчас', '-100'), ('тебе', '-100'), ('объясню', '-100'), ('в', '-100'), ('городе', '-100'), ('надоедает', '-100'), ('шум', '-100'), ('вот', '-100'), ('этот', '-100'), ('гёам', 'E')]"
"[('работать', '-100'), ('потоу', 'E'), ('что', '-100'), ('в', '-100'), ('городе', '-100'), ('в', '-100'), ('нашей', '-100'), ('опочке-то', '-100'), ('ничего', '-100'), ('нет', '-100')]"
"[('местный', '-100'), ('мент', '-100'), ('ко', '-100'), ('мне', '-100'), ('тормознулся', '-100'), ('говорит', '-100'), ('продай', '-100'), ('ягоды', '-100'), ('за', '-100'), ('сто', '-100'), ('пятьдесят', '-100'), ('я', '-100'), ('говорю', '-100'), ('ты', '-100'), ('ещё', '-100'), ('скажи', '-100'), ('за', '-100'), ('пятьдесят', '-100'), ('рублей', '-100'), ('тебе', '-100'), ('отдаьт', 'E'), ('а', '-100'), ('ну', '-100'), ('иди', '-100'), ('сходи', '-100'), ('комаров-то', '-100'), ('покорми', '-100'), ('-', '-100'), ('я', '-100'), ('говорю', '-100'), ('-', '-100'), ('вылези', '-100'), ('ты', '-100'), ('сам', '-100'), ('с', '-100'), ('этой', '-100'), ('машины', '-100'), ('сидит', '-100'), ('ещё', '-100'), ('на', '-100'), ('машине', '-100'), ('как', '-100'), ('король', '-100')]"
"[('отьатд', 'E'), ('ему', '-100'), ('за', '-100'), ('сто', '-100'), ('пятьдесят', '-100'), ('рублей', '-100'), ('ну', '-100')]"
"[('а', '-100'), ('дядька', '-100'), ('от', '-100'), ('меня', '-100'), ('просит', '-100'), ('за', '-100'), ('сто', '-100'), ('пятьдесят', '-100'), ('я', '-100'), ('говохрю', 'E'), ('лучше', '-100'), ('я', '-100'), ('сварю', '-100'), ('чем', '-100'), ('я', '-100'), ('тебе', '-100'), ('отдам', '-100'), ('просто', '-100'), ('так', '-100')]"
"[('а', '-100'), ('ты', '-100'), ('сходи', '-100'), ('да', '-100'), ('комаров-мошек', '-100'), ('покорми', '-100'), ('пототмом', 'E'), ('морда', '-100'), ('вот', '-100'), ('такая', '-100'), ('становится', '-100'), ('вся', '-100'), ('уедена', '-100'), ('этими', '-100'), ('мошками', '-100'), ('а', '-100'), ('ему', '-100'), ('отдайте', '-100'), ('за', '-100'), ('сто', '-100'), ('пятьдесят', '-100')]"
"[('роза', '-100'), ('должна', '-100'), ('ж', '-100'), ('уже', '-100'), ('прилйти', 'E')]"
"[('почему', '-100'), ('я', '-100'), ('это', '-100'), ('вот', '-100'), ('везде', '-100'), ('торгуютв', '-100'), ('чпооке', 'E'), ('так', '-100'), ('же', '-100'), ('везде', '-100'), ('на', '-100'), ('крестах', '-100'), ('кто', '-100'), ('как', '-100'), ('может', '-100'), ('на', '-100'), ('асфальте', '-100')]"
"[('да', '-100'), ('все', '-100'), ('вся', '-100'), ('вон', '-100'), ('сты', 'E'), ('видел', '-100'), ('же', '-100'), ('везде', '-100'), ('торгуют', '-100'), ('около', '-100'), ('магазина', '-100'), ('около', '-100'), ('остановки', '-100')]"
"[('не', '-100'), ('знаю', '-100'), ('можт', 'E'), ('где-то', '-100'), ('что-то', '-100'), ('может', '-100'), ('где', '-100'), ('посырее', '-100'), ('может', '-100'), ('дед', '-100'), ('привёз', '-100'), ('ей', '-100'), ('на', '-100'), ('машине', '-100')]"
"[('просто', '-100'), ('тыак', 'E'), ('в', '-100'), ('дом', '-100'), ('не', '-100'), ('пустят', '-100'), ('бабки', '-100'), ('бабки', '-100'), ('думают', '-100'), ('ага', '-100'), ('чёрт', '-100'), ('знает', '-100'), ('кто', '-100'), ('это', '-100'), ('пришла', '-100'), ('они', '-100'), ('ж', '-100'), ('телевизор', '-100'), ('смотрят', '-100'), ('же', '-100'), ('всё', '-100'), ('тебе', '-100')]"
"[('да', '-100'), ('у', '-100'), ('всех', '-100'), ('на', '-100'), ('крещение', '-100'), ('вот', '-100'), ('у', '-100'), ('меня', '-100'), ('с', '-100'), ('той', '-100'), ('двери', '-100'), ('с', '-100'), ('той', '-100'), ('стороны', '-100'), ('тут', '-100'), ('это', '-100'), ('не', '-100'), ('а', '-100'), ('с', '-100'), ('той', '-100'), ('стормоны', 'E'), ('да', '-100')]"
"[('а', '-100'), ('это', '-100'), ('говорят', '-100'), ('чтобы', '-100'), ('мол', '-100'), ('черти', '-100'), ('не', '-100'), ('заходили', '-100'), ('кресим', 'E'), ('всё', '-100'), ('и', '-100'), ('крещение', '-100'), ('идёт', '-100'), ('по', '-100'), ('дворам', '-100')]"
"[('этих', '-100'), ('собачек', '-100'), ('так', '-100'), ('же', '-100'), ('вот', '-100'), ('они', '-100'), ('видишь', '-100'), ('свободно', '-100'), ('гуляют', '-100'), ('ну', '-100'), ('там', '-100'), ('где', '-100'), ('тыы', 'E'), ('выпустишь', '-100'), ('чего', '-100'), ('вот', '-100'), ('это', '-100'), ('симка', '-100'), ('был', '-100'), ('со', '-100'), ('мной', '-100'), ('в', '-100'), ('питере', '-100')]"
"[('она', '-100'), ('ж', '-100'), ('не', '-100'), ('привыкша', '-100'), ('ано', 'E'), ('ж', '-100'), ('деревенская', '-100'), ('не', '-100'), ('привыкша', '-100'), ('была', '-100')]"
"[('он', '-100'), ('там', '-100'), ('заболел', '-100'), ('даже', '-100'), ('бедный', '-100'), ('вот', '-100'), ('ну', '-100'), ('отсюда', '-100'), ('он', '-100'), ('взят', '-100'), ('да', '-100'), ('с', '-100'), ('зезмемли', 'E')]"
"[('они', '-100'), ('свою', '-100'), ('территорию-то', '-100'), ('отбивает', '-100'), ('кжадый', 'E')]"
"[('вот', '-100'), ('прибивша', '-100'), ('ещё', '-100'), ('одна', '-100'), ('кошеча', 'E'), ('чёрная', '-100'), ('такая', '-100')]"
"[('куда-то', '-100'), ('убежавша', '-100'), ('может', '-100'), ('здесь', '-100'), ('убежала', '-100'), ('а', '-100'), ('так', '-100'), ('тежо', 'E'), ('приходит', '-100'), ('сюда', '-100'), ('кушать', '-100'), ('я', '-100'), ('её', '-100'), ('кормлю', '-100')]"
"[('да', '-100'), ('митруша', '-100'), ('да', '-100'), ('мой', '-100'), ('сына', '-100'), ('золотой', '-100'), ('ты', '-100'), ('у', '-100'), ('меня', '-100'), ('лучше', '-100'), ('всх', 'E'), ('я', '-100'), ('же', '-100'), ('люблю', '-100'), ('тебя', '-100'), ('митруша', '-100')]"
"[('это', '-100'), ('во', 'E'), ('розкины', '-100'), ('где-то', '-100'), ('землянику', '-100')]"
"[('племяши', '-100'), ('нет', '-100'), ('племяннивки', 'E')]"
"[('ддаа', 'E'), ('уже', '-100'), ('привыкши', '-100'), ('его', '-100'), ('комары', '-100'), ('едят', '-100'), ('тут', '-100')]"
"[('но', '-100'), ('там', '-100'), ('крсотища', 'E'), ('такая', '-100')]"
"[('яблони', '-100'), ('крааотс', 'E')]"
"[('лещ', 'E'), ('не', '-100'), ('будет', '-100'), ('тут', '-100'), ('ходить', '-100')]"
"[('где', '-100'), ('лес', '-100'), ('особенно', '-100'), ('гден', 'E'), ('такое', '-100'), ('вот', '-100'), ('и', '-100'), ('то', '-100'), ('я', '-100'), ('мы', '-100'), ('сколько', '-100'), ('мы', '-100'), ('ходим', '-100'), ('тьфу-тьфу-тьфу', '-100')]"
"[('животных', '-100'), ('очень', '-100'), ('отстреливают', '-100'), ('много', '-100'), ('ну', '-100'), ('вот', '-100'), ('скажи', '-100'), ('вот', '-100'), ('щкак', 'E'), ('можно', '-100'), ('зайчика', '-100'), ('красивенького', '-100'), ('убить', '-100'), ('да', '-100'), ('вот', '-100'), ('там', '-100'), ('оленя', '-100'), ('лося', '-100'), ('этого', '-100'), ('так', '-100'), ('это', '-100'), ('же', '-100'), ('всё', '-100'), ('прекрасное', '-100'), ('красивое', '-100')]"
"[('и', '-100'), ('особенно', '-100'), ('этих', '-100'), ('маленьких', '-100'), ('козочек', '-100'), ('ну', '-100'), ('такие', '-100'), ('лапочки', '-100'), ('пятнистенькие', '-100'), ('масенькниькие', 'E')]"
"[('чкерез', '-100'), ('дорогу', '-100'), ('всё', '-100'), ('через', '-100'), ('асфальт', '-100'), ('переходят', '-100'), ('олени', '-100'), ('лосиг', 'E')]"
"[('и', '-100'), ('вот', '-100'), ('как', '-100'), ('тэо', 'E'), ('так', '-100'), ('убить', '-100'), ('этого', '-100'), ('маленького', '-100'), ('хорошенького', '-100'), ('такие', '-100'), ('красотуленьки', '-100')]"
"[('я', '-100'), ('говорю', '-100'), ('дай', '-100'), ('ты', '-100'), ('пускай', '-100'), ('разогреется', '-100'), ('вот', '-100'), ('в', '-100'), ('тефальке', '-100'), ('нет', '-100'), ('он', '-100'), ('бесполезно', '-100'), ('всё', '-100'), ('равно', '-100'), ('ж', '-100'), ('он', '-100'), ('просиотсит', 'E'), ('дай', '-100')]"
"[('надо', '-100'), ('сегодня', '-100'), ('тебя', '-100'), ('почесать', '-100'), ('митруш', '-100'), ('весь', '-100'), ('вылинял', '-100'), ('он', 'E')]"
"[('есть', '-100'), ('понимаэют', 'E'), ('какие-то', '-100'), ('слова', '-100'), ('есть', '-100'), ('не', '-100'), ('понимаю', '-100'), ('ну', '-100'), ('всё', '-100'), ('по-русски', '-100'), ('большинство', '-100')]"
"[('это', '-100'), ('у', '-100'), ('вас', '-100'), ('там', '-100'), ('везде', '-100'), ('в', '-100'), ('городах', '-100'), ('всякие', '-100'), ('такие', '-100'), ('коренные-то', '-100'), ('во', 'E'), ('в', '-100'), ('горелове', '-100'), ('там', '-100'), ('где-то', '-100'), ('в', '-100'), ('ленинграде', '-100'), ('в', '-100'), ('москве', '-100'), ('где-то', '-100'), ('вот', '-100'), ('такие', '-100'), ('коренные', '-100'), ('и', '-100'), ('то', '-100'), ('они', '-100'), ('не', '-100'), ('русские', '-100'), ('цыгане', '-100')]"
"[('они', '-100'), ('ж', '-100'), ('идут', '-100'), ('и', '-100'), ('к', '-100'), ('нам', '-100'), ('подходят', '-100'), ('ни', 'E'), ('ж', '-100'), ('нас', '-100'), ('не', '-100'), ('понимают', '-100'), ('наш', '-100'), ('язык', '-100')]"
"[('вот', '-100'), ('я', '-100'), ('когодгда', 'E'), ('по', '-100'), ('ленинграду', '-100'), ('с', '-100'), ('ней', '-100'), ('ходила', '-100'), ('выгуливать', '-100'), ('я', '-100'), ('по-цыгански', '-100'), ('тихонько', '-100'), ('шепчу', '-100'), ('а', '-100'), ('там', '-100'), ('же', '-100'), ('многие', '-100'), ('гуляют', '-100'), ('с', '-100'), ('собачками', '-100')]"
"[('митрушенька', '-100'), ('иди', '-100'), ('домоомой', 'E'), ('мить', '-100')]"
"[('а', '-100'), ('ты', '-100'), ('знаешь', '-100'), ('что', '-100'), ('все', '-100'), ('мальцы', '-100'), ('мальцы', '-100'), ('все', '-100'), ('пожеьилисн', 'E'), ('все', '-100'), ('в', '-100'), ('ленинград', '-100'), ('здесь', '-100'), ('все', '-100'), ('у', '-100'), ('всех', '-100'), ('квартира', '-100'), ('живут', '-100'), ('побогаче', '-100'), ('так', '-100')]"
"[('двородные', 'E')]"
"[('и', '-100'), ('я', '-100'), ('привыкша', '-100'), ('тут', '-100'), ('вон', '-100'), ('у', '-100'), ('вики', '-100'), ('у', '-100'), ('ннееё', 'E'), ('дом', '-100'), ('кирпичный', '-100'), ('всё', '-100'), ('своё', '-100'), ('как-то', '-100'), ('мы', '-100'), ('уже', '-100'), ('привыкли', '-100'), ('да', '-100')]"
"[('а', '-100'), ('так', '-100'), ('у', '-100'), ('нас', '-100'), ('никюто', 'E'), ('вон', '-100'), ('в', '-100'), ('байнях', '-100'), ('везде', '-100'), ('котлы', '-100'), ('вот', '-100'), ('эти', '-100'), ('бани', '-100'), ('ж', '-100'), ('топим', '-100'), ('никто', '-100'), ('ничего', '-100'), ('не', '-100'), ('трогает', '-100')]"
"[('ну', '-100'), ('у', '-100'), ('нас', '-100'), ('никто', '-100'), ('ничего', '-100'), ('не', '-100'), ('трогает', '-100'), ('нигде', '-100'), ('как', '-100'), ('бы', '-100'), ('вот', '-100'), ('эи', 'E'), ('тоже', '-100'), ('оседлые', '-100'), ('вон', '-100'), ('у', '-100'), ('розки', '-100'), ('дом', '-100'), ('большой', '-100')]"
"[('кирпичи', '-100'), ('разбивалщи', 'E'), ('они', '-100'), ('и', '-100'), ('бегают', '-100')]"
"[('жила', '-100'), ('б', '-100'), ('и', '-100'), ('жила', '-100'), ('ам', 'E')]"
"[('старый', '-100'), ('петергоф', '-100'), ('она', '-100'), ('жила', '-100'), ('там', '-100'), ('у', '-100'), ('неё', '-100'), ('двухэтажный', '-100'), ('додмом', 'E'), ('была', '-100'), ('взяла', '-100'), ('продала', '-100'), ('этот', '-100'), ('двухэтажный', '-100'), ('дом', '-100'), ('приехала', '-100'), ('в', '-100'), ('деревню', '-100'), ('купила', '-100'), ('дом', '-100')]"
"[('какая', '-100'), ('я', '-100'), ('тебе', '-100'), ('бабуля', '-100'), ('что', '-100'), ('я', '-100'), ('тебе', '-100'), ('в', '-100'), ('пятьдесят', '-100'), ('лет', '-100'), ('-', '-100'), ('говорит', '-100'), ('-', '-100'), ('родила', '-100'), ('а', '-100'), ('ей', '-100'), ('уже', '-100'), ('жопа', '-100'), ('всё', '-100'), ('валится', '-100'), ('ттаам', 'E'), ('труха', '-100')]"
"[('какая', '-100'), ('я', '-100'), ('тебе', '-100'), ('-', '-100'), ('говорит', '-100'), ('-', '-100'), ('бабушка', '-100'), ('я', '-100'), ('тебе', '-100'), ('что', '-100'), ('я', '-100'), ('говорю', '-100'), ('бабушка', '-100'), ('присядьте', '-100'), ('пожалуйста', '-100'), ('да', '-100'), ('тма', 'E')]"
"[('а', '-100'), ('они', '-100'), ('ж', '-100'), ('всё', '-100'), ('равноъ', 'E'), ('тупые', '-100')]"
"[('ну', '-100'), ('там', '-100'), ('бывает', '-100'), ('что', '-100'), ('споры', '-100'), ('какие-то', '-100'), ('бывет', 'E'), ('что', '-100'), ('вон', '-100'), ('всё', '-100')]"
"[('а', '-100'), ('мы', '-100'), ('я', '-100'), ('говорю', '-100'), ('мы', '-100'), ('приспособляемся', '-100'), ('видишь', '-100'), ('тут', '-100'), ('же', '-100'), ('всё', '-100'), ('арвно', 'E'), ('летом', '-100'), ('в', '-100'), ('ягоды', '-100'), ('ягоду', '-100'), ('продать', '-100'), ('и', '-100'), ('сходить', '-100'), ('в', '-100'), ('лес', '-100')]"
"[('всё', '-100'), ('равно', '-100'), ('ж', '-100'), ('мы', '-100'), ('выживаем', '-100'), ('у', '-100'), ('мы', '-100'), ('всё', '-100'), ('равно', '-100'), ('о', '-100'), ('деньгах', '-100'), ('как', '-100'), ('бы', '-100'), ('швот', 'E')]"
"[('а', '-100'), ('тут', '-100'), ('бабаки', 'E'), ('кто', '-100'), ('как', '-100'), ('может', '-100'), ('видишь', '-100'), ('траву', '-100'), ('косит', '-100'), ('триммером', '-100')]"
"[('кто', '-100'), ('как', '-100'), ('может', '-100'), ('сено', '-100'), ('и', '-100'), ('ёсв', 'E'), ('равно', '-100'), ('ж', '-100'), ('это', '-100'), ('всё', '-100'), ('интересней', '-100'), ('тут', '-100'), ('чем', '-100'), ('в', '-100'), ('городе', '-100')]"
"[('но', '-100'), ('городской', '-100'), ('всё', '-100'), ('равно', '-100'), ('этого', '-100'), ('не', '-100'), ('поймёт', '-100'), ('это', '-100'), ('дело', '-100'), ('прошлое', '-100'), ('всё', '-100'), ('равно', '-100'), ('ж', '-100'), ('ваши', '-100'), ('вот', '-100'), ('эти', '-100'), ('ыприезжают', 'E'), ('они', '-100'), ('ж', '-100'), ('это', '-100'), ('всё', '-100'), ('сжигают', '-100')]"
"[('мы', '-100'), ('же', '-100'), ('говорим', '-100'), ('пускай', '-100'), ('как', '-100'), ('бы', '-100'), ('оерегнпй', 'E'), ('вот', '-100'), ('это', '-100'), ('да', '-100'), ('будет', '-100'), ('нет', '-100'), ('они', '-100'), ('сожгут', '-100')]"
"[('вугу', 'E'), ('угу', '-100')]"
"[('а', '-100'), ('нет', '-100'), ('это', '-100'), ('ввоот', 'E'), ('значит', '-100'), ('в', '-100'), ('первом', '-100'), ('доме', '-100'), ('был', '-100'), ('чёрная', '-100'), ('такая', '-100')]"
"[('ты', '-100'), ('думаешь', '-100'), ('я', '-100'), ('в', '-100'), ('ленинграде', '-100'), ('не', '-100'), ('ездила', '-100'), ('ззаа', 'E'), ('клюквой', '-100'), ('никогда', '-100'), ('там', '-100'), ('в', '-100'), ('ленинграде', '-100'), ('всё', '-100'), ('равно', '-100'), ('ездила', '-100'), ('за', '-100'), ('клюквой', '-100'), ('девчонок', '-100'), ('собирала', '-100'), ('городских', '-100'), ('тех', '-100'), ('же', '-100'), ('самых', '-100'), ('девчонки', '-100'), ('поехали', '-100'), ('со', '-100'), ('мной', '-100'), ('на', '-100'), ('электричке', '-100'), ('я', '-100'), ('говорю', '-100'), ('в', '-100'), ('ленинград', '-100'), ('за', '-100'), ('клюквой', '-100')]"
"[('тут', '-100'), ('они', '-100'), ('разают', 'E'), ('эти', '-100'), ('шмотки', '-100'), ('чтоб', '-100'), ('наценку', '-100'), ('ставят', '-100'), ('продать', '-100'), ('что-то', '-100')]"
"[('девчушечки', '-100'), ('вылезают', '-100'), ('там', '-100'), ('с', '-100'), ('машин', '-100'), ('миленький', '-100'), ('ты', '-100'), ('ж', '-100'), ('куда', '-100'), ('в', '-100'), ('сндаликах', 'E'), ('пошёл', '-100'), ('говорю', '-100')]"
"[('а', '-100'), ('они', '-100'), ('говорю', '-100'), ('ещё', '-100'), ('и', '-100'), ('ккаак', 'E'), ('кусаются', '-100')]"
"[('да', '-100'), ('сейчас', '-100'), ('всё', '-100'), ('с', '-100'), ('вертолётов', '-100'), ('с', '-100'), ('самолётов', '-100'), ('вот', '-100'), ('тэо', 'E'), ('всё', '-100'), ('эксперименты', '-100'), ('вот', '-100'), ('эти', '-100'), ('делают', '-100'), ('всяких', '-100'), ('разных', '-100'), ('же', '-100'), ('скидывают', '-100')]"
"[('всяких', '-100'), ('разных', '-100'), ('с', '-100'), ('них', '-100'), ('с', '-100'), ('этого', '-100'), ('скидыюавт', 'E')]"
"[('собачки', '-100'), ('котики', '-100'), ('представлете', 'E'), ('пришивают', '-100'), ('головы', '-100'), ('двойные', '-100'), ('там', '-100')]"
"[('ну', '-100'), ('чтоы-то', 'E'), ('там', '-100'), ('есть', '-100'), ('я', '-100'), ('закрыто', '-100'), ('сетки', '-100'), ('как', '-100'), ('в', '-100'), ('тюрьме', '-100')]"
"[('мы', '-100'), ('с', '-100'), ('девчонками', '-100'), ('пробрались', '-100'), ('маленько', '-100'), ('щельку', '-100'), ('тка', 'E'), ('проделали', '-100'), ('смотрим', '-100'), ('там', '-100'), ('котики', '-100'), ('с', '-100'), ('двумя', '-100'), ('головами', '-100'), ('собачки', '-100'), ('с', '-100'), ('двумя', '-100'), ('головами', '-100')]"
"[('у', '-100'), ('нс', 'E'), ('даже', '-100'), ('есть', '-100'), ('болото', '-100'), ('кожаевское', '-100'), ('болото', '-100')]"
"[('кожаевске', 'E')]"
"[('ьдесз', 'E'), ('есть', '-100'), ('болото', '-100'), ('такое', '-100'), ('кожаево', '-100')]"
"[('пуршево', '-100'), ('тэо', 'E'), ('белки', '-100')]"
"[('кожаевское', '-100'), ('лобото', 'E'), ('так', '-100'), ('и', '-100'), ('называем', '-100')]"
"[('где', '-100'), ('карташи', '-100'), ('есть', '-100'), ('бункер', '-100'), ('так', '-100'), ('и', '-100'), ('не', '-100'), ('нали', 'E'), ('этот', '-100'), ('бункер', '-100')]"
"[('баабка', 'E'), ('как-то', '-100'), ('жива', '-100'), ('была', '-100'), ('баба', '-100'), ('оля', '-100'), ('прошло', '-100'), ('где-то', '-100'), ('лет', '-100'), ('пятнадцать', '-100'), ('или', '-100'), ('двадцать', '-100'), ('как', '-100'), ('эта', '-100'), ('бабушка', '-100'), ('умерла', '-100')]"
"[('и', '-100'), ('всё', '-100'), ('ты', '-100'), ('ко', '-100'), ('мне', '-100'), ('только', '-100'), ('митя', '-100'), ('на', '-100'), ('ручки', '-100'), ('как', '-100'), ('ргебёночек', 'E'), ('приучила', '-100'), ('на', '-100'), ('свою', '-100'), ('головушку', '-100'), ('я', '-100'), ('тебя', '-100')]"
"[('а', '-100'), ('что', '-100'), ('этот', '-100'), ('спокойнло', 'E')]"
"[('ну', '-100'), ('всеё', 'E'), ('ж', '-100'), ('бывает', '-100')]"
"[('угу', '-100'), ('шкбуа', 'E'), ('а', '-100'), ('шубка', '-100'), ('себе', '-100'), ('собирает', '-100'), ('ягодки', '-100')]"
"[('оэн', 'E'), ('говорю', '-100'), ('там', '-100'), ('тоже', '-100'), ('бывает', '-100'), ('он', '-100'), ('любит', '-100'), ('ягоды', '-100')]"
"[('трясуга', '-100'), ('что', '-100'), ('ли', '-100'), ('старушки', '-100'), ('называют', '-100'), ('ну', '-100'), ('что', '-100'), ('трясётся', '-100'), ('трясинка', '-100'), ('вот', '-100'), ('эта', '-100'), ('тртярясётся', 'E')]"
"[('не', '-100'), ('хочет', '-100'), ('чтоб', '-100'), ('я', '-100'), ('его', '-100'), ('трогаа', 'E')]"
"[('есть', '-100'), ('вот', '-100'), ('в', '-100'), ('пушгорах', '-100'), ('вот', '-100'), ('эти', '-100'), ('там', '-100'), ('кевчонди', 'E'), ('говорят', '-100'), ('тем', '-100'), ('летом', '-100'), ('ну', '-100'), ('вот', '-100'), ('в', '-100'), ('ягодах', '-100'), ('утопились', '-100'), ('девчонки', '-100')]"
"[('вчот', 'E'), ('так', '-100'), ('вот', '-100'), ('маленько', '-100'), ('тебе', '-100'), ('вот', '-100'), ('так', '-100'), ('поделаю', '-100'), ('ну', '-100'), ('маленько.', '-100')]"
"[('не', '-100'), ('буду', '-100'), ('я', '-100'), ('тебя', '-100'), ('больше', '-100'), ('трогать', '-100'), ('ить', 'E')]"
"[('поцарпался', 'E'), ('вон', '-100'), ('маму', '-100')]"
"[('ну', '-100'), ('нааддо', 'E'), ('смотреть', '-100'), ('же', '-100'), ('чтоб', '-100'), ('не', '-100'), ('утопиться', '-100')]"
"[('ен', 'E'), ('все', '-100'), ('ж', '-100')]"
"[('не', '-100'), ('знаю', '-100'), ('я', '-100'), ('чё-то', '-100'), ('её', '-100'), ('ине', 'E'), ('знаю', '-100')]"
"[('дам', 'E'), ('раньше', '-100'), ('ж', '-100'), ('клубы', '-100'), ('же', '-100'), ('были', '-100')]"
"[('приезжали', '-100'), ('домой', '-100'), ('пршдеиь', 'E'), ('а', '-100'), ('мать', '-100'), ('и', '-100'), ('говорит', '-100'), ('иди', '-100'), ('выгоняй', '-100'), ('корову', '-100')]"
"[('а', '-100'), ('если', '-100'), ('это', '-100'), ('твоя', '-100'), ('очередь', '-100'), ('пасти', '-100'), ('коров', '-100'), ('мы', '-100'), ('жед', 'E'), ('спим', '-100'), ('на', '-100'), ('поле', '-100'), ('ляжешь', '-100'), ('уснёшь', '-100')]"
"[('берёь', 'E'), ('свою', '-100'), ('косметику', '-100'), ('накрасишься', '-100'), ('чтоб', '-100'), ('это', '-100'), ('по-быстренькому', '-100'), ('всё', '-100')]"
"[('лоеп', 'E'), ('с', '-100'), ('дома', '-100'), ('и', '-100'), ('уже', '-100'), ('опять', '-100'), ('смылся', '-100')]"
"[('мать', '-100'), ('как', '-100'), ('купиюла', 'E'), ('наверное', '-100'), ('штук', '-100'), ('сорок', '-100'), ('пятьдесят', '-100'), ('их', '-100')]"
"[('говорит', '-100'), ('яички', '-100'), ('удут', 'E'), ('какие', '-100'), ('яички', '-100'), ('попробуй', '-100'), ('нам', '-100'), ('их', '-100'), ('пасти', '-100'), ('этих', '-100'), ('нам', '-100'), ('смотаться', '-100'), ('уже', '-100'), ('надо', '-100'), ('вечерком', '-100'), ('на', '-100'), ('танцы', '-100')]"
"[('ккннопка', 'E'), ('зовут', '-100')]"
"[('а', '-100'), ('старшую', '-100'), ('рчип', 'E')]"
"[('ну', '-100'), ('так', '-100'), ('немногноого', 'E'), ('вот', '-100'), ('печка', '-100'), ('у', '-100'), ('вас', '-100'), ('есть', '-100'), ('я', '-100'), ('гляжу', '-100')]"
"[('угу', '-100'), ('у', '-100'), ('вас', '-100'), ('русскакяая', 'E')]"
"[('пэти', 'E'), ('нас', '-100'), ('да', '-100'), ('выслеживают', '-100')]"
"[('а', '-100'), ('то', '-100'), ('есть', '-100'), ('у', '-100'), ('магазина', '-100'), ('там', '-100'), ('ничего', '-100'), ('такого', '-100'), ('особого', '-100'), ('нентет', 'E')]"
"[('вот', '-100'), ('лисичек', '-100'), ('бы', '-100'), ('купить', '-100'), ('но', '-100'), ('чё-то', '-100'), ('лисички', '-100'), ('наверное', '-100'), ('только', '-100'), ('прошли', 'E')]"
"[('вот', '-100'), ('она', '-100'), ('говорист', 'E'), ('что', '-100'), ('лисички', '-100'), ('уже', '-100'), ('есть', '-100'), ('ели', '-100'), ('они', '-100'), ('их', '-100')]"
"[('а', '-100'), ('вот', '-100'), ('мы', '-100'), ('у', '-100'), ('многих', '-100'), ('бабок', '-100'), ('и', '-100'), ('вообще', '-100'), ('у', '-100'), ('многих', '-100'), ('здесь', '-100'), ('людей', '-100'), ('видим', '-100'), ('на', '-100'), ('двееррях', 'E'), ('кресты', '-100'), ('и', '-100'), ('на', '-100'), ('воротах', '-100'), ('так', '-100'), ('нарисованы', '-100')]"
"[('углём', '-100'), ('гуу', 'E')]"
"[('понотня', 'E')]"
"[('тоже', '-100'), ('кто', '-100'), ('как', '-100'), ('наврное', 'E')]"
"[('жгла', '-100'), ('одна', '-100'), ('так', '-100'), ('напротив', '-100'), ('не', 'E'), ('траву', '-100'), ('и', '-100'), ('дом', '-100'), ('сгорел', '-100')]"
"[('с', '-100'), ('вот', '-100'), ('еза', 'E'), ('захново', '-100')]"
"[('змей', '-100'), ('змею', '-100'), ('сроптите', 'E')]"
"[('а', '-100'), ('кожаоежаевское', 'E')]"
"[('пбонятно', 'E')]"
"[('а', '-100'), ('то', '-100'), ('есть', '-100'), ('этэото', 'E'), ('вот', '-100'), ('там', '-100'), ('где-то', '-100')]"
"[('понятнйо', 'E')]"
"[('а', '-100'), ('вы', '-100'), ('в', '-100'), ('леу', 'E'), ('чё', '-100'), ('находите', '-100'), ('такое', '-100')]"
"[('а', '-100'), ('вот', '-100'), ('когда', '-100'), ('иддёшь', 'E'), ('болото', '-100'), ('а', '-100'), ('потом', '-100'), ('такое', '-100'), ('озеро', '-100'), ('-', '-100'), ('как-то', '-100'), ('название', '-100'), ('имеет', '-100'), ('какое-то', '-100')]"
"[('так', '-100'), ('мтя', 'E'), ('позируй', '-100')]"
"[('черника', '-100'), ('ж', '-100'), ('тоже', '-100'), ('на', '-100'), ('олоте', 'E')]"
"[('не', '-100'), ('этго', 'E'), ('до', '-100'), ('меня', '-100'), ('уже', '-100'), ('построен', '-100'), ('был', '-100'), ('он', '-100')]"
"[('ун', 'E'), ('пожалуйста', '-100'), ('господи', '-100'), ('о', '-100'), ('чём', '-100'), ('разговор', '-100'), ('девочки', '-100'), ('о', '-100'), ('чём', '-100'), ('разговор', '-100')]"
"[('в', '-100'), ('сорок', '-100'), ('девяом', 'E'), ('году', '-100')]"
"[('семьдесят', '-100'), ('лет', '-100'), ('вот', '-100'), ('мнмене', 'E')]"
"[('механичекая', 'E'), ('служба', '-100')]"
"[('мы', '-100'), ('здесь', '-100'), ('с', '-100'), ('женой', '-100'), ('жили', '-100'), ('жена', '-100'), ('умерла', '-100'), ('воотт', 'E'), ('у', '-100'), ('меня', '-100'), ('в', '-100'), ('пятнадцатом', '-100'), ('году', '-100')]"
"[('у', '-100'), ('меня', '-100'), ('даже', '-100'), ('кота', '-100'), ('и', '-100'), ('то', '-100'), ('его', '-100'), ('отдал', '-100'), ('мне', '-100'), ('мне', '-100'), ('ндо', 'E')]"
"[('а', '-100'), ('ходить', '-100'), ('за', '-100'), ('молоко', '-100'), ('что-то', '-100'), ('в', '-100'), ('мне', '-100'), ('ходить', '-100'), ('у', '-100'), ('меня', '-100'), ('артрозы', '-100'), ('дав', 'E'), ('артроза', '-100'), ('ещё', '-100')]"
"[('сатма', 'E'), ('сахарный', '-100'), ('диабет', '-100'), ('вот', '-100'), ('шунтирование', '-100'), ('сделали', '-100'), ('в', '-100'), ('пятнадцатом', '-100'), ('году', '-100')]"
"[('не', '-100'), ('ну', '-100'), ('вы', '-100'), ('понимаете', '-100'), ('разговорорвазговоров', 'E'), ('много', '-100'), ('в', '-100'), ('общем', '-100'), ('ведётся', '-100'), ('но', '-100')]"
"[('здесь', '-100'), ('покуда', '-100'), ('я', '-100'), ('не', '-100'), ('знаю', '-100'), ('о', '-100'), ('чём', '-100'), ('чтоб', '-100'), ('она', '-100'), ('бы', '-100'), ('что-то', '-100'), ('изменилось', '-100'), ('как', '-100'), ('она', '-100'), ('была', '-100'), ('акая', 'E'), ('она', '-100'), ('и', '-100'), ('есть', '-100')]"
"[('ну', '-100'), ('сморода', '-100'), ('сливы', '-100'), ('всё', '-100'), ('десть', 'E')]"
"[('смороодрода', 'E'), ('разная', '-100')]"
"[('автолава', 'E')]"
"[('а', '-100'), ('я', '-100'), ('не', '-100'), ('помню', '-100'), ('чтоб', '-100'), ('не', '-100'), ('было', '-100'), ('ои', 'E'), ('всегда', '-100'), ('были', '-100')]"
"[('я', '-100'), ('хожу', '-100'), ('еле', '-100'), ('к', '-100'), ('дому', '-100'), ('какая', '-100'), ('охота', '-100'), ('я', '-100'), ('не', '-100'), ('могу', '-100'), ('ходить', '-100'), ('далеко', '-100'), ('я', '-100'), ('когда', '-100'), ('хожу', '-100'), ('гуляю', '-100'), ('каждый', '-100'), ('день', '-100'), ('вечером', '-100'), ('ну', '-100'), ('где-то', '-100'), ('часа', '-100'), ('в', '-100'), ('четыре', '-100'), ('в', '-100'), ('три', '-100'), ('часа', '-100'), ('я', '-100'), ('слушаю', '-100'), ('вести', '-100'), ('то', '-100'), ('есть', '-100'), ('я', '-100'), ('ежедневно', '-100'), ('хожу', '-100'), ('гулять', '-100'), ('я', '-100'), ('до', '-100'), ('асфальта', '-100'), ('дохожу', '-100'), ('прихожу', '-100'), ('уже', '-100'), ('ложиться', '-100'), ('надо', '-100'), ('час', '-100'), ('лежатьо', 'E'), ('нормально', '-100')]"
"[('труба', '-100'), ('и', '-100'), ('уходит', '-100'), ('дёверку', 'E'), ('открыл', '-100'), ('закрыл', '-100')]"
"[('той', '-100'), ('я', '-100'), ('не', '-100'), ('знаю', '-100'), ('я', '-100'), ('не', '-100'), ('клал', '-100'), ('я', '-100'), ('не', '-100'), ('зню', 'E'), ('ну', '-100'), ('вот', '-100'), ('я', '-100'), ('знаю', '-100'), ('здесь', '-100'), ('тепло', '-100'), ('идёт', '-100')]"
"[('та', '-100'), ('я', '-100'), ('был', '-100'), ('в', '-100'), ('школу', '-100'), ('начальную', '-100'), ('ходил', '-100'), ('где', '-100'), ('еивётж', 'E'), ('там', '-100'), ('была', '-100'), ('школа', '-100'), ('раньше', '-100')]"
"[('всё', '-100'), ('им', '-100'), ('квартира', '-100'), ('всё', '-100'), ('им', '-100'), ('оставил', '-100'), ('они', '-100'), ('гживут', 'E'), ('как', '-100')]"
"[('так', '-100'), ('хоть', '-100'), ('жена', '-100'), ('была', '-100'), ('хорошо', '-100'), ('жена', '-100'), ('уж', '-100'), ('улерма', 'E'), ('три', '-100'), ('года', '-100'), ('назад', '-100')]"
"[('ввоот', 'E'), ('строгальная', '-100'), ('штука', '-100'), ('вот', '-100'), ('сверлильная', '-100'), ('стоит', '-100')]"
"[('и', '-100'), ('ими', '-100'), ('тими', 'E')]"
"[('как', '-100'), ('же', '-100'), ('так', '-100'), ('жит', 'E'), ('чтоб', '-100'), ('ничего', '-100'), ('не', '-100'), ('было', '-100')]"
"[('возле', '-100'), ('дома', '-100'), ('я', '-100'), ('кошу', '-100'), ('электрическщой', 'E')]"
"[('она', '-100'), ('уже', '-100'), ('в', '-100'), ('возрастес', 'E'), ('ей', '-100'), ('восемьдесят', '-100'), ('пять', '-100'), ('уже', '-100')]"
"[('но', '-100'), ('она', '-100'), ('вот', '-100'), ('ак', 'E'), ('с', '-100'), ('неё', '-100'), ('поди', '-100')]"
"[('этот', '-100'), ('дом', '-100'), ('где', '-100'), ('живут', '-100'), ('уже', '-100'), ('лет', '-100'), ('наверное', '-100'), ('ридцать', 'E'), ('примерно', '-100')]"
"[('пепел', '-100'), ('шар', '-100'), ('вот', '-100'), ('эти', '-100'), ('открываеь', 'E'), ('штучки', '-100'), ('и', '-100'), ('вычищаешь', '-100')]"
"[('понимаете', '-100'), ('щпечка', 'E'), ('почему', '-100'), ('когда', '-100'), ('печку', '-100'), ('стопил', '-100'), ('-', '-100'), ('сутки', '-100'), ('тепло', '-100')]"
"[('сутки', '-100'), ('нзе', 'E'), ('надо', '-100'), ('ничего', '-100'), ('больше', '-100'), ('топить', '-100')]"
"[('ну', '-100'), ('захочешь', '-100'), ('там', '-100'), ('для', '-100'), ('кого-нибудь', '-100'), ('обогреватель', '-100'), ('немножечко', '-100'), ('включить', '-100'), ('когда', '-100'), ('очень', '-100'), ('холодно', '-100'), ('а', '-100'), ('так', '-100'), ('еейй', 'E'), ('хватает', '-100'), ('даже', '-100'), ('куда', '-100'), ('хочешь', '-100')]"
"[('в', '-100'), ('травы', '-100'), ('или', '-100'), ('где', '-100'), ('ходят', '-100'), ('их', '-100'), ('нет', '-100'), ('у', '-100'), ('нса', 'E')]"
"[('а', '-100'), ('правда', '-100'), ('это', '-100'), ('-', '-100'), ('я', '-100'), ('не', '-100'), ('видел', '-100'), ('я', '-100'), ('не', '-100'), ('могу', '-100'), ('я', '-100'), ('говорили', '-100'), ('я', '-100'), ('мат', 'E'), ('не', '-100'), ('был', '-100'), ('я', '-100'), ('не', '-100'), ('ходил', '-100')]"
"[('вот', '-100'), ('они', '-100'), ('ж', '-100'), ('знали', '-100'), ('да', '-100'), ('я', '-100'), ('и', '-100'), ('не', '-100'), ('интересовался', '-100'), ('этим', '-100'), ('я', '-100'), ('был', '-100'), ('молодой', '-100'), ('человек', '-100'), ('да', '-100'), ('зачем', '-100'), ('это', '-100'), ('мней', 'E'), ('колдовство', '-100'), ('это', '-100'), ('нужно', '-100'), ('было', '-100'), ('а', '-100'), ('на', '-100'), ('кой-то', '-100'), ('мне', '-100')]"
"[('но', '-100'), ('а', '-100'), ('теперь', '-100'), ('ннее', 'E'), ('от', '-100'), ('кого', '-100'), ('услышать', '-100')]"
"[('все', '-100'), ('умерли', '-100'), ('моя', '-100'), ('чужихам', '-100'), ('я', '-100'), ('не', '-100'), ('верюч', 'E'), ('чужие', '-100'), ('могут', '-100'), ('соврать', '-100')]"
"[('девочки', '-100'), ('у', 'E'), ('почему', '-100'), ('против', '-100'), ('я', '-100'), ('же', '-100'), ('вам', '-100'), ('ничего', '-100'), ('плохое', '-100'), ('не', '-100'), ('сказал', '-100'), ('то', '-100'), ('что', '-100'), ('есть', '-100'), ('в', '-100'), ('жизни', '-100'), ('было', '-100'), ('что', '-100'), ('я', '-100'), ('знал', '-100'), ('то', '-100'), ('сказал', '-100')]"
"[('вот', '-100'), ('а', '-100'), ('вы', '-100'), ('валерий', '-100'), ('правиньло', 'E')]"
"[('в', '-100'), ('сорок', '-100'), ('девятом', '-100'), ('йо', 'E')]"
"[('ле', 'E'), ('двадцать', '-100'), ('а', '-100'), ('сюда', '-100'), ('когда', '-100'), ('приехали', '-100')]"
"[('ого', '-100'), ('то', '-100'), ('есть', '-100'), ('в', 'E'), ('заканчивали', '-100'), ('что-то', '-100'), ('механическое', '-100'), ('или', '-100')]"
"[('а', '-100'), ('ну', '-100'), ('мы', '-100'), ('не', '-100'), ('видели', '-100'), ('но', '-100'), ('другие', '-100'), ('там', '-100'), ('кллеги', 'E'), ('может', '-100'), ('встречали', '-100')]"
"[('яблони', '-100'), ('ёага', 'E')]"
"[('а', '-100'), ('что', '-100'), ('ещё', '-100'), ('кроме', '-100'), ('яблонь', '-100'), ('сть', 'E')]"
"[('го', 'E'), ('ничего', '-100'), ('себе', '-100')]"
"[('а', '-100'), ('когда', '-100'), ('поспеваетс', 'E')]"
"[('а', '-100'), ('ну', '-100'), ('то', '-100'), ('есть', '-100'), ('у', '-100'), ('вас', '-100'), ('такой', '-100'), ('натуральный', '-100'), ('обен', 'E'), ('здесь', '-100')]"
"[('ага', '-100'), ('а', '-100'), ('раньше', '-100'), ('когда', '-100'), ('не', '-100'), ('былол', 'E'), ('автолавки', '-100')]"
"[('вы', '-100'), ('может', '-100'), ('расскажете', '-100'), ('там', '-100'), ('каких', '-100'), ('рыб', '-100'), ('на', '-100'), ('на', '-100'), ('что', '-100'), ('кожгда', 'E'), ('забрасывать', '-100'), ('кого', '-100'), ('ловить', '-100')]"
"[('а', '-100'), ('они', '-100'), ('как', '-100'), ('они', '-100'), ('обе', '-100'), ('одинаково', '-100'), ('устроены', '-100'), ('простоэ', 'E'), ('разной', '-100'), ('формы', '-100'), ('или', '-100')]"
"[('то', '-100'), ('есть', '-100'), ('эта', '-100'), ('просто', '-100'), ('размером', '-100'), ('поменьше', '-100'), ('там', '-100'), ('не', '-100'), ('то', '-100'), ('что', '-100'), ('какьое-то', 'E'), ('другое', '-100'), ('устройство', '-100')]"
"[('ага', '-100'), ('а', '-100'), ('гдзе', 'E'), ('школа', '-100'), ('была', '-100')]"
"[('у', '-100'), ('вас', '-100'), ('вот', '-100'), ('там', '-100'), ('дом', '-100'), ('как-то', '-100'), ('из', '-100'), ('трех', '-100'), ('частей', '-100'), ('правильно', '-100'), ('там', '-100'), ('что-то', '-100'), ('ещё', '-100'), ('есть', '-100'), ('да', '-100'), ('там', '-100'), ('где-то', '-100'), ('что-то', 'E'), ('хранится', '-100')]"
"[('ой', '-100'), ('я', '-100'), ('н', 'E'), ('помню', '-100'), ('как', '-100'), ('это', '-100'), ('называется', '-100')]"
"[('понятэно', 'E')]"
"[('извините', '-100'), ('как', '-100'), ('пназывается', 'E')]"
"[('да', '-100'), ('с', '-100'), ('печкой', '-100'), ('зимой', '-100'), ('хорошо', '-100'), ('наверное', '-100'), ('она', '-100'), ('ж', '-100'), ('сильно', '-100'), ('топиотпит', 'E')]"
"[('да', '-100'), ('мы', '-100'), ('вера', 'E'), ('там', '-100'), ('видели', '-100'), ('ужа', '-100'), ('одного', '-100')]"
"[('а', '-100'), ('ну', '-100'), ('то', '-100'), ('есть', '-100'), ('сюд', 'E'), ('они', '-100'), ('вообще', '-100'), ('не', '-100'), ('приезжают', '-100')]"
"[('ну', '-100'), ('то', '-100'), ('естнь', 'E'), ('а', '-100'), ('вы', '-100'), ('сами', '-100'), ('в', '-100'), ('колдунов', '-100'), ('не', '-100'), ('очень', '-100'), ('верите', '-100')]"
"[('ага', '-100'), ('ну', '-100'), ('вот', '-100'), ('в', '-100'), ('школа', '-100'), ('быа', 'E'), ('десятилетка', '-100'), ('да', '-100')]"
"[('это', '-100'), ('если', '-100'), ('буханку', '-100'), ('эту', '-100'), ('хлеба', '-100'), ('принесет', '-100'), ('как', '-100'), ('наша', '-100'), ('сейчас', '-100'), ('семья', '-100'), ('нас', '-100'), ('жжее', 'E'), ('нас', '-100'), ('сколько', '-100'), ('сейчас', '-100'), ('семь', '-100'), ('человек', '-100'), ('вот', '-100'), ('нас', '-100'), ('если', '-100'), ('эту', '-100'), ('буханку', '-100'), ('хлеба', '-100'), ('нам', '-100'), ('не', '-100'), ('хватает', '-100'), ('практически', '-100'), ('вот', '-100'), ('он', '-100'), ('вчера', '-100'), ('принес', '-100'), ('два', '-100'), ('батона', '-100'), ('к', '-100'), ('вечеру', '-100'), ('сегодня', '-100'), ('хватились', '-100'), ('утром', '-100'), ('пить', '-100'), ('чай', '-100'), ('он', '-100'), ('говорит', '-100'), ('батона', '-100'), ('оставши', '-100'), ('вот', '-100'), ('така', '-100')]"
"[('ребята', 'E'), ('молодые', '-100'), ('а', '-100'), ('что', '-100'), ('батончики', '-100'), ('такие', '-100')]"
"[('н', 'E'), ('то', '-100'), ('где-то', '-100'), ('схалтурит', '-100'), ('там', '-100'), ('где-то', '-100'), ('кого-то', '-100'), ('свезет', '-100'), ('где-то', '-100'), ('кого-то', '-100'), ('это', '-100'), ('самое', '-100'), ('скосит', '-100'), ('кому-то', '-100'), ('где-то', '-100'), ('что-то', '-100'), ('такое', '-100'), ('поделает', '-100')]"
"[('он', '-100'), ('тоже', '-100'), ('не', '-100'), ('сидит', '-100'), ('он', '-100'), ('у', '-100'), ('нас', '-100'), ('водку', '-100'), ('не', '-100'), ('пьыет', 'E'), ('он', '-100'), ('сейчас', '-100'), ('он', '-100'), ('водку', '-100'), ('не', '-100'), ('пьет', '-100'), ('уж', '-100'), ('лет', '-100'), ('пятнадцать', '-100'), ('вообще', '-100'), ('не', '-100'), ('знает', '-100')]"
"[('я', '-100'), ('могу', '-100'), ('что', '-100'), ('пить', '-100'), ('дед', '-100'), ('не', '-100'), ('пьет', '-100'), ('вообще', '-100'), ('нам', '-100'), ('водка', '-100'), ('как-то', '-100'), ('эта', '-100'), ('я', '-100'), ('не', '-100'), ('понимаю', '-100'), ('вот', '-100'), ('это', '-100'), ('коак', 'E'), ('люди', '-100'), ('берут', '-100'), ('и', '-100'), ('пьют', '-100')]"
"[('этот', '-100'), ('приехал', '-100'), ('аркадий', '-100'), ('тракториста', '-100'), ('как', '-100'), ('понижать', '-100'), ('вот', '-100'), ('они', '-100'), ('напивются', 'E'), ('там', '-100'), ('в', '-100'), ('колхозе', '-100'), ('в', '-100'), ('центральный', '-100'), ('на', '-100'), ('понижание', '-100'), ('их', '-100'), ('дают', '-100'), ('в', '-100'), ('бригаду', '-100'), ('на', '-100'), ('перевоспитание', '-100')]"
"[('вот', '-100'), ('когда', '-100'), ('мне', '-100'), ('сужика', '-100'), ('моего', '-100'), ('праслили', 'E')]"
"[('я', '-100'), ('всея', '-100'), ('водт', 'E'), ('тут', '-100'), ('стояла', '-100'), ('как', '-100'), ('увидела', '-100'), ('егоа', '-100'), ('он', '-100'), ('я', '-100'), ('повалилась', '-100'), ('от', '-100'), ('смеха', '-100')]"
"[('а', '-100'), ('он', '-100'), ('и', '-100'), ('говорит', '-100'), ('мне', '-100'), ('чтоб', '-100'), ('пожалеть', '-100'), ('она', '-100'), ('еще', '-100'), ('и', '-100'), ('хохочт', 'E')]"
"[('какого', '-100'), ('гада', '-100'), ('ж', '-100'), ('тебя', '-100'), ('тда', 'E'), ('гнала', '-100'), ('в', '-100'), ('эту', '-100'), ('волокушу', '-100')]"
"[('пеку', 'E'), ('топлюмашина', '-100'), ('за', '-100'), ('машиной', '-100'), ('и', '-100'), ('он', '-100'), ('взял', '-100'), ('всё', '-100'), ('это', '-100'), ('комбикорм', '-100'), ('продал', '-100')]"
"[('еще', '-100'), ('я', '-100'), ('уж', '-100'), ('пошла', '-100'), ('домой', '-100'), ('прибераться', '-100'), ('уже', '-100'), ('вижу', '-100'), ('что', '-100'), ('посеяли', '-100'), ('все', '-100'), ('у', '-100'), ('меня', '-100'), ('зерно', '-100'), ('кончилось', '-100'), ('вечером', '-100'), ('продадут', '-100'), ('напются', 'E')]"
"[('умудрялись', '-100'), ('всяко', '-100'), ('а', '-100'), ('комбикорм', 'E'), ('это', '-100'), ('воровать', '-100')]"
"[('поеду', '-100'), ('с', '-100'), ('рабочими', '-100'), ('по', '-100'), ('первости', '-100'), ('мы', '-100'), ('н', 'E'), ('лошадях', '-100'), ('ездили', '-100'), ('а', '-100'), ('потом', '-100'), ('нам', '-100'), ('трактора', '-100'), ('давали', '-100'), ('уже', '-100'), ('воить', '-100'), ('комбикорм', '-100'), ('свиней', '-100'), ('было', '-100'), ('много', '-100')]"
"[('и', '-100'), ('они', '-100'), ('вот', '-100'), ('ты', '-100'), ('понимаешь', '-100'), ('он', '-100'), ('приезжает', '-100'), ('вот', '-100'), ('на', '-100'), ('ферму', '-100'), ('стою', '-100'), ('гляжу', '-100'), ('несут', '-100'), ('мешки', '-100'), ('один', '-100'), ('второй', '-100'), ('высыпают', '-100'), ('в', '-100'), ('ларь', '-100'), ('такие', '-100'), ('лари', '-100'), ('были', '-100'), ('большие', '-100'), ('огромные', '-100'), ('вот', '-100'), ('в', '-100'), ('ларь', '-100'), ('этэотот', 'E'), ('ссыпают', '-100')]"
"[('пойду', '-100'), ('погляжу', '-100'), ('ак', 'E'), ('будто', '-100'), ('нет', '-100'), ('ничего', '-100'), ('а', '-100'), ('они', '-100'), ('в', '-100'), ('в', '-100'), ('какую-нибудь', '-100'), ('засыпят', '-100'), ('потом', '-100'), ('вечером', '-100'), ('выгребют', '-100'), ('и', '-100'), ('продадут', '-100'), ('не', '-100'), ('в', '-100'), ('ларь', '-100')]"
"[('пвсе', 'E'), ('все', '-100'), ('все', '-100'), ('всяко', '-100'), ('умудрялись', '-100'), ('столько', '-100'), ('было', '-100'), ('всяких', '-100'), ('приключений', '-100'), ('это', '-100'), ('ужас', '-100')]"
"[('жисьбольшая', 'E'), ('девочнка', '-100'), ('большая', '-100'), ('жизнь', '-100'), ('длинная', '-100'), ('бабья', '-100'), ('жизнь', '-100'), ('но', '-100'), ('и', '-100'), ('много', '-100'), ('всего', '-100'), ('было', '-100'), ('конечно', '-100')]"
"[('а', '-100'), ('там', '-100'), ('у', '-100'), ('вас', '-100'), ('дом', '-100'), ('даден', '-100'), ('ад', 'E'), ('или', '-100'), ('что', '-100'), ('я', '-100'), ('говорю', '-100'), ('снимаете', '-100')]"
"[('якут', '-100'), ('дца', 'E')]"
"[('вань', '-100'), ('ты', '-100'), ('ж', '-100'), ('там', '-100'), ('в', '-100'), ('кишкино', '-100'), ('всех', '-100'), ('зниал', 'E')]"
"[('но', '-100'), ('дачник', 'E'), ('да', '-100')]"
"[('там', '-100'), ('на', '-100'), ('фонтанах', '-100'), ('не', '-100'), ('были', '-100'), ('ин', 'E'), ('раз', '-100')]"
"[('а', '-100'), ('там', '-100'), ('да', '-100'), ('у', '-100'), ('нас', '-100'), ('когда', '-100'), ('коопратив-то', 'E'), ('первый', '-100'), ('проходишь', '-100')]"
"[('открой', '-100'), ('дверь', '-100'), ('може', '-100'), ('оин', 'E'), ('правда', '-100'), ('там', '-100'), ('они', '-100'), ('точно', '-100'), ('стоят', '-100'), ('открой', '-100'), ('ей', '-100'), ('дверь', '-100'), ('нажми', '-100')]"
"[('малеунький', 'E'), ('уже', '-100'), ('чуть-чуть', '-100'), ('о', '-100'), ('видишь', '-100'), ('еще', '-100'), ('вас', '-100'), ('а', '-100'), ('больше', '-100'), ('не', '-100'), ('будет', '-100')]"
"[('все', '-100'), ('тут', '-100'), ('о', '-100'), ('кка', 'E'), ('вас', '-100')]"
"[('вышли', '-100'), ('гулять', '-100'), ('а', '-100'), ('то', '-100'), ('были', '-100'), ('спрятавшися', '-100'), ('в', '-100'), ('хлеву', '-100'), ('сейчас', '-100'), ('вышли', '-100'), ('улять', 'E'), ('уже', '-100')]"
"[('а', '-100'), ('цыплят', '-100'), ('но', '-100'), ('не', '-100'), ('пускай', '-100'), ('там', '-100'), ('сухенько', '-100'), ('там', '-100'), ('хорошо', '-100'), ('они', '-100'), ('ж', '-100'), ('еще', '-100'), ('у', '-100'), ('них', '-100'), ('еще', '-100'), ('перышшеек', 'E'), ('нет', '-100')]"
"[('а', '-100'), ('вон', '-100'), ('одень', '-100'), ('тапки', '-100'), ('мои', '-100'), ('таикп', 'E')]"
"[('ничего', '-100'), ('делать', '-100'), ('нне', 'E'), ('надо', '-100'), ('жала', '-100'), ('нет', '-100')]"
"[('не', '-100'), ('там', '-100'), ('дырочка', '-100'), ('наверное', '-100'), ('осталась', '-100'), ('жало', '-100'), ('должн-то', '-100'), ('лыбо', 'E'), ('вытянуть', '-100'), ('сразу', '-100'), ('с', '-100'), ('этим', '-100')]"
"[('меня', '-100'), ('пчела', '-100'), ('кусила', '-100'), ('прошлый', '-100'), ('год', '-100'), ('у', '-100'), ('меня', '-100'), ('аллергия', '-100'), ('так', '-100'), ('была', '-100'), ('знаете', '-100'), ('как', '-100'), ('ногаъ', 'E'), ('распухши', '-100')]"
"[('вот', '-100'), ('и', '-100'), ('я', '-100'), ('ее', '-100'), ('две', '-100'), ('наверное', '-100'), ('меня', '-100'), ('кусило', '-100'), ('или', '-100'), ('три', '-100'), ('уж', '-100'), ('пчелы', '-100'), ('и', '-100'), ('что', '-100'), ('меня', '-100'), ('эа', 'E'), ('нога', '-100'), ('распухла', '-100'), ('так', '-100'), ('что', '-100'), ('я', '-100'), ('ее', '-100'), ('даже', '-100'), ('не', '-100'), ('могла', '-100'), ('ходить', '-100'), ('и', '-100'), ('не', '-100'), ('подымать', '-100'), ('даже', '-100'), ('не', '-100'), ('могла', '-100'), ('на', '-100'), ('кровать', '-100'), ('ее', '-100'), ('положить', '-100'), ('вот', '-100'), ('как', '-100'), ('было', '-100')]"
"[('наверху', '-100'), ('и', '-100'), ('в', '-100'), ('той', '-100'), ('коёмнате', 'E'), ('в', '-100'), ('каждой', '-100'), ('каждой', '-100')]"
"[('я', '-100'), ('помню', '-100'), ('я', '-100'), ('когюда', 'E'), ('приехала', '-100'), ('поженились', '-100'), ('мы', '-100'), ('в', '-100'), ('семьдесят', '-100'), ('третьем', '-100'), ('году', '-100')]"
"[('мы', '-100'), ('купили', '-100'), ('такой', '-100'), ('маленько', '-100'), ('он', '-100'), ('у', '-100'), ('нас', '-100'), ('побыл', '-100'), ('с', '-100'), ('ванькой', '-100'), ('потом', '-100'), ('появились', '-100'), ('цветные', '-100'), ('ну', '-100'), ('хочется', '-100'), ('ж', '-100'), ('вцетной', 'E')]"
"[('вот', '-100'), ('придут', '-100'), ('рассядутся', '-100'), ('я', '-100'), ('включаю', '-100'), ('овт', 'E'), ('телевизор', '-100'), ('им', '-100'), ('они', '-100'), ('смотрют', '-100'), ('и', '-100'), ('дожидают', '-100'), ('автолавку', '-100')]"
"[('хлеб', '-100'), ('был', '-100'), ('по', '-100'), ('двенадцать', '-100'), ('по', '-100'), ('четырнадцать', '-100'), ('копеечек', '-100'), ('по', '-100'), ('десять', '-100'), ('по', '-100'), ('тюридцать', 'E'), ('по', '-100'), ('сорок', '-100'), ('буханка', '-100'), ('если', '-100'), ('была', '-100'), ('возможность', '-100'), ('брали', '-100'), ('мешками', '-100'), ('кто', '-100'), ('больше', '-100')]"
"[('там', '-100'), ('по', '-100'), ('потом', '-100'), ('когда', '-100'), ('уже', '-100'), ('атсли', 'E'), ('мало', '-100'), ('давать', '-100'), ('хлеба', '-100'), ('мы', '-100'), ('набирали', '-100'), ('по', '-100'), ('пять', '-100'), ('буханок', '-100'), ('несколько', '-100'), ('раз', '-100'), ('чтоб', '-100'), ('набрать', '-100'), ('помногу', '-100'), ('хлеба', '-100'), ('этого', '-100')]"
"[('и', '-100'), ('во', 'E'), ('кормили', '-100'), ('хлебом', '-100'), ('и', '-100'), ('вот', '-100'), ('бабы', '-100'), ('сидят', '-100'), ('бывало', '-100'), ('смотрят', '-100'), ('телевизор', '-100'), ('я', '-100'), ('возьму', '-100'), ('включу', '-100'), ('им', '-100'), ('одну', '-100'), ('программу', '-100'), ('другую', '-100'), ('там', '-100'), ('по', '-100'), ('тарелке', '-100'), ('очень', '-100'), ('много', '-100'), ('ж', '-100'), ('было', '-100'), ('всякого', '-100')]"
"[('а', '-100'), ('бабы', '-100'), ('мои', '-100'), ('эти', '-100'), ('в', '-100'), ('жизнзини', 'E'), ('не', '-100'), ('видели', '-100'), ('никогда', '-100'), ('ничего', '-100'), ('такого', '-100'), ('никогда', '-100'), ('я', '-100'), ('помню', '-100'), ('валька', '-100'), ('на', '-100'), ('том', '-100'), ('свете', '-100'), ('она', '-100'), ('и', '-100'), ('так', '-100'), ('закроется', '-100'), ('и', '-100'), ('так', '-100'), ('неужели', '-100'), ('такое', '-100'), ('возможно', '-100'), ('показывать', '-100'), ('фу', '-100'), ('гадость', '-100'), ('какая.', '-100')]"
"[('они', '-100'), ('кто', '-100'), ('доярками', '-100'), ('были', '-100'), ('кто', '-100'), ('свинарками', '-100'), ('и', '-100'), ('вот', '-100'), ('сидят', '-100'), ('быавло', 'E'), ('а', '-100'), ('потом', '-100'), ('им', '-100'), ('понравилось', '-100'), ('они', '-100'), ('все', '-100'), ('время', '-100'), ('соберутся', '-100'), ('я', '-100'), ('им', '-100'), ('ну', '-100'), ('включи', '-100'), ('нам', '-100'), ('что-нибудь', '-100'), ('поглядеть', '-100')]"
"[('ну', '-100'), ('вот', '-100'), ('и', '-100'), ('потом', 'E'), ('сидят', '-100'), ('осуждают', '-100'), ('я', '-100'), ('говорю', '-100'), ('ну', '-100'), ('что', '-100'), ('ой', '-100'), ('господи', '-100')]"
"[('ладно', '-100'), ('мы', '-100'), ('а', '-100'), ('вот', '-100'), ('когда', '-100'), ('уходили', '-100'), ('мы', '-100'), ('на', '-100'), ('работу', '-100'), ('я', '-100'), ('боялась', '-100'), ('что', '-100'), ('это', '-100'), ('эти', '-100'), ('ребята', '-100'), ('залезут', '-100'), ('будут', '-100'), ('смотреть', '-100'), ('мы', '-100'), ('отключачли', 'E'), ('все', '-100'), ('блокировали', '-100'), ('ой', '-100'), ('господи', '-100')]"
"[('да', '-100'), ('да', '-100'), ('да', '-100'), ('а', '-100'), ('вот', '-100'), ('там', '-100'), ('вань', '-100'), ('в', '-100'), ('этом', '-100'), ('боу', 'E'), ('ж', '-100'), ('вань', '-100'), ('тоже', '-100'), ('лисичек', '-100'), ('много', '-100'), ('когда', '-100'), ('идешь', '-100'), ('по', '-100'), ('дороге', '-100'), ('да', '-100')]"
"[('придете', '-100'), ('домой', '-100'), ('как', '-100'), ('зажаёрите', 'E'), ('господи', '-100'), ('ой', '-100'), ('и', '-100'), ('яда', '-100'), ('и', '-100'), ('польза', '-100')]"
"[('говорил', '-100'), ('мне', '-100'), ('генька', '-100'), ('я', '-100'), ('с', '-100'), ('барабан', '-100'), ('ходила', '-100'), ('пешком', '-100'), ('домой', '-100'), ('бегала', '-100'), ('ппоо', 'E'), ('нескольку', '-100'), ('раз', '-100')]"
"[('ну', '-100'), ('что', '-100'), ('дома', '-100'), ('хозяйство', '-100'), ('надо', '-100'), ('было', '-100'), ('ребята', '-100'), ('бегу', '-100'), ('по', '-100'), ('асфальту', '-100'), ('беу', 'E'), ('другой', '-100'), ('раз', '-100'), ('то', '-100'), ('велосипед', '-100'), ('у', '-100'), ('меня', '-100'), ('три', '-100'), ('велосипеда', '-100'), ('украли', '-100'), ('пока', '-100'), ('ездила', '-100'), ('поставлю', '-100'), ('-', '-100'), ('увядут', '-100'), ('ну', '-100'), ('вот', '-100'), ('и', '-100'), ('потом', '-100'), ('уже', '-100'), ('пешком', '-100')]"
"[('остановился', '-100'), ('один', '-100'), ('раз', '-100'), ('едем', '-100'), ('в', '-100'), ('город', '-100'), ('ну', '-100'), ('до', '-100'), ('дома', '-100'), ('довезти', '-100'), ('я', '-100'), ('говорю', '-100'), ('довези', '-100'), ('гень', '-100'), ('ноги', '-100'), ('уже', '-100'), ('ннее', 'E'), ('идут', '-100'), ('это', '-100'), ('с', '-100'), ('валькой', '-100'), ('с', '-100'), ('женкой', '-100'), ('едут', '-100'), ('они', '-100')]"
"[('а', '-100'), ('валя', '-100'), ('в', '-100'), ('бибилотеке', '-100'), ('у', '-100'), ('нас', '-100'), ('работает', '-100'), ('она', '-100'), ('говорит', '-100'), ('тань', '-100'), ('-', '-100'), ('говорит', '-100'), ('-', '-100'), ('все', '-100'), ('ноги', '-100'), ('сбиты', '-100'), ('я', '-100'), ('говорую', 'E'), ('да', '-100'), ('все', '-100'), ('сбиты', '-100')]"
"[('а', '-100'), ('это', '-100'), ('самое', '-100'), ('он', '-100'), ('говорит', '-100'), ('так', '-100'), ('она', '-100'), ('ж', '-100'), ('без', '-100'), ('пользы', '-100'), ('бегает', '-100'), ('вот', '-100'), ('слеа', 'E'), ('подняла', '-100'), ('руку', '-100'), ('видишь', '-100'), ('там', '-100'), ('стоят', '-100'), ('девки', '-100')]"
"[('у', '-100'), ('нас', '-100'), ('у', '-100'), ('барабанов', '-100'), ('стояла', '-100'), ('молодлеодежь', 'E'), ('цыгане', '-100'), ('каких-то', '-100'), ('набирали', '-100'), ('девок', '-100')]"
"[('вывдили', 'E'), ('и', '-100'), ('продавали', '-100'), ('на', '-100'), ('базаре', '-100'), ('и', '-100'), ('они', '-100'), ('проедут', '-100'), ('и', '-100'), ('назад', '-100'), ('это', '-100'), ('они', '-100'), ('деньги', '-100'), ('от', '-100'), ('их', '-100'), ('отбирали', '-100')]"
"[('девчонка', '-100'), ('эта', '-100'), ('она', '-100'), ('говорит', '-100'), ('это', '-100'), ('самое', '-100'), ('етя', 'E'), ('тань', '-100')]"
"[('придет', '-100'), ('ннаа', 'E'), ('работу', '-100'), ('позевает', '-100'), ('я', '-100'), ('скажу', '-100'), ('тонька', '-100'), ('ты', '-100'), ('чего', '-100'), ('сегодня', '-100'), ('спишь', '-100'), ('на', '-100'), ('работе', '-100')]"
"[('а', '-100'), ('тетя', '-100'), ('тань', '-100'), ('вчера', '-100'), ('эти', '-100'), ('как', '-100'), ('же', '-100'), ('эти', '-100'), ('ак', 'E'), ('эти', '-100')]"
"[('набирают', '-100'), ('когда', '-100'), ('солдат-то', '-100'), ('этих', '-100'), ('новобранцы', '-100'), ('ехали', '-100'), ('целый', '-100'), ('астобув', 'E'), ('вот', '-100'), ('тут', '-100'), ('был', '-100'), ('остановивши', '-100'), ('я', '-100'), ('вышла', '-100')]"
"[('и', '-100'), ('все', '-100'), ('то', '-100'), ('каких-нибуадь', 'E'), ('привезет', '-100'), ('в', '-100'), ('байню', '-100'), ('там', '-100'), ('мужиков', '-100'), ('с', '-100'), ('ними', '-100'), ('всю', '-100'), ('ночь', '-100'), ('валанкается', '-100')]"
"[('а', '-100'), ('ее', '-100'), ('что-то', '-100'), ('принудилку', '-100'), ('ей', '-100'), ('прислал', 'E'), ('да', '-100'), ('мне', '-100'), ('тоже', '-100'), ('отрабатывать', '-100'), ('кого-то', '-100'), ('она', '-100'), ('была', '-100'), ('назначена', '-100')]"
"[('и', '-100'), ('вот', '-100'), ('таких', '-100'), ('набор', '-100'), ('два', '-100'), ('тюремщика', '-100'), ('вот', '-100'), ('эта', '-100'), ('тонька', '-100'), ('которая', '-100'), ('стояла', '-100'), ('на', '-100'), ('догоре', 'E'), ('торговала', '-100'), ('вот', '-100'), ('т', '-100')]"
"[('вот', '-100'), ('такие', '-100'), ('сбыл', 'E'), ('вот', '-100'), ('в', '-100'), ('той', '-100'), ('бригаде', '-100'), ('когда', '-100'), ('пришла', '-100'), ('вот', '-100'), ('там', '-100'), ('набран', '-100'), ('такие', '-100'), ('господи', '-100'), ('вот', '-100'), ('как', '-100'), ('ими', '-100'), ('руководить', '-100')]"
"[('я', '-100'), ('одному', '-100'), ('тут', '-100'), ('пахал', '-100'), ('я', '-100'), ('пришла', '-100'), ('ему', '-100'), ('говорю', '-100'), ('ты', '-100'), ('неправильно', '-100'), ('пропускаешь', '-100'), ('вот', '-100'), ('неглубоко', '-100'), ('надо', '-100'), ('вот', '-100'), ('таткак', 'E')]"
"[('уж', '-100'), ('уехал', '-100'), ('а', '-100'), ('вот', '-100'), ('этот', '-100'), ('как', '-100'), ('го', 'E'), ('с', '-100'), ('барабан-то', '-100'), ('этот', '-100'), ('вань', '-100')]"
"[('я', '-100'), ('не', '-100'), ('понимала', '-100'), ('что', '-100'), ('у', '-100'), ('него', '-100'), ('в', '-100'), ('головеф', 'E'), ('я', '-100'), ('всегда', '-100'), ('боялась', '-100'), ('ему', '-100'), ('даже', '-100'), ('сказать', '-100'), ('он', '-100'), ('вот', '-100'), ('делает', '-100'), ('и', '-100'), ('делает', '-100'), ('я', '-100'), ('боялась', '-100'), ('подйти', '-100'), ('сказать', '-100'), ('ему', '-100'), ('что-то', '-100')]"
"[('да', '-100'), ('а', '-100'), ('этэото', 'E'), ('мой', '-100')]"
"[('и', '-100'), ('он', '-100'), ('такой', '-100'), ('нуф', 'E'), ('женщинам', '-100'), ('нравился', '-100'), ('он', '-100'), ('такой', '-100'), ('у', '-100'), ('нас', '-100'), ('там', '-100'), ('это', '-100'), ('даже', '-100'), ('у', '-100'), ('него', '-100'), ('жена', '-100'), ('была', '-100'), ('тут', '-100'), ('нинка', '-100'), ('она', '-100'), ('померла', '-100')]"
"[('а', '-100'), ('у', '-100'), ('него', '-100'), ('там', '-100'), ('у', '-100'), ('нас', '-100'), ('агроном', '-100'), ('такая', '-100'), ('зойка', '-100'), ('была', '-100'), ('красивая', '-100'), ('женщина', '-100'), ('он', '-100'), ('с', '-100'), ('нейо', 'E'), ('даже', '-100'), ('он', '-100'), ('всем', '-100'), ('нравился', '-100'), ('такой', '-100'), ('ну', '-100'), ('такой', '-100'), ('бесшабашный', '-100'), ('такой', '-100'), ('красивый', '-100'), ('мужик', '-100')]"
"[('вернее', '-100'), ('ддааже', 'E'), ('с', '-100'), ('охоты', '-100'), ('пришел', '-100'), ('пришел', '-100'), ('к', '-100'), ('дому', '-100'), ('почти', '-100'), ('сел', '-100'), ('под', '-100'), ('стог', '-100'), ('и', '-100'), ('ружье', '-100'), ('и', '-100'), ('застрелился', '-100')]"
"[('сидела', '-100'), ('ома', 'E'), ('печку', '-100'), ('топила', '-100'), ('так', '-100'), ('на', '-100'), ('стуле', '-100'), ('и', '-100'), ('умерла', '-100'), ('и', '-100'), ('вот', '-100'), ('в', '-100'), ('прошлом', '-100'), ('году', '-100'), ('или', '-100'), ('запрошлом', '-100'), ('его', '-100'), ('младший', '-100'), ('сын', '-100'), ('последний', '-100'), ('замерз', '-100'), ('пьяный', '-100'), ('в', '-100'), ('луже', '-100')]"
"[('во', '-100'), ('как', '-100'), ('может', '-100'), ('быть', '-100'), ('в', '-100'), ('жизни', '-100'), ('всю', '-100'), ('семью', '-100'), ('выгреб', '-100'), ('и', '-100'), ('молодые', '-100'), ('ещеь', 'E')]"
"[('саша', 'E'), ('какой', '-100'), ('да', '-100'), ('сын', '-100'), ('евонный', '-100'), ('ох', '-100'), ('какой', '-100'), ('парень', '-100'), ('красивунный', '-100'), ('высокий', '-100')]"
"[('молодой', '-100'), ('сорок', '-100'), ('лвет', 'E'), ('вот', '-100'), ('как', '-100'), ('случайная', '-100'), ('пуля', '-100'), ('всю', '-100'), ('жисть', '-100'), ('ходил', '-100'), ('на', '-100'), ('охоту', '-100'), ('с', '-100'), ('детства', '-100')]"
"[('картечина', '-100'), ('вот', '-100'), ('как', '-100'), ('можнош', 'E'), ('всю', '-100'), ('семью', '-100'), ('забрали', '-100')]"
"[('не', '-100'), ('запрошлый', '-100'), ('навернозе', 'E')]"
"[('это', '-100'), ('батька', '-100'), ('вот', '-100'), ('говорыят', 'E'), ('когда', '-100'), ('грех', '-100'), ('берешь', '-100'), ('на', '-100'), ('себя', '-100'), ('этот', '-100'), ('грех', '-100'), ('не', '-100'), ('отмолишь', '-100'), ('никогда', '-100'), ('зачем', '-100'), ('он', '-100'), ('у', '-100'), ('себя', '-100'), ('стрелял', '-100')]"
"[('двердьверь', 'E'), ('же', '-100'), ('вот', '-100'), ('там', '-100'), ('же', '-100'), ('две', '-100'), ('двери', '-100'), ('всего', '-100'), ('одна', '-100'), ('наулицу', '-100'), ('одна', '-100'), ('в', '-100'), ('туалет', '-100')]"
"[('что', '-100'), ('обоиы', 'E'), ('нашли', '-100')]"
"[('дальше', '-100'), ('понятно', '-100'), ('ве', 'E'), ('иди', '-100')]"
"[('бывает', '-100'), ('такое', '-100'), ('ну', '-100'), ('ничего', '-100'), ('надо', '-100'), ('ключ', '-100'), ('там', '-100'), ('оставлять', '-100'), ('теепперь', 'E'), ('раз', '-100'), ('она', '-100'), ('так', '-100'), ('захлопывается', '-100'), ('чтоб', '-100'), ('не', '-100'), ('бегать', '-100'), ('домой', '-100'), ('все', '-100'), ('время', '-100')]"
"[('да', '-100'), ('только', '-100'), ('увидишь', '-100'), ('его', '-100'), ('утром', '-100'), ('видишь', '-100'), ('поел', '-100'), ('когда', '-100'), ('и', '-100'), ('в', '-100'), ('обед', '-100'), ('может', '-100'), ('придти', '-100'), ('поесть', '-100'), ('а', '-100'), ('может', '-100'), ('и', '-100'), ('вечеечером', 'E'), ('только', '-100')]"
"[('правда', '-100'), ('вот', '-100'), ('эти', '-100'), ('празники', '-100'), ('ее', 'E'), ('тут', '-100'), ('эти', '-100')]"
"[('потом', '-100'), ('на', '-100'), ('день', '-100'), ('города', '-100'), ('пятнадцатого', '-100'), ('июля', '-100'), ('и', '-100'), ('тут', '-100'), ('и', '-100'), ('ралле', '-100'), ('это', '-100'), ('будет', '-100'), ('тринадцатогоо', 'E'), ('или', '-100'), ('денадцатого', '-100'), ('ралле', '-100'), ('будет', '-100'), ('еще', '-100')]"
"[('упала', 'E'), ('шестого', '-100')]"
"[('да', '-100'), ('освобождебние', 'E'), ('опочки', '-100')]"
"[('пятнадцатого', '-100'), ('июля', '-100'), ('но', '-100'), ('нынче', '-100'), ('раз', '-100'), ('пятнадцатое', '-100'), ('совпало', '-100'), ('там', '-100'), ('не', '-100'), ('на', '-100'), ('выходной', '-100'), ('да', '-100'), ('тринадцатого', '-100'), ('а', '-100'), ('вообще', 'E'), ('пятнадцатого', '-100')]"
"[('не', '-100'), ('совпопало', '-100'), ('на', '-100'), ('понедельник', '-100'), ('да', '-100'), ('ад', 'E'), ('да', '-100'), ('а', '-100'), ('мы', '-100'), ('проводят', '-100'), ('они', '-100'), ('всегда', '-100'), ('в', '-100'), ('выходные', '-100'), ('в', '-100'), ('субботу', '-100'), ('значит', '-100'), ('тринадцатого', '-100'), ('будет', '-100')]"
"[('а', '-100'), ('вообще', '-100'), ('пятнадцатого', '-100'), ('памятники', '-100'), ('вот', '-100'), ('эти', '-100'), ('сейчас', '-100'), ('вот', '-100'), ('памятник', '-100'), ('поставили', '-100'), ('на', '-100'), ('площади', '-100'), ('ьолбшой', 'E'), ('это', '-100'), ('училищу', '-100'), ('ракетному', '-100')]"
"[('вот', '-100'), ('недавно', '-100'), ('буквально', '-100'), ('на', '-100'), ('отй', 'E'), ('неделе', '-100')]"
"[('ну', '-100'), ('там', '-100'), ('город', '-100'), ('вот', '-100'), ('парк', '-100'), ('хороший', '-100'), ('сделали', '-100'), ('конечно', '-100'), ('в', '-100'), ('ценре', 'E'), ('города', '-100'), ('а', '-100'), ('было', '-100'), ('просто', '-100'), ('такое', '-100'), ('место', '-100'), ('знаешь', '-100'), ('затонувшееся', '-100'), ('там', '-100'), ('канава', '-100'), ('и', '-100'), ('все', '-100'), ('ничего', '-100'), ('не', '-100'), ('было', '-100'), ('заросли', '-100'), ('такие', '-100'), ('коз', '-100'), ('пасли', '-100'), ('бабы', '-100')]"
"[('музыка', '-100'), ('играет', '-100'), ('везде', '-100'), ('залиатлиты', 'E'), ('дорожки', '-100'), ('везде', '-100'), ('засыпано', '-100'), ('песочком', '-100')]"
"[('и', '-100'), ('сейчас', '-100'), ('будут', '-100'), ('вал', '-100'), ('отделывать', '-100'), ('очень', '-100'), ('отпущена', '-100'), ('большая', '-100'), ('сумма', '-100'), ('денег', '-100'), ('чтобы', '-100'), ('завлекать', '-100'), ('как', '-100'), ('больше', '-100'), ('можно', '-100'), ('этих', '-100'), ('прыиезжих', 'E'), ('чтобы', '-100'), ('вот', '-100'), ('зарабатывать', '-100'), ('как', '-100'), ('бы', '-100'), ('на', '-100'), ('экскурсиях', '-100')]"
"[('где-то', '-100'), ('провести', '-100'), ('у', '-100'), ('нас', '-100'), ('же', '-100'), ('много', '-100'), ('памятных', '-100'), ('мест', '-100'), ('ьпо', 'E'), ('деревням', '-100'), ('и', '-100'), ('вот', '-100'), ('чтоб', '-100'), ('водить', '-100'), ('экскурсии', '-100'), ('и', '-100'), ('зарабатывать', '-100'), ('на', '-100'), ('этом', '-100'), ('деньги', '-100'), ('городу', '-100'), ('дополнительная', '-100'), ('чтобы', '-100'), ('прибыль', '-100'), ('была', '-100')]"
"[('был', '-100'), ('в', '-100'), ('опочке', '-100'), ('а', '-100'), ('вы', '-100'), ('зниаете', 'E'), ('сходите', '-100')]"
"[('и', '-100'), ('на', '-100'), ('площади', '-100'), ('очень', '-100'), ('много', '-100'), ('и', '-100'), ('там', '-100'), ('воинам', '-100'), ('погибшим', '-100'), ('памятник', '-100'), ('большой', '-100'), ('стоит', '-100'), ('же', '-100'), ('окол', 'E'), ('речки', '-100'), ('прямо', '-100'), ('на', '-100'), ('берегу', '-100'), ('речки', '-100'), ('вот', '-100'), ('такой', '-100'), ('косогор', '-100')]"
"[('вот', '-100'), ('а', '-100'), ('если', '-100'), ('куда', '-100'), ('выехать', '-100'), ('там', '-100'), ('тоже', '-100'), ('много', '-100'), ('всего', '-100'), ('ну', '-100'), ('это', '-100'), ('надо', '-100'), ('в', '-100'), ('теребень', '-100'), ('вот', '-100'), ('в', '-100'), ('теребени', '-100'), ('можно', '-100'), ('попасть', '-100'), ('вот', '-100'), ('там', '-100'), ('тоже', '-100'), ('говорят', '-100'), ('там', '-100'), ('церковь', '-100'), ('стариннатяаринная', 'E'), ('там', '-100'), ('батюшка', '-100'), ('такой', '-100'), ('хороший', '-100')]"
"[('там', '-100'), ('очень', '-100'), ('тэоже', 'E'), ('много', '-100'), ('старинных', '-100'), ('мест', '-100'), ('но', '-100'), ('это', '-100'), ('далековато', '-100'), ('там', '-100'), ('пятнадцать', '-100'), ('километров', '-100'), ('да', '-100')]"
"[('тридцать', '-100'), ('это', '-100'), ('с', '-100'), ('той', '-100'), ('стороны', '-100'), ('города', '-100'), ('мы', '-100'), ('с', '-100'), ('этой', '-100'), ('живем', '-100'), ('от', '-100'), ('пскова', '-100'), ('а', '-100'), ('это', '-100'), ('с', '-100'), ('той', '-100'), ('ззаа', 'E'), ('городом', '-100')]"
"[('ного', 'E'), ('мест', '-100'), ('конечно', '-100'), ('но', '-100'), ('это', '-100'), ('надо', '-100'), ('все', '-100'), ('расспрашиватьу', '-100'), ('надо', '-100'), ('карту', '-100'), ('по', '-100'), ('карте', '-100'), ('вам', '-100')]"
"[('счастливо', '-100'), ('ваъм', 'E')]"
"[('ага', '-100'), ('заходит', 'E')]"
"[('и', '-100'), ('вот', '-100'), ('рассказывала', '-100'), ('про', '-100'), ('вас', '-100'), ('вспоминала', '-100'), ('говорю', '-100'), ('девчонки', '-100'), ('моим', '-100'), ('молодым', '-100'), ('наверное', '-100'), ('там', '-100'), ('реятам', 'E')]"
"[('а', '-100'), ('ну', '-100'), ('да', '-100'), ('поэтому', '-100'), ('я', '-100'), ('не', '-100'), ('узнала', '-100'), ('а', '-100'), ('его', '-100'), ('сразу', '-100'), ('как', '-100'), ('он', '-100'), ('ашел', 'E'), ('заулыбался', '-100'), ('сразу', '-100'), ('узнала', '-100')]"
"[('до', '-100'), ('свидаия', 'E'), ('счастливо.', '-100')]"
"[('даа', 'E'), ('мы', '-100'), ('снимаем', '-100'), ('в', '-100'), ('кишкино', '-100'), ('там', '-100'), ('сергей', '-100'), ('такой', '-100'), ('лет', '-100'), ('сорок', '-100'), ('пять', '-100')]"
"[('бкак', 'E'), ('из', '-100'), ('святотечи', '-100'), ('идешь', '-100'), ('один', '-100'), ('из', '-100'), ('первых', '-100'), ('домов', '-100'), ('он', '-100'), ('вроде', '-100'), ('там', '-100'), ('родился', '-100'), ('и', '-100'), ('жил', '-100'), ('всю', '-100'), ('жизнь', '-100')]"
"[('цыплята', '-100'), ('так', '-100'), ('и', '-100'), ('ызакрыты', 'E'), ('да', '-100')]"
"[('ну', '-100'), ('оса', '-100'), ('анвгерное', 'E'), ('укусила', '-100')]"
"[('шубуршаеин', 'E')]"
"[('чттоб', 'E'), ('вы', '-100'), ('их', '-100'), ('перевоспитывали', '-100')]"
"[('поедете', '-100'), ('на', '-100'), ('праздникди', 'E'), ('во', '-100'), ('псков', '-100'), ('или', '-100'), ('в', '-100'), ('опочку', '-100')]"
"[('а', '-100'), ('день', '-100'), ('еки', 'E'), ('великой', '-100')]"
"[('а', '-100'), ('ккое', 'E'), ('число', '-100'), ('освобождение', '-100'), ('опочки', '-100')]"
"[('здорово', '-100'), ('спасибо', '-100'), ('пойдем', '-100'), ('мы', '-100'), ('пока', '-100'), ('дождик', '-100'), ('клончился', 'E')]"
"[('если', '-100'), ('мы', '-100'), ('будем', '-100'), ('в', '-100'), ('прушево', 'E'), ('к', '-100'), ('вам', '-100'), ('зайдем', '-100')]"
"[('мы', '-100'), ('ж', '-100'), ('тоже', '-100'), ('авс', 'E'), ('вспоминаем', '-100'), ('постоянно', '-100')]"
"[('моитск', 'E'), ('переходишь', '-100')]"
"[('дальше', '-100'), ('пойё', 'E'), ('ремозаводские', '-100'), ('дачи', '-100'), ('будут', '-100'), ('и', '-100'), ('вот', '-100'), ('там', '-100'), ('фонтанчик', '-100')]"
"[('да', '-100'), ('туда', '-100'), ('кишкнио', 'E')]"
"[('картчина', 'E')]"
"[('ох', '-100'), ('хуъдожница', 'E')]"
"[('ну', '-100'), ('ядмого', 'E')]"
"[('шестогяо', 'E')]"
"[('училиущ', 'E')]"
"[('собрали', '-100'), ('со', '-100'), ('всесхех', 'E')]"
"[('ппоонятно', 'E')]"
"[('онятно', 'E')]"
"[('понятн', 'E')]"
"[('пронятно', 'E')]"
"[('а', '-100'), ('в', '-100'), ('опочке', '-100'), ('сейчас', '-100'), ('в', '-100'), ('малтюшкино', 'E'), ('школа', '-100'), ('есть', '-100')]"
"[('а', '-100'), ('внука', '-100'), ('вы', '-100'), ('выводите', '-100'), ('на', '-100'), ('машине', '-100'), ('прям', '-100'), ('каждый', '-100'), ('день', '-100'), ('кажрдый', 'E'), ('день', '-100')]"
"[('чпонятно', 'E')]"
"[('попнонятно', 'E')]"
"[('онятно', 'E')]"
"[('а', '-100'), ('двадцать', '-100'), ('пять', '-100'), ('лет', '-100'), ('вы', '-100'), ('в', '-100'), ('колхзое', 'E'), ('работали', '-100')]"
"[('а', '-100'), ('когда', '-100'), ('же', '-100'), ('он', '-100'), ('рассыпался', '-100'), ('в', '-100'), ('девяностом', '-100'), ('в', '-100'), ('восемьдесят', '-100'), ('восьмом', '-100'), ('или', '-100'), ('тм', 'E')]"
"[('пннятоо', 'E')]"
"[('понпятно', 'E')]"
"[('понятнчо', 'E')]"
"[('поняотно', 'E')]"
"[('понятпнонятно', 'E')]"
"[('пщонятно', 'E')]"
"[('поняно', 'E')]"
"[('картоку', 'E'), ('полол', '-100')]"
"[('мамка', '-100'), ('ж', '-100'), ('рассказывала', '-100'), ('мы', '-100'), ('родилиь', 'E')]"
"[('в', '-100'), ('семьдесят', '-100'), ('восьмом', '-100'), ('гноду', 'E'), ('я', '-100'), ('с', '-100'), ('армии', '-100'), ('пришёл', '-100')]"
"[('эо', 'E'), ('самое', '-100'), ('в', '-100'), ('семьдесят', '-100'), ('седьмом', '-100'), ('я', '-100'), ('пришёл', '-100'), ('с', '-100'), ('армии', '-100')]"
"[('в', '-100'), ('семьдесят', '-100'), ('восьмом', '-100'), ('гоаду', 'E'), ('мы', '-100'), ('переехали', '-100')]"
"[('значит', '-100'), ('я', '-100'), ('там', '-100'), ('отжил', '-100'), ('с', '-100'), ('пятьдесят', '-100'), ('шестого', '-100'), ('года', '-100'), ('по', '-100'), ('семьдесят', '-100'), ('сямьдесет', 'E'), ('восьмом', '-100'), ('в', '-100'), ('семьдесят', '-100'), ('восьмом', '-100'), ('году', '-100'), ('переехали', '-100'), ('там', '-100')]"
"[('до', '-100'), ('восемьдеся', 'E'), ('третьего', '-100'), ('года', '-100'), ('отжил', '-100')]"
"[('в', '-100'), ('восемдесят', 'E'), ('третьем', '-100'), ('прееехал', '-100')]"
"[('там', '-100'), ('деревенька-то', '-100'), ('всего', '-100'), ('было', '-100'), ('одиннадцать', '-100'), ('жильцовн', 'E'), ('ходили', '-100')]"
"[('с', '-100'), ('захнова', '-100'), ('это', '-100'), ('там', '-100'), ('черзе', 'E'), ('деревни', '-100'), ('такие', '-100'), ('сидорово', '-100'), ('попцово', '-100')]"
"[('пять', '-100'), ('пять', '-100'), ('с', '-100'), ('лишним', '-100'), ('километров', '-100'), ('напрмая', 'E')]"
"[('почереди', 'E')]"
"[('там', '-100'), ('толик', '-100'), ('полковник', 'E'), ('захнове', '-100')]"
"[('это', '-100'), ('напротив', '-100'), ('этэотой', 'E')]"
"[('и', '-100'), ('это', '-100'), ('самойе', 'E'), ('мой', '-100'), ('отец', '-100'), ('-', '-100'), ('родные', '-100'), ('брат', '-100'), ('с', '-100'), ('сестрой', '-100')]"
"[('он', '-100'), ('отец', '-100'), ('тридцать', '-100'), ('второго', '-100'), ('был', '-100'), ('а', '-100'), ('онта', 'E'), ('наверно', '-100'), ('двадцать', '-100'), ('девятого', '-100')]"
"[('я', '-100'), ('просто', '-100'), ('родивши', '-100'), ('там', '-100'), ('был', '-100'), ('в', '-100'), ('окябре', 'E'), ('а', '-100'), ('он', '-100')]"
"[('кончал', '-100'), ('опочецоке', 'E'), ('зенитно-ракетное', '-100'), ('училище', '-100'), ('раньше', '-100'), ('было', '-100')]"
"[('в', '-100'), ('днепропетровоспетровск', 'E')]"
"[('ну', '-100'), ('двадцать', '-100'), ('пять', '-100'), ('лет', '-100'), ('отсулжил', 'E')]"
"[('жука', '-100'), ('успокйойся.', 'E')]"
"[('вот', '-100'), ('где', '-100'), ('я', '-100'), ('служил', '-100'), ('в', '-100'), ('мурманской', '-100'), ('области', '-100'), ('вот', '-100'), ('в', '-100'), ('печенге', '-100'), ('вот', '-100'), ('там-то', '-100'), ('вон', '-100'), ('частей', '-100'), ('часть', '-100'), ('ъна', 'E'), ('части', '-100')]"
"[('там', '-100'), ('норвегия', '-100'), ('оставалась', '-100'), ('в', '-100'), ('печенге', '-100'), ('кгда', 'E'), ('служил', '-100')]"
"[('семьдесят', '-100'), ('пятый', '-100'), ('семьдесят', '-100'), ('сдьмой', 'E'), ('год', '-100')]"
"[('пыогран', 'E'), ('всё-таки', '-100'), ('больше', '-100'), ('таких-то', '-100')]"
"[('в', '-100'), ('опочку', '-100'), ('диёт', 'E'), ('автобус', '-100'), ('утром', '-100')]"
"[('ну', '-100'), ('в', '-100'), ('какую', '-100'), ('это', '-100'), ('самое', '-100'), ('в', '-100'), ('четвертую', '-100'), ('шклу', 'E'), ('там', '-100'), ('допустим', '-100'), ('попозже', '-100'), ('можно', '-100'), ('попасть', '-100'), ('в', '-100'), ('третью', '-100')]"
"[('нуз', 'E'), ('в', '-100'), ('восемь', '-100'), ('часов', '-100'), ('надо', '-100'), ('на', '-100'), ('аво', '-100')]"
"[('внаку', 'E')]"
"[('внуккаа', 'E')]"
"[('тут', '-100'), ('раньфше', 'E'), ('проходит', '-100'), ('такой', '-100'), ('это', '-100'), ('самое', '-100'), ('с', '-100'), ('пушгор', '-100'), ('здесь', '-100'), ('напрямую', '-100')]"
"[('в', '-100'), ('семь', '-100'), ('то', '-100'), ('ли', '-100'), ('пятнадцать', '-100'), ('тио', 'E'), ('ли', '-100'), ('двадцать', '-100'), ('утра', '-100')]"
"[('д', 'E'), ('опочки', '-100'), ('дойдёт', '-100'), ('и', '-100'), ('возвращается', '-100'), ('назад', '-100')]"
"[('тирдцать', 'E'), ('четыре', '-100'), ('километра', '-100'), ('напрямую', '-100'), ('поляне', '-100'), ('-', '-100'), ('захино', '-100'), ('захино', '-100'), ('-', '-100'), ('поляне', '-100')]"
"[('пушгоры', '-100'), ('это', '-100'), ('амое', 'E')]"
"[('а', '-100'), ('там', '-100'), ('той', '-100'), ('дорогой', '-100'), ('значит', '-100'), ('тридцать', '-100'), ('лдва', 'E'), ('новгородские', '-100')]"
"[('и', '-100'), ('тм', 'E'), ('двадцать', '-100')]"
"[('двадцать', '-100'), ('три', '-100'), ('етыре', 'E')]"
"[('да', '-100'), ('о', 'E'), ('хоть', '-100')]"
"[('как', '-100'), ('мамка', '-100'), ('говорит', '-100'), ('так', '-100'), ('раньше', '-100'), ('тридцатхь', 'E'), ('восемь', '-100'), ('литров', '-100'), ('самогонки', '-100'), ('нагонят', '-100'), ('это', '-100'), ('самое', '-100'), ('и', '-100')]"
"[('а', '-100'), ('мужиков', '-100'), ('тут', '-100'), ('с', '-100'), ('с', '-100'), ('надкикова', 'E'), ('ходили', '-100'), ('с', '-100'), ('глазанова', '-100'), ('с', '-100'), ('тиханова', '-100')]"
"[('пришла', '-100'), ('илья', '-100'), ('-', '-100'), ('дала', '-100'), ('гнилья', '-100'), ('второго', '-100'), ('августа', '-100'), ('не', '-100'), ('слышал', '-100'), ('праздниек', 'E')]"
"[('ну', '-100'), ('второго', '-100'), ('августа', '-100'), ('это', '-100'), ('оо', 'E'), ('не', '-100'), ('не', '-100'), ('меняется', '-100')]"
"[('тже', 'E'), ('именно', '-100'), ('второго', '-100'), ('августа', '-100')]"
"[('тогда', '-100'), ('совпало', '-100'), ('не', '-100'), ('знаю', '-100'), ('илья', '-100'), ('илью', '-100'), ('это', '-100'), ('самое', '-100'), ('придумал', '-100'), ('наверно', '-100'), ('ранмьше', 'E'), ('кто-то', '-100'), ('это', '-100'), ('самое', '-100')]"
"[('и', '-100'), ('сет', 'E'), ('наверно', '-100'), ('провели', '-100')]"
"[('жука', '-100'), ('успокойся.с', 'E')]"
"[('я', '-100'), ('тхридцать', 'E'), ('четыре', '-100'), ('года', '-100')]"
"[('пенсия-то', '-100'), ('что', '-100'), ('там', '-100'), ('десять', '-100'), ('тррииста', 'E'), ('дали', '-100')]"
"[('нуа', 'E'), ('типа', '-100'), ('если', '-100'), ('как', '-100'), ('в', '-100'), ('армии', '-100'), ('есть', '-100'), ('это', '-100'), ('самое', '-100'), ('отличник', '-100'), ('советской', '-100'), ('армии', '-100')]"
"[('не', '-100'), ('с', '-100'), ('пенсией', '-100'), ('вместе', '-100'), ('допустим', '-100'), ('пенсиияя', 'E'), ('мне', '-100'), ('восьмого', '-100'), ('а', '-100'), ('эта', '-100'), ('условно', '-100'), ('числа', '-100'), ('в', '-100'), ('двадцатых', '-100'), ('числах', '-100')]"
"[('через', '-100'), ('со', 'E'), ('защиту', '-100'), ('это', '-100'), ('идёт', '-100'), ('деньги', '-100'), ('уже', '-100'), ('не', '-100'), ('пенсионный', '-100')]"
"[('а', '-100'), ('-', '-100'), ('говорит', '-100'), ('обратись', '-100'), ('в', '-100'), ('защиту', '-100'), ('эт', 'E'), ('самое', '-100')]"
"[('там', '-100'), ('выборкоурку', 'E'), ('сделали', '-100'), ('есть', '-100'), ('тридцать', '-100'), ('четыре', '-100'), ('года', '-100'), ('допустим', '-100'), ('или', '-100'), ('что-то', '-100')]"
"[('через', '-100'), ('наверно', '-100'), ('а', '-100'), ('запрос', '-100'), ('в', '-100'), ('эту', '-100'), ('смую', 'E')]"
"[('я', '-100'), ('в', '-100'), ('колхозе', '-100'), ('с', '-100'), ('восемьдесят', '-100'), ('ретьего', 'E'), ('вот', '-100'), ('перешёл', '-100'), ('дом', '-100'), ('дали', '-100'), ('вот', '-100'), ('этот', '-100'), ('в', '-100'), ('восемьдесят', '-100'), ('третьем', '-100'), ('году', '-100')]"
"[('вот', '-100'), ('с', '-100'), ('восемьдесят', '-100'), ('ретьего', 'E'), ('года', '-100'), ('до', '-100'), ('до', '-100'), ('пока', '-100'), ('рассыпался', '-100'), ('колхоз', '-100'), ('работал', '-100')]"
"[('наверно', '-100'), ('восьмэом', 'E')]"
"[('в', '-100'), ('две', '-100'), ('тысячи', '-100'), ('восьмом', '-100'), ('гду', 'E')]"
"[('от', 'E'), ('есть', '-100'), ('я', '-100'), ('раньше', '-100'), ('было', '-100'), ('шесть', '-100'), ('скотных', '-100'), ('дворов', '-100'), ('там', '-100'), ('это', '-100'), ('самое', '-100')]"
"[('в', '-100'), ('преъделах', 'E'), ('шестьсот', '-100'), ('там', '-100'), ('восемьсот', '-100'), ('это', '-100'), ('самое', '-100'), ('голов', '-100'), ('это', '-100'), ('самое', '-100')]"
"[('то', '-100'), ('тепеь', 'E'), ('осталши', '-100'), ('восемьдесят', '-100'), ('голов', '-100'), ('всего', '-100'), ('вон', '-100')]"
"[('не', '-100'), ('сеем', '-100'), ('не', '-100'), ('пашелм', 'E')]"
"[('и', '-100'), ('не', '-100'), ('сеем', '-100'), ('и', '-100'), ('не', '-100'), ('пшем', 'E'), ('разгоняем', '-100'), ('облака', '-100')]"
"[('собака', '-100'), ('конь', '-100'), ('десять', '-100'), ('кур', '-100'), ('один', '-100'), ('петх', 'E')]"
"[('ежду', 'E'), ('борозд', '-100'), ('проезжает', '-100'), ('тут', '-100'), ('трава', '-100'), ('росла', '-100'), ('и', '-100'), ('йана', '-100'), ('б', '-100'), ('росла', '-100'), ('картошка', '-100')]"
"[('двенадать', 'E'), ('лет', '-100'), ('четырнадцать', '-100'), ('лет', '-100'), ('заболела', '-100')]"
"[('шесть', '-100'), ('и', '-100'), ('у', '-100'), ('мен', 'E'), ('пять', '-100'), ('одиннадцать', '-100'), ('одиннадцать', '-100'), ('лет', '-100'), ('это', '-100'), ('самое', '-100')]"
"[('в', '-100'), ('семьдесят', '-100'), ('втором', '-100'), ('годуд', 'E'), ('я', '-100'), ('кончил', '-100'), ('это', '-100'), ('самое', '-100'), ('школу', '-100'), ('это', '-100'), ('самое', '-100')]"
"[('и', '-100'), ('брикеты', '-100'), ('делали', '-100'), ('и', '-100'), ('всё', '-100'), ('дееллали', 'E')]"
"[('а', '-100'), ('денег', '-100'), ('утда', 'E'), ('вгроблен', '-100')]"
"[('ну', '-100'), ('посёлок', '-100'), ('поставши', '-100'), ('это', '-100'), ('самое', '-100'), ('дома', '-100'), ('же', '-100'), ('были', '-100'), ('посроены', 'E'), ('там', '-100')]"
"[('омики', 'E')]"
"[('вотс', 'E'), ('садик', '-100'), ('был', '-100'), ('вот', '-100'), ('жена', '-100'), ('до', '-100'), ('работала', '-100'), ('это', '-100'), ('самое', '-100'), ('в', '-100'), ('садик', '-100'), ('ходила', '-100')]"
"[('восемнадёцать-двадцать', 'E'), ('человек', '-100')]"
"[('контйора-клуб', 'E'), ('был', '-100')]"
"[('поштучно', '-100'), ('в', '-100'), ('зводях', 'E'), ('где-то', '-100'), ('водятся', '-100')]"
"[('а', '-100'), ('я', '-100'), ('сды', 'E'), ('несу', '-100'), ('себе', '-100'), ('стульчик', '-100')]"
"[('садитесь', '-100'), ('сюда', '-100'), ('вот', '-100'), ('стул', '-100'), ('иил', 'E'), ('на', '-100'), ('диван', '-100'), ('вот', '-100'), ('там', '-100'), ('сядьте', '-100'), ('ой', '-100')]"
"[('а', '-100'), ('в', '-100'), ('святотечь', '-100'), ('ходили', '-100'), ('к', '-100'), ('ольге', '-100'), ('васильевне', '-100'), ('к', '-100'), ('этой', '-100'), ('она', '-100'), ('пстила', 'E'), ('вас', '-100')]"
"[('я', '-100'), ('думла', 'E'), ('что', '-100'), ('вы', '-100'), ('не', '-100'), ('ходили', '-100'), ('думала', '-100'), ('что', '-100'), ('там', '-100'), ('в', '-100'), ('в', '-100'), ('среду', '-100'), ('ой', '-100'), ('тьфу', '-100'), ('когда', '-100'), ('автолавка', '-100'), ('у', '-100'), ('них', '-100'), ('в', '-100'), ('четверг', '-100'), ('и', '-100'), ('в', '-100'), ('воскресенье', '-100'), ('туда', '-100'), ('к', '-100'), ('ним', '-100'), ('приходит', '-100'), ('дак', '-100'), ('думала', '-100'), ('послать', '-100'), ('вас', '-100'), ('туда', '-100'), ('а', '-100'), ('то', '-100'), ('она', '-100'), ('за', '-100'), ('забором', '-100'), ('за', '-100'), ('таким', '-100')]"
"[('и', '-100'), ('вот', '-100'), ('нинка', '-100'), ('такая', '-100'), ('ну', '-100'), ('оан', 'E'), ('за', '-100'), ('цыганом', '-100'), ('замужем', '-100'), ('была', '-100'), ('соседка', '-100')]"
"[('вот', '-100'), ('сейчас', '-100'), ('на', '-100'), ('том', '-100'), ('месте', '-100'), ('пожарища', '-100'), ('дом', '-100'), ('построен', '-100'), ('большой', '-100'), ('вот', '-100'), ('это', '-100'), ('е', 'E'), ('дом', '-100')]"
"[('там', '-100'), ('все', '-100'), ('как', '-100'), ('бы', '-100'), ('ну', '-100'), ('обходилиось', '-100'), ('ну', '-100'), ('тушшили', 'E')]"
"[('пожарки', '-100'), ('приезжали', '-100'), ('а', '-100'), ('потом', '-100'), ('значит', '-100'), ('напоследок', '-100'), ('он', '-100'), ('ее', '-100'), ('пришел', '-100'), ('к', '-100'), ('ней', '-100'), ('что', '-100'), ('они', '-100'), ('там', '-100'), ('то', '-100'), ('ли', '-100'), ('поссорились', '-100'), ('то', '-100'), ('ли', '-100'), ('он', '-100'), ('згамуж', 'E'), ('вроде', '-100'), ('говорили', '-100'), ('звал', '-100'), ('она', '-100'), ('отказала', '-100')]"
"[('потом', '-100'), ('еще', '-100'), ('собаки', '-100'), ('всё', '-100'), ('эти', '-100'), ('самые', '-100'), ('и', '-100'), ('череп', '-100'), ('и', '-100'), ('всё', '-100'), ('тягпали', 'E'), ('по', '-100'), ('святотцу', '-100')]"
"[('в', '-100'), ('луки', '-100'), ('там', '-100'), ('отправили', '-100'), ('в', '-100'), ('дурку', '-100'), ('в', '-100'), ('эту', '-100'), ('и', '-100'), ('он', '-100'), ('там', '-100'), ('поер', 'E')]"
"[('да', '-100'), ('да', '-100'), ('всё', '-100'), ('колдуны', '-100'), ('всё', '-100'), ('та', '-100'), ('бвабка', 'E'), ('как', '-100'), ('бы', '-100'), ('колдунья', '-100'), ('была', '-100'), ('это', '-100'), ('самое', '-100'), ('он', '-100'), ('говорил', '-100'), ('всё', '-100'), ('что', '-100'), ('колдунья', '-100'), ('что', '-100'), ('колдует', '-100'), ('всё', '-100')]"
"[('то', 'E'), ('и', '-100'), ('жены', '-100'), ('у', '-100'), ('него', '-100'), ('одна', '-100'), ('умерла', '-100'), ('потом', '-100'), ('он', '-100'), ('женился', '-100'), ('на', '-100'), ('сватье', '-100'), ('на', '-100'), ('своей', '-100')]"
"[('и', '-100'), ('та', '-100'), ('умерла', '-100'), ('и', '-100'), ('вот', '-100'), ('он', '-100'), ('всё', '-100'), ('мол', '-100'), ('колдует', '-100'), ('он', 'E'), ('ей', '-100'), ('он', '-100'), ('с', '-100'), ('ней', '-100'), ('рассчитался', '-100')]"
"[('а', '-100'), ('этих', '-100'), ('у', '-100'), ('нас', '-100'), ('нинку', '-100'), ('не', '-100'), ('любил', '-100'), ('что', '-100'), ('она', '-100'), ('цыганка', '-100'), ('ну', '-100'), ('она', '-100'), ('не', '-100'), ('цыганка', '-100'), ('а', '-100'), ('броя', 'E'), ('у', '-100'), ('нее', '-100'), ('муж', '-100'), ('был', '-100'), ('цыган', '-100')]"
"[('нинка', '-100'), ('себе', '-100'), ('дом', '-100'), ('вот', '-100'), ('построирлоила', 'E'), ('и', '-100'), ('вот', '-100'), ('боря', '-100'), ('потом', '-100'), ('вот', '-100'), ('начал', '-100'), ('строиться', '-100')]"
"[('ну', '-100'), ('нинка', '-100'), ('там', '-100'), ('чеерз', 'E'), ('интернет', '-100'), ('они', '-100'), ('писали', '-100')]"
"[('детский', '-100'), ('садик', '-100'), ('в', '-100'), ('барабанах', '-100'), ('сюда', '-100'), ('перевезла', '-100'), ('вот', '-100'), ('так', '-100'), ('живет', '-100'), ('а', '-100'), ('дом', '-100'), ('вот', '-100'), ('уже', '-100'), ('так', '-100'), ('и', '-100'), ('теперь', '-100'), ('уже', '-100'), ('дети', '-100'), ('взрослые', '-100'), ('всепереженивши', '-100'), ('замуж', '-100'), ('выходили', '-100'), ('евки', 'E')]"
"[('там', '-100'), ('вот', '-100'), ('когда', '-100'), ('у', '-100'), ('насну', '-100'), ('это', '-100'), ('я', '-100'), ('что-то', '-100'), ('соседка', '-100'), ('помнит', '-100'), ('я', '-100'), ('это', '-100'), ('не', '-100'), ('помню', '-100'), ('что', '-100'), ('там', '-100'), ('улица', '-100'), ('был', 'E'), ('такая', '-100'), ('задрепанная', '-100'), ('потом', '-100'), ('ее', '-100'), ('снесли', '-100'), ('вот', '-100'), ('у', '-100'), ('их', '-100'), ('там', '-100'), ('дом', '-100'), ('был', '-100')]"
"[('ёну', 'E'), ('им', '-100'), ('уже', '-100'), ('и', '-100'), ('ей-то', '-100'), ('восемдесят', '-100'), ('с', '-100'), ('гаком', '-100')]"
"[('и', '-100'), ('еще', '-100'), ('так', '-100'), ('как', '-100'), ('б', 'E'), ('ну', '-100'), ('дочки', '-100'), ('приезжают', '-100'), ('одна', '-100'), ('все', '-100'), ('время', '-100'), ('там', '-100'), ('там', '-100'), ('у', '-100'), ('них', '-100'), ('тоже', '-100'), ('расстроивши', '-100'), ('теперь', '-100')]"
"[('да', '-100'), ('потом', '-100'), ('может', '-100'), ('такси', '-100'), ('вызовете', '-100'), ('а', '-100'), ('вам', '-100'), ('два', '-100'), ('надо', '-100'), ('такси', '-100'), ('а', '-100'), ('вы', '-100'), ('все', '-100'), ('собираетесь', '-100'), ('в', '-100'), ('баню', '-100'), ('или', '-100'), ('ннее', 'E')]"
"[('раньше-то', '-100'), ('баня', '-100'), ('была', '-100'), ('это', '-100'), ('я', '-100'), ('не', '-100'), ('помню', '-100'), ('как', '-100'), ('бая', 'E'), ('я', '-100'), ('думаю', '-100'), ('что', '-100'), ('с', '-100'), ('не', '-100'), ('в', '-100'), ('пятницу', '-100'), ('а', '-100'), ('в', '-100'), ('субботу', '-100'), ('когда', '-100'), ('я', '-100'), ('работала', '-100'), ('в', '-100'), ('жкх', '-100'), ('двадцать', '-100'), ('лет', '-100')]"
"[('чертяи', 'E'), ('знает', '-100'), ('что', '-100'), ('так', '-100'), ('у', '-100'), ('нас', '-100'), ('тогда', '-100'), ('было', '-100'), ('в', '-100'), ('те', '-100'), ('годы', '-100'), ('я', '-100'), ('думаю', '-100'), ('что', '-100'), ('даже', '-100'), ('не', '-100'), ('в', '-100'), ('четверг', '-100'), ('не', '-100'), ('наверное', '-100'), ('пятница', '-100'), ('суббота', '-100'), ('воскресенье', '-100'), ('ну', '-100'), ('там', '-100'), ('как', '-100'), ('бы', '-100'), ('два', '-100'), ('отделения', '-100'), ('мужское', '-100'), ('и', '-100'), ('женское', '-100'), ('и', '-100')]"
"[('а', '-100'), ('потом', '-100'), ('уже', '-100'), ('как', '-100'), ('подорожало', '-100'), ('все', '-100'), ('это', '-100'), ('с', '-100'), ('часу', '-100'), ('и', '-100'), ('дорого', '-100'), ('наверное', '-100'), ('в', '-100'), ('баню', '-100'), ('даже', '-100'), ('сто', '-100'), ('с', '-100'), ('лишим', 'E'), ('рублей', '-100'), ('наверное', '-100')]"
"[('о', '-100'), ('даже', '-100'), ('овт', 'E'), ('время', '-100'), ('раньше', '-100'), ('я', '-100'), ('не', '-100'), ('помню', '-100'), ('даже', '-100')]"
"[('вот', '-100'), ('да', '-100'), ('и', '-100'), ('все', '-100'), ('смотришь', '-100'), ('елки-палки', '-100'), ('эт', 'E'), ('хлеб', '-100'), ('четырнадцать', '-100'), ('копеек', '-100'), ('стоил', '-100'), ('а', '-100'), ('теперь', '-100'), ('тридцать', '-100'), ('рублей', '-100')]"
"[('ну', '-100'), ('в', '-100'), ('вначале', '-100'), ('когда', '-100'), ('нам', '-100'), ('давали', '-100'), ('квартиру', '-100'), ('вода', '-100'), ('была', '-100'), ('горячая', '-100'), ('может', '-100'), ('гда', 'E'), ('три', '-100'), ('самое', '-100'), ('и', '-100'), ('было', '-100')]"
"[('все', '-100'), ('горячей', '-100'), ('ен', 'E'), ('было', '-100'), ('вот', '-100'), ('а', '-100'), ('уже', '-100'), ('потом', '-100'), ('уже', '-100'), ('когда', '-100'), ('начали', '-100'), ('эти', '-100'), ('водонагреватели', '-100'), ('уже', '-100'), ('то', '-100'), ('годы', '-100'), ('прошли', '-100')]"
"[('не', '-100'), ('было', '-100'), ('нет', '-100'), ('конечно', '-100'), ('нигде', '-100'), ('во', '-100'), ('всем', '-100'), ('городе', '-100'), ('нигде', '-100'), ('нчи', 'E'), ('воинской', '-100'), ('части', '-100'), ('я', '-100'), ('думаю', '-100'), ('что', '-100'), ('в', '-100'), ('здесь', '-100'), ('вот', '-100'), ('в', '-100'), ('этих', '-100'), ('домах', '-100'), ('военных', '-100'), ('я', '-100'), ('думаю', '-100'), ('что', '-100'), ('подольше', '-100'), ('у', '-100'), ('них', '-100'), ('вода', '-100'), ('была', '-100'), ('горячая', '-100')]"
"[('и', '-100'), ('вот', '-100'), ('ходихлодила', 'E'), ('до', '-100'), ('пятьдесят', '-100'), ('пяти', '-100'), ('годов', '-100'), ('не', '-100'), ('пятьдесят', '-100'), ('семь', '-100'), ('я', '-100'), ('ушла', '-100'), ('на', '-100'), ('пенсию', '-100'), ('два', '-100'), ('года', '-100'), ('еще', '-100'), ('работала', '-100')]"
"[('и', '-100'), ('вот', '-100'), ('сейчас', '-100'), ('не', '-100'), ('ездимшмиши', 'E'), ('ни', '-100'), ('к', '-100'), ('какие', '-100'), ('ни', '-100'), ('за', '-100'), ('какие', '-100'), ('деньги', '-100'), ('я', '-100'), ('бы', '-100'), ('пешком', '-100'), ('не', '-100'), ('пошла', '-100'), ('вот', '-100'), ('зимой', '-100'), ('когда', '-100'), ('особенно', '-100'), ('темно', '-100')]"
"[('успевала', '-100'), ('в', '-100'), ('шесть', '-100'), ('приходила', '-100'), ('домодйомой', 'E')]"
"[('раньше', '-100'), ('ж', '-100'), ('все', '-100'), ('и', '-100'), ('ама', 'E'), ('косила', '-100'), ('сено', '-100'), ('на', '-100'), ('на', '-100'), ('коз', '-100')]"
"[('более', '-100'), ('менее', '-100'), ('тем', '-100'), ('более', '-100'), ('я', '-100'), ('одна', '-100'), ('и', '-100'), ('всё', '-100'), ('со', '-100'), ('всем', '-100'), ('справляюсь', '-100'), ('и', '-100'), ('эттоо', 'E'), ('было', '-100'), ('завидно', '-100')]"
"[('ыну', 'E'), ('у', '-100'), ('сергия', '-100'), ('да', '-100'), ('когда', '-100'), ('уже', '-100'), ('плохо', '-100'), ('плохо', '-100'), ('стало', '-100'), ('ему', '-100'), ('совсем', '-100'), ('у', '-100'), ('сергея', '-100'), ('вот', '-100'), ('такие', '-100'), ('дела', '-100')]"
"[('да', '-100'), ('с', '-100'), ('другой', '-100'), ('нет', '-100'), ('в', '-100'), ('дервне', '-100'), ('у', '-100'), ('нас', '-100'), ('школа', '-100'), ('была', '-100'), ('тоже', '-100'), ('километра', '-100'), ('штри', 'E'), ('наверное', '-100'), ('вот', '-100'), ('так', '-100'), ('вот', '-100'), ('это', '-100'), ('самое', '-100')]"
"[('ну', '-100'), ('в', '-100'), ('деревне', '-100'), ('у', '-100'), ('нас', '-100'), ('так', '-100'), ('иилли', 'E'), ('сколько', '-100'), ('домов', '-100'), ('восемнадцать', '-100'), ('было', '-100'), ('ребят', '-100'), ('было', '-100'), ('очень', '-100'), ('много', '-100')]"
"[('вот', '-100'), ('в', '-100'), ('у', '-100'), ('нас', '-100'), ('восьмилетка', '-100'), ('была', '-100'), ('от', '-100'), ('восьмого', '-100'), ('класса', '-100'), ('люди', '-100'), ('и', '-100'), ('до', '-100'), ('первого', '-100'), ('класса', '-100'), ('и', '-100'), ('вот', '-100'), ('всё', '-100'), ('идем', '-100'), ('большие', '-100'), ('вот', '-100'), ('самые', '-100'), ('маленькие', '-100'), ('сзади', '-100'), ('плетмся', 'E')]"
"[('зимой', '-100'), ('раньше', '-100'), ('зимы', '-100'), ('ж', '-100'), ('не', '-100'), ('такие', '-100'), ('были', '-100'), ('это', '-100'), ('сейчас', '-100'), ('практически', '-100'), ('зим', '-100'), ('нет', '-100'), ('что', '-100'), ('это', '-100'), ('разве', '-100'), ('ж', '-100'), ('има', 'E')]"
"[('вот', '-100'), ('такие', '-100'), ('сугробы', '-100'), ('я', '-100'), ('маленькая', '-100'), ('была', '-100'), ('всю', '-100'), ('жисть', '-100'), ('так', '-100'), ('это', '-100'), ('самое', '-100'), ('идешь', '-100'), ('тебя', '-100'), ('и', '-100'), ('не', '-100'), ('видаь', 'E'), ('шапка', '-100'), ('только', '-100'), ('может', '-100'), ('макушка', '-100'), ('торчит', '-100'), ('с-под', '-100'), ('сугроба', '-100')]"
"[('катались', '-100'), ('вот', '-100'), ('шрыка', 'E'), ('ну', '-100'), ('пониже', '-100'), ('например', '-100'), ('надворной', '-100'), ('постройки', '-100'), ('и', '-100'), ('метало', '-100'), ('так', '-100'), ('что', '-100'), ('снег', '-100'), ('и', '-100'), ('с', '-100'), ('крыши', '-100'), ('по', '-100'), ('этому', '-100'), ('сугробу', '-100'), ('на', '-100'), ('крышу', '-100'), ('и', '-100'), ('вот', '-100'), ('так', '-100'), ('катались', '-100'), ('как', '-100'), ('это', '-100'), ('самое', '-100'), ('с', '-100'), ('трамплину', '-100')]"
"[('а', '-100'), ('зимы', '-100'), ('какие', '-100'), ('были', '-100'), ('суровые', '-100'), ('бывало', '-100'), ('и', '-100'), ('ждешь', '-100'), ('этого', '-100'), ('радио', '-100'), ('встанешь', '-100'), ('киваешься', '-100'), ('еще', '-100'), ('не', '-100'), ('выспавшись', '-100'), ('и', '-100'), ('ждешь', '-100'), ('что', '-100'), ('в', '-100'), ('школу', '-100'), ('сегодня', '-100'), ('не', '-100'), ('ходить', '-100'), ('мороз', '-100'), ('там', '-100'), ('на', '-100'), ('двадцать', '-100'), ('пять', '-100'), ('уже', '-100'), ('наверное', '-100'), ('градусов', '-100'), ('или', '-100'), ('тридцать', '-100'), ('не', '-100'), ('дадцать', 'E'), ('пять', '-100'), ('наверное', '-100'), ('уже', '-100'), ('в', '-100'), ('школу', '-100'), ('как', '-100'), ('бы', '-100'), ('не', '-100'), ('идти', '-100'), ('чтоб', '-100'), ('не', '-100'), ('обморозиться', '-100')]"
"[('да', '-100'), ('в', '-100'), ('этом', '-100'), ('году', '-100'), ('и', '-100'), ('в', '-100'), ('том', '-100'), ('годгуоду', 'E'), ('как-то', '-100'), ('ну', '-100'), ('несколько', '-100'), ('морозов', '-100'), ('там', '-100'), ('было', '-100'), ('но', '-100'), ('разве', '-100'), ('это', '-100'), ('мороз', '-100')]"
"[('да', '-100'), ('сашка', '-100'), ('вот', '-100'), ('это', '-100'), ('самое', '-100'), ('алекеев', 'E'), ('он', '-100'), ('все', '-100'), ('время', '-100'), ('он', '-100'), ('зимний', '-100'), ('рыбак', '-100')]"
"[('женька', '-100'), ('павлов', '-100'), ('вот', '-100'), ('который', '-100'), ('там', '-100'), ('помнишь', '-100'), ('я', '-100'), ('говорила', '-100'), ('сходите', '-100'), ('к', '-100'), ('нему', '-100'), ('ино', 'E'), ('то', '-100'), ('он', '-100'), ('только', '-100'), ('летом', '-100'), ('ловит', '-100'), ('а', '-100'), ('так', '-100'), ('ходят', '-100'), ('рыбаки', '-100'), ('с', '-100'), ('бурами', '-100'), ('своими', '-100'), ('по', '-100'), ('реке', '-100')]"
"[('может', '-100'), ('током', '-100'), ('выбили', '-100'), ('может', '-100'), ('бог', '-100'), ('ззннает', 'E'), ('чего', '-100'), ('но', '-100'), ('мало', '-100'), ('рыбы', '-100')]"
"[('там', '-100'), ('тоже', '-100'), ('вот', '-100'), ('мы', '-100'), ('жили', '-100'), ('я', '-100'), ('и', '-100'), ('бабуша', 'E'), ('и', '-100'), ('она', '-100'), ('втроём', '-100'), ('сначала', '-100'), ('дед', '-100'), ('был', '-100'), ('потом', '-100'), ('дед', '-100'), ('помер', '-100')]"
"[('сами', '-100'), ('ну', '-100'), ('как', '-100'), ('с', '-100'), ('деревнёи', 'E'), ('там', '-100'), ('родственники', '-100'), ('были', '-100'), ('у', '-100'), ('нее', '-100'), ('сестра', '-100'), ('жила', '-100'), ('двоюродная', '-100'), ('так', '-100'), ('вот', '-100'), ('они', '-100'), ('как', '-100'), ('бы', '-100'), ('и', '-100'), ('мамке', '-100'), ('моей', '-100'), ('сено', '-100'), ('накосят', '-100'), ('муж', '-100'), ('ее', '-100'), ('и', '-100'), ('на', '-100'), ('себя', '-100')]"
"[('а', '-100'), ('в', '-100'), ('деревне', '-100'), ('без', '-100'), ('коровы', '-100'), ('вот', '-100'), ('вообще', '-100'), ('немыслимо', '-100'), ('ээтто', 'E'), ('сейчас', '-100'), ('пошел', '-100'), ('магазины', '-100'), ('автолавки', '-100'), ('все', '-100'), ('на', '-100'), ('свете', '-100'), ('а', '-100'), ('раньше', '-100'), ('а', '-100'), ('как', '-100')]"
"[('яблоню', '-100'), ('йтам', 'E'), ('две', '-100'), ('сколько', '-100'), ('оставят', '-100'), ('да', '-100'), ('куст', '-100'), ('смородины', '-100'), ('какой', '-100'), ('крыжовника', '-100'), ('детям', '-100'), ('пойись', '-100')]"
"[('ну', '-100'), ('щуспевали', 'E'), ('конечно', '-100'), ('сколько-то', '-100'), ('успевала', '-100')]"
"[('нарубить', '-100'), ('но', '-100'), ('это', '-100'), ('где-то', '-100'), ('к', '-100'), ('часу', '-100'), ('в', '-100'), ('час', '-100'), ('там', '-100'), ('или', '-100'), ('двенадцать', '-100'), ('уже', '-100'), ('с', '-100'), ('поля', '-100'), ('коровы', '-100'), ('гонится', '-100'), ('садо', 'E')]"
"[('вот', '-100'), ('так', '-100'), ('вот', '-100'), ('потом', '-100'), ('сено', '-100'), ('ох', '-100'), ('лихо', '-100'), ('тошно', '-100'), ('я', '-100'), ('как', '-100'), ('вздумаю', '-100'), ('какэто', '-100'), ('детство', '-100'), ('его', '-100'), ('е', 'E'), ('было', '-100'), ('совсем', '-100'), ('не', '-100'), ('было', '-100')]"
"[('с', '-100'), ('какого', '-100'), ('перепугу', '-100'), ('ым', 'E'), ('пошли', '-100'), ('нас', '-100'), ('три', '-100'), ('девчонки', '-100'), ('з', '-100'), ('деревни', '-100'), ('пошли', '-100'), ('в', '-100'), ('этот', '-100'), ('в', '-100'), ('себежский', '-100'), ('техникум', '-100'), ('на', '-100'), ('агронома', '-100'), ('учиться', '-100')]"
"[('ыв', 'E'), ('собак', '-100'), ('любит', '-100')]"
"[('мы', '-100'), ('в', '-100'), ('среду', '-100'), ('уезжаем', '-100'), ('в', '-100'), ('среду', '-100'), ('десятого', '-100'), ('уедем', '-100'), ('ну', '-100'), ('так', '-100'), ('не', '-100'), ('все', '-100'), ('нами', '-100'), ('хотят', '-100'), ('разаоваривгть', 'E'), ('какие-то', '-100'), ('бабушки', '-100'), ('плохо', '-100'), ('себя', '-100'), ('чувствуют', '-100')]"
"[('а', '-100'), ('помер', '-100'), ('от', '-100'), ('чего', '-100'), ('непонятйно', 'E')]"
"[('девяносто', '-100'), ('ано', 'E'), ('сказала', '-100'), ('будет', '-100')]"
"[('в', '-100'), ('опочку', '-100'), ('подем', 'E')]"
"[('да', '-100'), ('сто', '-100'), ('тридцать', '-100'), ('пяь', 'E'), ('в', '-100'), ('час', '-100'), ('по-моему', '-100')]"
"[('а', '-100'), ('туда', '-100'), ('очереди', '-100'), ('такие', '-100'), ('были', '-100'), ('ну', '-100'), ('в', '-100'), ('крватирах', '-100'), ('блы', 'E'), ('душ', '-100')]"
"[('ничего', '-100'), ('себе', '-100'), ('те', '-100'), ('не', '-100'), ('было', '-100'), ('центрального', '-100'), ('горячего', '-100'), ('вошдоснабжения', 'E')]"
"[('пнятно', 'E')]"
"[('ну', '-100'), ('а', '-100'), ('в', '-100'), ('колххозе', 'E'), ('соответственно', '-100'), ('вы', '-100'), ('никога', '-100'), ('не', '-100'), ('работали', '-100')]"
"[('и', '-100'), ('как', '-100'), ('жы', '-100'), ('вы', '-100'), ('трди', 'E'), ('женщины', '-100'), ('справлялись', '-100')]"
"[('ну', '-100'), ('а', '-100'), ('успвали', '-100'), ('вы', '-100'), ('ам', 'E'), ('с', '-100'), ('ребятами', '-100'), ('поиграть', '-100'), ('побегать', '-100'), ('или', '-100'), ('все', '-100'), ('только', '-100'), ('работали', '-100')]"
"[('в', '-100'), ('тривдцать', 'E'), ('втором', '-100'), ('году', '-100')]"
"[('вчера', '-100'), ('мне', '-100'), ('двенадцатого', '-100'), ('исполнилось', '-100'), ('восемьудесят', 'E'), ('шесть', '-100'), ('лет', '-100')]"
"[('я', '-100'), ('в', '-100'), ('пятьдесят', '-100'), ('шестом', '-100'), ('вышла', '-100'), ('замцуж', 'E')]"
"[('вот', '-100'), ('мы-то', '-100'), ('я', '-100'), ('там', '-100'), ('ожила', 'E'), ('двадцать', '-100'), ('два', '-100'), ('года', '-100')]"
"[('надоело', '-100'), ('мы', '-100'), ('начли', 'E'), ('строиться', '-100')]"
"[('здесь', '-100'), ('мы', '-100'), ('построились', '-100'), ('в', '-100'), ('восемьдесят', '-100'), ('каком', '-100'), ('хм', '-100'), ('нет', '-100'), ('в', '-100'), ('восемьдесят', '-100'), ('нет', '-100'), ('в', '-100'), ('семьдесят', '-100'), ('восьмошм', 'E'), ('году', '-100'), ('мы', '-100'), ('сюда', '-100'), ('перешли', '-100')]"
"[('да', '-100'), ('в', '-100'), ('семьдесгят', 'E'), ('восьмом', '-100')]"
"[('в', '-100'), ('семьдесят', '-100'), ('восьмом', '-100'), ('году', '-100'), ('мы', '-100'), ('вотъ', 'E'), ('сюда', '-100'), ('опять', '-100'), ('переехали', '-100'), ('в', '-100'), ('эту', '-100'), ('деревню', '-100')]"
"[('такой', '-100'), ('маленький', '-100'), ('так', '-100'), ('вон', '-100'), ('подвозили', '-100'), ('корма', '-100'), ('ттаам', 'E')]"
"[('хозяйство', '-100'), ('всё', '-100'), ('прибрать', '-100'), ('мы', '-100'), ('держали', '-100'), ('все', '-100'), ('хозяйсво', 'E'), ('держали', '-100'), ('овечек', '-100'), ('коров', '-100'), ('и', '-100'), ('поросёнка', '-100')]"
"[('с', '-100'), ('шестнадтаци', 'E')]"
"[('я', '-100'), ('раньше', '-100'), ('с', '-100'), ('шестнадцати', '-100'), ('работала', '-100'), ('с', '-100'), ('мамой', '-100'), ('но', '-100'), ('на', '-100'), ('меня', '-100'), ('не', '-100'), ('писали', '-100'), ('раньше', '-100'), ('трудодни', '-100'), ('лыби', 'E')]"
"[('а', '-100'), ('до', '-100'), ('шестнадцати', '-100'), ('ле', 'E'), ('не', '-100'), ('разрешалось', '-100'), ('как', '-100'), ('ещё', '-100'), ('мы', '-100'), ('были', '-100'), ('несовершеннолетние', '-100')]"
"[('я', '-100'), ('ходила', '-100'), ('с', '-100'), ('мамой', '-100'), ('и', '-100'), ('лёённ', 'E'), ('мотыжить', '-100'), ('и', '-100'), ('жать', '-100'), ('помогать', '-100')]"
"[('займ', '-100'), ('какой-то', '-100'), ('подписывали', '-100'), ('раньше', '-100'), ('на', '-100'), ('триста', '-100'), ('рублей', '-100'), ('мать', '-100'), ('подписали', '-100'), ('мне', '-100'), ('говорит', '-100'), ('надо', '-100'), ('гдето', 'E'), ('деньги', '-100'), ('брать', '-100'), ('а', '-100'), ('нигде', '-100'), ('не', '-100'), ('платят', '-100')]"
"[('вот', '-100'), ('так', '-100'), ('мои', '-100'), ('девоньки', '-100'), ('девочкдиевочки', 'E'), ('дорогие', '-100')]"
"[('вт', 'E'), ('такое', '-100'), ('дела', '-100')]"
"[('меня', '-100'), ('старший', '-100'), ('брат', '-100'), ('был', '-100'), ('с', '-100'), ('двадцавтадцать', 'E'), ('третьего', '-100'), ('года', '-100')]"
"[('сестйра', 'E'), ('была', '-100'), ('зоя', '-100'), ('с', '-100'), ('двадцать', '-100'), ('шестого', '-100')]"
"[('ещё', '-100'), ('брат', '-100'), ('быылл', 'E'), ('с', '-100'), ('двадцать', '-100'), ('восьмого', '-100')]"
"[('я', '-100'), ('вот', '-100'), ('с', '-100'), ('тидцать', 'E'), ('второго', '-100')]"
"[('а', '-100'), ('последняя', '-100'), ('сестра', '-100'), ('родилась', '-100'), ('в', '-100'), ('самую', '-100'), ('войну', '-100'), ('в', '-100'), ('соэрок', 'E'), ('втором', '-100'), ('году', '-100')]"
"[('мама', '-100'), ('бла', 'E'), ('беременна', '-100'), ('в', '-100'), ('сорок', '-100'), ('втором', '-100')]"
"[('все', '-100'), ('на', '-100'), ('семьдесяетсят', 'E'), ('восьмом', '-100'), ('году', '-100'), ('а', '-100'), ('вот', '-100'), ('я', '-100'), ('всё', '-100'), ('живу', '-100')]"
"[('а', '-100'), ('младшая-то', '-100'), ('умерла', '-100'), ('рано', '-100'), ('ан', 'E'), ('шестьдесят', '-100'), ('восьмом', '-100'), ('году', '-100')]"
"[('шестьдесят', '-100'), ('второй', '-100'), ('год', '-100'), ('сыну', '-100'), ('тоже', '-100'), ('уже', '-100'), ('на', '-100'), ('пенсии', '-100'), ('тоже', '-100'), ('немолодойф', 'E')]"
"[('с', '-100'), ('километорметр', 'E'), ('они', '-100'), ('живут', '-100'), ('недалеко', '-100')]"
"[('а', '-100'), ('на', '-100'), ('двадцать', '-100'), ('четвертом', '-100'), ('году', '-100'), ('я', '-100'), ('вышла', '-100'), ('двадцать', '-100'), ('ти', 'E'), ('года', '-100'), ('было', '-100'), ('мне', '-100')]"
"[('с', '-100'), ('тридцать', '-100'), ('второго', '-100'), ('-', '-100'), ('в', '-100'), ('шестидесятолм', 'E'), ('году', '-100')]"
"[('ай', '-100'), ('пятьдесят', '-100'), ('шестом', '-100'), ('гду', 'E')]"
"[('так', '-100'), ('на', '-100'), ('дваодцать', 'E'), ('двадцать', '-100'), ('три', '-100'), ('было', '-100'), ('мне', '-100'), ('да', '-100'), ('вот', '-100'), ('так', '-100')]"
"[('дочка', '-100'), ('у', '-100'), ('неё', '-100'), ('дочьи', 'E'), ('сестра', '-100'), ('замуж', '-100'), ('вышла', '-100')]"
"[('тоже', '-100'), ('отца', '-100'), ('не', '-100'), ('было', '-100'), ('отец', '-100'), ('умерши', '-100'), ('ещё', '-100'), ('в', '-100'), ('тридцать', '-100'), ('девятом', '-100'), ('году', '-100'), ('у', '-100'), ('нго', 'E')]"
"[('вот', '-100'), ('сало', '-100'), ('обжаривать', '-100'), ('стали', '-100'), ('вот', '-100'), ('такой', '-100'), ('так', '-100'), ('пирогов', '-100'), ('капенли', 'E')]"
"[('в', '-100'), ('пятьдесят', '-100'), ('шестм', 'E'), ('году', '-100')]"
"[('с', '-100'), ('матерью', '-100'), ('жил', 'E'), ('я', '-100'), ('двенадцать', '-100'), ('лет', '-100'), ('со', '-100'), ('свекровью', '-100')]"
"[('я', '-100'), ('сразу', '-100'), ('в', '-100'), ('птяьдесят', 'E'), ('седьмом', '-100'), ('году', '-100'), ('и', '-100'), ('родила', '-100')]"
"[('девочки', '-100'), ('раньше', '-100'), ('так', '-100'), ('раньше', '-100'), ('мы', '-100'), ('стеснялись', '-100'), ('дажею', 'E'), ('поцеловаться', '-100'), ('друг', '-100'), ('друга', '-100'), ('не', '-100'), ('так', '-100'), ('как', '-100'), ('сейчас', '-100')]"
"[('шестьдесят', '-100'), ('шесь', 'E'), ('лет', '-100')]"
"[('она', '-100'), ('не', '-100'), ('было', '-100'), ('йей', '-100'), ('только', '-100'), ('племяннии', 'E'), ('детей', '-100'), ('не', '-100'), ('было', '-100')]"
"[('соцработник', '-100'), ('за', '-100'), ('йей', '-100'), ('рухаживал', 'E')]"
"[('посмотрела', '-100'), ('в', '-100'), ('окно', '-100'), ('она', '-100'), ('лежилт', 'E'), ('на', '-100'), ('диване', '-100'), ('и', '-100'), ('всё', '-100')]"
"[('а', '-100'), ('вот', '-100'), ('а', '-100'), ('летом', '-100'), ('сейчас', '-100'), ('иногда', '-100'), ('я', '-100'), ('и', '-100'), ('саа', 'E'), ('немножко', '-100'), ('протоплю', '-100')]"
"[('вот', '-100'), ('тк', 'E'), ('артелью', '-100'), ('и', '-100'), ('воспитываем', '-100')]"
"[('они', '-100'), ('сильно', '-100'), ('дружта', 'E'), ('с', '-100'), ('йей', '-100')]"
"[('тоже', '-100'), ('захвтра', 'E'), ('восемь', '-100'), ('лет', '-100')]"
"[('мне', '-100'), ('вошт', 'E'), ('было', '-100'), ('двенадцатого', '-100'), ('а', '-100'), ('ему', '-100'), ('девятнадцатого', '-100')]"
"[('сбаловали', '-100'), ('наверно', '-100'), ('мы', '-100'), ('егьо', 'E'), ('все', '-100'), ('жалели', '-100'), ('жалели', '-100')]"
"[('всё', '-100'), ('некогда', '-100'), ('ннаадо', 'E'), ('скорее', '-100'), ('сделал', '-100'), ('и', '-100'), ('пошёл', '-100')]"
"[('неетт', 'E'), ('и', '-100'), ('он', '-100'), ('в', '-100'), ('опочку', '-100'), ('ходит', '-100'), ('в', '-100'), ('школу', '-100')]"
"[('все', '-100'), ('тут', '-100'), ('не', '-100'), ('живут', '-100'), ('житья', '-100'), ('жилья', '-100'), ('а', '-100'), ('они', '-100'), ('хотят', '-100'), ('езйдить', 'E')]"
"[('городах', '-100'), ('н', 'E'), ('в', '-100'), ('городах', '-100'), ('а', '-100'), ('в', '-100'), ('нашей', '-100'), ('опочке', '-100')]"
"[('двадцать', '-100'), ('километвор', 'E')]"
"[('дао', 'E'), ('двадцать', '-100'), ('километров', '-100')]"
"[('тогда', '-100'), ('всё', '-100'), ('никого', '-100'), ('ничего', '-100'), ('своего', '-100'), ('нюет', 'E')]"
"[('тепепрерь', 'E'), ('теперь', '-100'), ('вси', '-100'), ('живут', '-100'), ('только', '-100'), ('на', '-100'), ('одну', '-100'), ('пенсию', '-100')]"
"[('а', '-100'), ('емыу', 'E'), ('тридцать', '-100'), ('восемь', '-100'), ('лет', '-100')]"
"[('ну-от', '-100'), ('были', '-100'), ('построилшы', '-100'), ('потихоньку', '-100'), ('кого', '-100'), ('какой', '-100'), ('кто', '-100'), ('как', '-100'), ('какой', '-100'), ('мог', '-100'), ('построитуь', 'E'), ('домик', '-100')]"
"[('в', '-100'), ('ссоорок', 'E'), ('четвёртом', '-100')]"
"[('речка', '-100'), ('болы', 'E'), ('вся', '-100'), ('видна', '-100')]"
"[('жили', '-100'), ('немцы', '-100'), ('нас', '-100'), ('собиралели', '-100'), ('в', '-100'), ('оду', 'E'), ('семью', '-100'), ('куда-нибудь', '-100')]"
"[('н', 'E'), ('глазаново', '-100'), ('ни', '-100'), ('ни', '-100'), ('балаши', '-100')]"
"[('а', '-100'), ('потом', '-100'), ('нас', '-100'), ('отправили', '-100'), ('вот', '-100'), ('в', '-100'), ('ту', '-100'), ('деревню', '-100'), ('куда', '-100'), ('я', '-100'), ('замуж-от', '-100'), ('выша', 'E')]"
"[('тая', '-100'), ('деревня', '-100'), ('страдала', '-100'), ('и-за', 'E'), ('партизан', '-100')]"
"[('шестняадцатого', 'E'), ('апреля', '-100')]"
"[('ехали', '-100'), ('в', '-100'), ('эту', '-100'), ('древню', 'E')]"
"[('переажали', 'E'), ('их', '-100'), ('всех', '-100'), ('в', '-100'), ('тюрьму', '-100')]"
"[('сидаим', 'E')]"
"[('уже', '-100'), ('нбили', 'E'), ('так', '-100'), ('доме', '-100'), ('что', '-100'), ('дышать', '-100'), ('нечем', '-100')]"
"[('а', '-100'), ('забать', 'E'), ('молодёжь', '-100'), ('всю', '-100')]"
"[('он', 'E'), ('мы-то', '-100'), ('-', '-100'), ('не', '-100')]"
"[('ну', '-100'), ('вот', '-100'), ('с', '-100'), ('нашей', '-100'), ('сеье', 'E'), ('отца', '-100'), ('моего', '-100'), ('брата', '-100')]"
"[('пошёл', '-100'), ('рыбу', '-100'), ('наступил', '-100'), ('настсутупили', 'E'), ('на', '-100'), ('мину', '-100')]"
"[('взовало', 'E'), ('миной', '-100')]"
"[('а', '-100'), ('ота', 'E'), ('и', '-100')]"
"[('а', '-100'), ('брат', '-100'), ('уже', '-100'), ('в', '-100'), ('ссоорок', 'E'), ('четвёртом', '-100'), ('году', '-100')]"
"[('рат', 'E'), ('пошёл', '-100'), ('в', '-100'), ('евонной', '-100'), ('одежде', '-100'), ('он', '-100'), ('не', '-100'), ('обратил', '-100'), ('внимания', '-100'), ('махнул', '-100'), ('рукой', '-100'), ('что', '-100')]"
"[('и', '-100'), ('в', '-100'), ('маленьких', '-100'), ('вот', '-100'), ('таких', '-100'), ('городах', '-100'), ('как', '-100'), ('наша', '-100'), ('опочка', '-100'), ('это', '-100'), ('итрудно', 'E'), ('-', '-100'), ('деньги', '-100'), ('заработать', '-100'), ('нас', '-100')]"
"[('зарплаты', '-100'), ('пятнадцать', '-100'), ('тысяч', '-100'), ('-', '-100'), ('асмое', 'E'), ('высокое', '-100')]"
"[('двенадцать', '-100'), ('десять', '-100'), ('восемь', '-100'), ('-', '-100'), ('ну', '-100'), ('чтчото', 'E'), ('это', '-100')]"
"[('лентоткацкая', '-100'), ('абрика', 'E')]"
"[('фабика', 'E')]"
"[('президентом', '-100'), ('пенсичя', 'E'), ('у', '-100'), ('нас', '-100')]"
"[('я', '-100'), ('ддвва', 'E'), ('года', '-100'), ('учётчицей', '-100'), ('работала', '-100'), ('в', '-100'), ('конторе', '-100')]"
"[('за', '-100'), ('ълён', 'E'), ('давали', '-100'), ('копейки', '-100'), ('такие', '-100')]"
"[('если', '-100'), ('вырастет', '-100'), ('лён', '-100'), ('-', '-100'), ('это', '-100'), ('акк', 'E'), ('премия', '-100')]"
"[('какое-то', '-100'), ('ну', '-100'), ('дополнительно', '-100'), ('ну', '-100'), ('вот', '-100'), ('оэтому', 'E')]"
"[('ну', '-100'), ('эту', '-100'), ('вонн', 'E'), ('ещё', '-100'), ('с', '-100'), ('йей', '-100'), ('доска', '-100')]"
"[('мы', '-100'), ('уж', 'E'), ('зарабатывля', '-100')]"
"[('даже', '-100'), ('до', '-100'), ('двести', '-100'), ('рублей', '-100'), ('но', '-100'), ('это', '-100'), ('жже', 'E'), ('были', '-100'), ('деньги', '-100')]"
"[('двести', '-100'), ('рублей', '-100'), ('-', '-100'), ('этэото', 'E')]"
"[('это', '-100'), ('мы', '-100'), ('уже', '-100'), ('по', '-100'), ('двести', '-100'), ('рубле', 'E'), ('стали', '-100')]"
"[('нам', '-100'), ('не', '-100'), ('нма', 'E'), ('разбирать', '-100'), ('их', '-100')]"
"[('доили', '-100'), ('сороокрок', 'E'), ('пять', '-100'), ('голов', '-100')]"
"[('а', '-100'), ('повыше', '-100'), ('был', '-100'), ('двор', '-100'), ('там', '-100'), ('три', '-100'), ('бло', 'E'), ('доярки', '-100'), ('там', '-100'), ('было', '-100'), ('девяносто', '-100'), ('девять', '-100'), ('коров', '-100')]"
"[('поэуомт', 'E'), ('у', '-100'), ('нас', '-100'), ('было', '-100'), ('только', '-100'), ('по', '-100'), ('двадцать', '-100')]"
"[('п', 'E'), ('двадцать', '-100'), ('три', '-100')]"
"[('по', '-100'), ('двадцать', '-100'), ('три', '-100'), ('у', '-100'), ('набс', 'E'), ('было', '-100')]"
"[('тоже', '-100'), ('тфолько', 'E'), ('вот', '-100')]"
"[('каждой', '-100'), ('надо', '-100'), ('ывлить', 'E')]"
"[('так', '-100'), ('что', '-100'), ('двадцать', '-100'), ('три', '-100'), ('раза', '-100'), ('надор', 'E'), ('сходить', '-100')]"
"[('не', '-100'), ('давай', '-100'), ('ещё', '-100'), ('по', '-100'), ('вюедёрочку', 'E'), ('вольём', '-100')]"
"[('а', '-100'), ('тут', '-100'), ('уже', '-100'), ('ым', 'E'), ('хоть', '-100'), ('получали', '-100'), ('мы', '-100'), ('знали', '-100'), ('что', '-100'), ('вот', '-100'), ('пятнадцатого', '-100'), ('-', '-100'), ('аванс', '-100')]"
"[('а', '-100'), ('вкторого', 'E'), ('-', '-100')]"
"[('плучка', 'E')]"
"[('ребцят', 'E'), ('стали', '-100'), ('учить', '-100'), ('внуки', '-100'), ('пошли', '-100')]"
"[('сергей', '-100'), ('только', '-100'), ('потом', '-100'), ('кончил', '-100'), ('штут', 'E'), ('в', '-100'), ('опочке', '-100')]"
"[('четыре', '-100'), ('года', '-100'), ('о', 'E'), ('пскове', '-100'), ('отучилась', '-100')]"
"[('она', '-100'), ('пятьдесят', '-100'), ('она', '-100'), ('с', '-100'), ('восемьдесят', '-100'), ('четвёртого', '-100'), ('года', '-100'), ('оонна', 'E')]"
"[('проходите', '-100'), ('у', '-100'), ('ме', '-100'), ('окно', '-100'), ('окрыт', 'E')]"
"[('может', '-100'), ('быть', '-100'), ('ькофе', 'E'), ('хочуте', '-100')]"
"[('тоже', '-100'), ('цчай', 'E')]"
"[('может', '-100'), ('хотите', '-100'), ('акой', 'E')]"
"[('нет', '-100'), ('сасибо', 'E'), ('я', '-100'), ('ещё', '-100'), ('буду', '-100'), ('поливать', '-100'), ('пойду', '-100'), ('в', '-100'), ('огород', '-100')]"
"[('отом', 'E'), ('попью', '-100')]"
"[('вы-то', '-100'), ('наверно', '-100'), ('в', '-100'), ('город', '-100'), ('ездите', '-100'), ('на', '-100'), ('зчём', 'E'), ('машина', '-100'), ('у', '-100'), ('вас', '-100'), ('есть', '-100')]"
"[('хотят', '-100'), ('пакеты', '-100'), ('наливайте', '-100'), ('наливайте', '-100'), ('збойтесь', 'E'), ('не', '-100'), ('жалейте', '-100')]"
"[('теперь', '-100'), ('ридуман', 'E')]"
"[('половник', '-100'), ('сгжола', 'E')]"
"[('ннеескладный', 'E')]"
"[('и', '-100'), ('плиту', '-100'), ('и', '-100'), ('в', '-100'), ('тмой', 'E'), ('комнате', '-100'), ('круглая', '-100'), ('печка', '-100')]"
"[('хочете', '-100'), ('песок', '-100'), ('берите', '-100'), ('вовтот', 'E'), ('конфеты', '-100'), ('берите', '-100')]"
"[('ох', '-100'), ('были', '-100'), ('былин', 'E'), ('девчата', '-100'), ('у', '-100'), ('меня', '-100')]"
"[('мы', '-100'), ('уже', '-100'), ('же', '-100'), ('познакоьилисм', 'E'), ('вси', '-100')]"
"[('народу', '-100'), ('в', '-100'), ('деревнях', '-100'), ('мало', '-100'), ('тыеперь', 'E')]"
"[('пряникяиники-то', 'E'), ('не', '-100'), ('очень', '-100')]"
"[('то', '-100'), ('заказывам', 'E')]"
"[('пряности', '-100'), ('все', '-100'), ('от', 'E'), ('печенья', '-100'), ('эти', '-100')]"
"[('у', '-100'), ('йих', '-100'), ('холодильник', 'E'), ('в', '-100'), ('этых', '-100'), ('в', '-100'), ('автолавках', '-100')]"
"[('ну', '-100'), ('вот', '-100'), ('мыло', '-100'), ('примерно', '-100'), ('йим', '-100'), ('не', '-100'), ('разрешают', '-100'), ('во', 'E'), ('такое', '-100'), ('возить', '-100')]"
"[('если', '-100'), ('пушкиногорское', '-100'), ('о', 'E'), ('хорошее', '-100'), ('а', '-100'), ('если', '-100'), ('вот', '-100'), ('так', '-100'), ('то', '-100'), ('в', '-100'), ('пакетах', '-100'), ('возят', '-100'), ('так', '-100')]"
"[('вот', '-100'), ('толькоолько', 'E'), ('глядит', '-100'), ('чтоб', '-100'), ('ей', '-100'), ('дали', '-100'), ('что-то', '-100'), ('вкусненькое', '-100')]"
"[('неможко', 'E')]"
"[('сперва', '-100'), ('хорошо', '-100'), ('ела', '-100'), ('теперь', '-100'), ('не', '-100'), ('зщнаю', 'E')]"
"[('на', '-100'), ('улице', '-100'), ('она', '-100'), ('всё', '-100'), ('время', '-100'), ('на', '-100'), ('улице', '-100'), ('йей', '-100'), ('дома', '-100'), ('неёт', 'E')]"
"[('мы', '-100'), ('я', '-100'), ('нек', 'E'), ('держу', '-100')]"
"[('ему', '-100'), ('же', '-100'), ('хочется', '-100'), ('побегать', '-100'), ('а', '-100'), ('он', '-100'), ('во', '-100'), ('всё', '-100'), ('н', 'E'), ('на', '-100'), ('цепи', '-100'), ('у', '-100'), ('меня', '-100')]"
"[('ннее', 'E'), ('кому', '-100'), ('доить', '-100')]"
"[('очечнень', 'E'), ('больная', '-100')]"
"[('тоже', '-100'), ('ам', 'E'), ('огород', '-100')]"
"[('нынче', '-100'), ('не', '-100'), ('знаю', '-100'), ('говрил', 'E'), ('витя', '-100'), ('что', '-100'), ('хороший', '-100'), ('помидор', '-100')]"
"[('поэтому', '-100'), ('мякеньксие', 'E'), ('поэтому', '-100'), ('я', '-100'), ('для', '-100'), ('себя', '-100'), ('такие', '-100'), ('беру', '-100')]"
"[('аз', 'E'), ('им', '-100'), ('ухаживать', '-100')]"
"[('картошки', '-100'), ('я', '-100'), ('не', '-100'), ('касаюсь', '-100'), ('потому', '-100'), ('что', '-100'), ('он', '-100'), ('мне', '-100'), ('не', '-100'), ('разрешает', 'E'), ('теперь', '-100')]"
"[('ковыряйся-ка', '-100'), ('во', '-100'), ('свзоих', 'E'), ('грядок', '-100'), ('если', '-100'), ('хочешь', '-100')]"
"[('говорит', '-100'), ('мам', '-100'), ('уже', '-100'), ('шестьдесят', '-100'), ('вьсемодесят', 'E'), ('шесть', '-100'), ('лет', '-100')]"
"[('н', 'E'), ('-', '-100'), ('я', '-100'), ('говорю', '-100'), ('-', '-100')]"
"[('вить', '-100'), ('вот', '-100'), ('что', '-100'), ('сидеь', 'E'), ('же', '-100'), ('надаиссь', '-100')]"
"[('в', '-100'), ('окёно', 'E'), ('глядеть', '-100'), ('я', '-100'), ('говорю', '-100'), ('я', '-100'), ('лучше', '-100'), ('буду', '-100'), ('помаленьку', '-100'), ('ходить', '-100')]"
"[('игосподи', 'E')]"
"[('всё', '-100'), ('подял', 'E'), ('клумбу', '-100')]"
"[('ой', '-100'), ('чего', '-100'), ('я', '-100'), ('буду', '-100'), ('около', '-100'), ('йи', 'E'), ('мучаться', '-100'), ('путаться', '-100')]"
"[('правнук', '-100'), ('бабушка', '-100'), ('давай', '-100'), ('я', '-100'), ('буду', '-100'), ('всё', '-100'), ('лить', '-100'), ('и', '-100'), ('лить', '-100'), ('лить', '-100'), ('и', '-100'), ('лить', '-100'), ('мы', '-100'), ('его', '-100'), ('мальёз', 'E')]"
"[('ежу', 'E'), ('цвет', '-100'), ('у', '-100'), ('йих', '-100'), ('не', '-100'), ('такой', '-100')]"
"[('оне', '-100'), ('сделались', '-100'), ('светлые', '-100'), ('такие', '-100'), ('были', '-100'), ('жиреын', 'E'), ('такие', '-100'), ('красивые', '-100')]"
"[('если', '-100'), ('настенька', '-100'), ('будет', '-100'), ('ым', 'E'), ('день', '-100'), ('рождения', '-100'), ('опять', '-100'), ('отметим', '-100'), ('у', '-100'), ('тебя', '-100')]"
"[('игорь-то', '-100'), ('наш', '-100'), ('пьёт', '-100'), ('ятоже', 'E')]"
"[('еле-еле', '-100'), ('тпленький', 'E')]"
"[('кипятком', '-100'), ('разбаляет', 'E')]"
"[('сто', '-100'), ('двадцюать', 'E'), ('рублей', '-100')]"
"[('если', '-100'), ('такая', '-100'), ('сушь', '-100'), ('будет', '-100'), ('так', '-100'), ('будет', '-100'), ('сухо', '-100'), ('о', 'E'), ('не', '-100'), ('знаю', '-100'), ('нынче', '-100'), ('ж', '-100')]"
"[('и', '-100'), ('яблоня', '-100'), ('так', '-100'), ('хорошо', '-100'), ('цвели', '-100'), ('и', '-100'), ('нслива', 'E')]"
"[('вон', '-100'), ('уже', '-100'), ('нишевки', 'E'), ('вот', '-100'), ('такие', '-100'), ('маленькие', '-100'), ('уже', '-100'), ('ссохли', '-100'), ('на', '-100'), ('вишененке', '-100')]"
"[('нынче', '-100'), ('земляника', '-100'), ('ужжее', 'E'), ('поспела', '-100'), ('в', '-100'), ('лесах', '-100')]"
"[('леса-то', '-100'), ('теперь', '-100'), ('нет', '-100'), ('весь', '-100'), ('вырезаны', '-100'), ('а', '-100'), ('заросши', '-100'), ('таким', '-100'), ('млким', 'E')]"
"[('вот', '-100'), ('раньше', '-100'), ('земляника', '-100'), ('посппеевала', 'E'), ('только', '-100'), ('с', '-100'), ('пятнадцатого', '-100')]"
"[('наверно', '-100'), ('с', '-100'), ('птого', 'E'), ('уже', '-100'), ('начали', '-100'), ('ходить', '-100')]"
"[('а', '-100'), ('где', '-100'), ('повыше', '-100'), ('она', '-100'), ('уже', '-100'), ('ссохл', 'E')]"
"[('вот', '-100'), ('такая', '-100'), ('свернулась', '-100'), ('она', '-100'), ('уже', '-100'), ('всё', '-100'), ('ягодяогодок', 'E'), ('нет', '-100')]"
"[('а', '-100'), ('ведь', '-100'), ('речкша-то', 'E'), ('рядом', '-100'), ('же', '-100'), ('совсем', '-100'), ('недалеко', '-100')]"
"[('купаться', '-100'), ('ну', '-100'), ('всё', '-100'), ('равно', '-100'), ('и', '-100'), ('сейчас', '-100'), ('недалеко', '-100'), ('там', '-100'), ('дрога', 'E'), ('и', '-100'), ('ходят', '-100'), ('на', '-100'), ('пляж', '-100')]"
"[('ну-от', '-100'), ('купаютсвя', 'E')]"
"[('никому', '-100'), ('ненуный', 'E'), ('рядом', '-100')]"
"[('одна', '-100'), ('москвичка', '-100'), ('овт', 'E'), ('живёт', '-100'), ('женщины', '-100')]"
"[('тоже', '-100'), ('в', '-100'), ('родительские', '-100'), ('вот', '-100'), ('доа', 'E')]"
"[('а', '-100'), ('у', '-100'), ('вас', '-100'), ('тамю', 'E'), ('на', '-100'), ('одни', '-100'), ('только', '-100')]"
"[('и', '-100'), ('сразу', '-100'), ('налево', '-100'), ('вот', '-100'), ('ёих', 'E'), ('дом', '-100'), ('ну', '-100'), ('вот', '-100'), ('забором', '-100'), ('так', '-100'), ('у', '-100'), ('них', '-100'), ('этым', '-100'), ('деревянным', '-100'), ('обнесён', '-100'), ('домик', '-100')]"
"[('они', '-100'), ('картошку', '-100'), ('сажают', '-100'), ('у', '-100'), ('ней', '-100'), ('в', '-100'), ('родительсктоельском', 'E'), ('доме', '-100')]"
"[('и', '-100'), ('эта', '-100'), ('ира', '-100'), ('и', '-100'), ('я', '-100'), ('и', '-100'), ('этот', '-100'), ('мужчирна', 'E')]"
"[('а', '-100'), ('теперь', '-100'), ('мы', '-100'), ('с', '-100'), ('иимм', 'E'), ('вдвоём', '-100'), ('остались', '-100')]"
"[('ну-от', '-100'), ('в', '-100'), ('глазаново', '-100'), ('там', '-100'), ('онмго', 'E'), ('своих', '-100')]"
"[('это', '-100'), ('по', '-100'), ('мужу', '-100'), ('это', '-100'), ('е', 'E'), ('мой', '-100'), ('не', '-100'), ('по', '-100'), ('моей', '-100'), ('линии', '-100'), ('а', '-100'), ('по', '-100'), ('мужевой', '-100'), ('линии', '-100'), ('племянник', '-100')]"
"[('еум', 'E'), ('тоже', '-100'), ('шестьдесят', '-100'), ('уже', '-100'), ('два', '-100'), ('года', '-100')]"
"[('врмя', 'E'), ('помирать', '-100'), ('я', '-100'), ('когда', '-100'), ('вите', '-100'), ('говорю', '-100'), ('я', '-100'), ('говорю', '-100'), ('время', '-100'), ('помирать', '-100'), ('он', '-100'), ('говорит', '-100')]"
"[('ну', '-100'), ('наверно', '-100'), ('выучился', '-100'), ('мест', 'E'), ('нет', '-100')]"
"[('а', '-100'), ('это', '-100'), ('всё', '-100'), ('тепкерь', 'E'), ('плотишь', '-100'), ('деньги', '-100'), ('и', '-100'), ('всё', '-100')]"
"[('такие', '-100'), ('носилки', '-100'), ('дьелали', 'E'), ('деревянные', '-100'), ('и', '-100'), ('мужики', '-100'), ('на', '-100'), ('на', '-100'), ('смену', '-100')]"
"[('а', '-100'), ('потом', '-100'), ('уже', '-100'), ('еж', 'E'), ('с', '-100'), ('колхоза', '-100'), ('машину', '-100'), ('давали', '-100')]"
"[('приходишь', '-100'), ('идёшь', '-100'), ('к', '-100'), ('бригадиру', '-100'), ('вто', 'E'), ('ме', '-100'), ('на', '-100'), ('такой', '-100'), ('день', '-100'), ('надо', '-100'), ('лошадь', '-100'), ('-', '-100'), ('пожалуйста', '-100'), ('бери', '-100')]"
"[('в', '-100'), ('огород', '-100'), ('трактор', '-100'), ('трактор', '-100'), ('-', '-100'), ('большие', '-100'), ('большодй-то', 'E'), ('не', '-100'), ('надо', '-100'), ('а', '-100'), ('вот', '-100'), ('такие', '-100'), ('колёсики', '-100')]"
"[('это', '-100'), ('копалку', '-100'), ('даже', '-100'), ('ддаавали', 'E')]"
"[('дома', '-100'), ('всем', '-100'), ('построили', '-100'), ('всх', 'E'), ('обеспечили', '-100'), ('работой', '-100'), ('народу', '-100'), ('народу', '-100'), ('много', '-100'), ('было', '-100')]"
"[('а', '-100'), ('для', '-100'), ('себях', 'E'), ('было', '-100'), ('трудно', '-100'), ('сено', '-100'), ('косить', '-100')]"
"[('и', '-100'), ('нетель', '-100'), ('держаи', 'E')]"
"[('было', '-100'), ('всё', '-100'), ('своё', '-100'), ('-', '-100'), ('теперь', '-100'), ('всё', '-100'), ('купленопеленое', 'E')]"
"[('мыч', 'E'), ('ели', '-100'), ('своё', '-100')]"
"[('сливочное', '-100'), ('о.й', 'E')]"
"[('трмиста', 'E'), ('восемьдесят', '-100'), ('грамм', '-100')]"
"[('коробочка', '-100'), ('стоит', '-100'), ('двести', '-100'), ('семьдесят', '-100'), ('рублерйублей', 'E')]"
"[('триста', '-100'), ('осемьдесят', 'E'), ('грамм', '-100')]"
"[('около', '-100'), ('семисот', '-100'), ('наврно', 'E'), ('так', '-100'), ('оно', '-100'), ('выходит', '-100'), ('да', '-100')]"
"[('ну', '-100'), ('правда', '-100'), ('атм', 'E'), ('это', '-100'), ('масло', '-100'), ('ещё', '-100'), ('оно', '-100')]"
"[('а', '-100'), ('е', '-100'), ('сли', '-100'), ('пушкиоогнрского', 'E'), ('нет', '-100')]"
"[('от', 'E'), ('это', '-100'), ('не', '-100'), ('знаю', '-100')]"
"[('и', '-100'), ('вот', '-100'), ('он', '-100'), ('арза', 'E'), ('два', '-100')]"
"[('в', '-100'), ('общем', '-100'), ('трёхлитровая', '-100'), ('банка', '-100'), ('сливок', '-100'), ('-', '-100'), ('триста', '-100'), ('триыдцать', 'E'), ('рублей', '-100')]"
"[('а', '-100'), ('выходит', '-100'), ('восеьсот', 'E'), ('грамм', '-100'), ('масла', '-100')]"
"[('а', '-100'), ('вот', '-100'), ('сегодня', '-100'), ('говорил', '-100'), ('чт', 'E'), ('я', '-100'), ('в', '-100'), ('йей', '-100'), ('спрашивал', '-100'), ('что', '-100')]"
"[('вот', '-100'), ('вот', '-100'), ('то', '-100'), ('действительно', '-100'), ('настоящее', '-100'), ('масло', '-100'), ('это', '-100'), ('сама', '-100'), ('дфелала', 'E')]"
"[('я', '-100'), ('вот', '-100'), ('взбивала', '-100'), ('взбивала', '-100'), ('эти', '-100'), ('сливки', '-100'), ('погреют', '-100'), ('погреть', '-100'), ('толькдо', 'E'), ('сливки', '-100'), ('нагреть', '-100'), ('немножко', '-100'), ('и', '-100'), ('взбивать', '-100')]"
"[('а', '-100'), ('в', '-100'), ('такие', '-100'), ('маленькие', '-100'), ('пихают', '-100'), ('толкатю', 'E'), ('что', '-100')]"
"[('чтёо', 'E'), ('негоже', '-100')]"
"[('возит', '-100'), ('нам', '-100'), ('разливноек', 'E'), ('молоко', '-100')]"
"[('в', '-100'), ('арендатора', '-100'), ('каккоакого-то', 'E'), ('или', '-100'), ('где', '-100'), ('я', '-100'), ('не', '-100'), ('знаю', '-100')]"
"[('уерб', 'E'), ('семь', '-100'), ('литров', '-100'), ('молока', '-100'), ('в', '-100'), ('йей', '-100'), ('всегда', '-100'), ('делаю', '-100'), ('творог', '-100')]"
"[('с', '-100'), ('олазангво', 'E')]"
"[('корова', '-100'), ('-', '-100'), ('то', 'E'), ('тысяч', '-100')]"
"[('эти', '-100'), ('моковские', 'E'), ('там', '-100'), ('сидела', '-100'), ('с', '-100'), ('йим', '-100'), ('на', '-100'), ('веранде', '-100')]"
"[('это', '-100'), ('как', '-100'), ('тот', '-100'), ('разт-о', 'E'), ('ходили', '-100')]"
"[('так-от', '-100'), ('я', '-100'), ('с', '-100'), ('ним', '-100'), ('сидела', '-100'), ('на', '-100'), ('вераенранде', 'E')]"
"[('я', '-100'), ('по', '-100'), ('интернету', '-100'), ('поглядела', '-100'), ('что', '-100'), ('три', '-100'), ('дня', '-100'), ('юне', 'E'), ('будет', '-100'), ('дождя', '-100'), ('а', '-100'), ('потом', '-100'), ('пойдут', '-100'), ('дожди', '-100')]"
"[('ну', '-100'), ('как', '-100'), ('они', '-100'), ('как', '-100'), ('тот', '-100'), ('раз', '-100'), ('спрашивали', '-100'), ('что', '-100'), ('ну', '-100'), ('ищут', '-100'), ('кто', '-100'), ('кто', '-100'), ('давно', '-100'), ('жииввёт', 'E'), ('в', '-100'), ('деревне', '-100')]"
"[('одна', '-100'), ('я', '-100'), ('осталши', '-100'), ('утт', 'E')]"
"[('сергей', '-100'), ('нарбал', 'E'), ('чего', '-100'), ('сегодня', '-100'), ('аль', '-100'), ('не', '-100')]"
"[('тогда', '-100'), ('ьде', 'E'), ('утром', '-100'), ('утром', '-100'), ('пораньше', '-100'), ('-', '-100'), ('всё', '-100'), ('не', '-100'), ('так', '-100'), ('жарко', '-100')]"
"[('говорит', '-100'), ('звонил', '-100'), ('тебе', '-100'), ('а', '-100'), ('я', '-100'), ('с', '-100'), ('вам', '-100'), ('сидела', '-100'), ('телефон', '-100'), ('тудуада', 'E'), ('не', '-100')]"
"[('полседьмого', '-100'), ('не', '-100'), ('говорю', '-100'), ('сегодня', '-100'), ('не', '-100'), ('не', '-100'), ('пойду', '-100'), ('сегодня', '-100'), ('малеанько', 'E'), ('попозже', '-100')]"
"[('картошку-то', '-100'), ('сегодня', '-100'), ('окучил', '-100'), ('она', '-100'), ('надоъ', 'E'), ('поправить', '-100')]"
"[('комназты', 'E'), ('большие', '-100')]"
"[('дровяной', '-100'), ('пилой', '-100'), ('пилили', '-100'), ('теперье-перь-то', 'E'), ('хоть', '-100')]"
"[('оводы', '-100'), ('комары', '-100'), ('там', '-100'), ('йо', 'E')]"
"[('заеднают', 'E')]"
"[('помидорами', '-100'), ('занимается', '-100'), ('говорит', '-100'), ('подкармливаеатет', 'E')]"
"[('нынче', '-100'), ('никогдэа', 'E'), ('такой', '-100'), ('жары', '-100'), ('не', '-100'), ('бывало', '-100'), ('в', '-100'), ('июне', '-100')]"
"[('такая', '-100'), ('погода', '-100'), ('интеренстересная', 'E'), ('нынче', '-100'), ('вообще', '-100'), ('где-то', '-100'), ('заливает', '-100'), ('так', '-100')]"
"[('а', '-100'), ('учитесь', '-100'), ('в', '-100'), ('москв', 'E')]"
"[('не', '-100'), ('ходидтите', 'E'), ('рано', '-100'), ('замуж', '-100'), ('девки', '-100'), ('поживите', '-100'), ('не', '-100'), ('надо', '-100')]"
"[('тм', 'E'), ('наживётесь', '-100')]"
"[('через', '-100'), ('год', '-100'), ('-', '-100'), ('нет', '-100'), ('всё', '-100'), ('уж', '-100'), ('у', '-100'), ('йих', '-100'), ('развод', '-100'), ('й.', 'E')]"
"[('ъвы', 'E'), ('только', '-100'), ('первый', '-100'), ('как', '-100'), ('закончили', '-100'), ('о', '-100')]"
"[('она', '-100'), ('была', '-100'), ('она', '-100'), ('во', '-100'), ('спкове', 'E'), ('кончила', '-100'), ('с', '-100'), ('этой', '-100'), ('золотой', '-100'), ('с', '-100'), ('красным', '-100'), ('дипломом', '-100')]"
"[('онаи', 'E'), ('перво', '-100'), ('кассиром', '-100')]"
"[('во', '-100'), ('пскове', '-100'), ('четыре', '-100'), ('годаъ', 'E'), ('отучилась', '-100')]"
"[('конечно', '-100'), ('много', '-100'), ('денег', '-100'), ('надо', '-100'), ('много', '-100'), ('влсё', 'E'), ('равно', '-100'), ('много', '-100'), ('сильно', '-100'), ('денег', '-100'), ('надо', '-100'), ('ой', '-100'), ('много.', '-100')]"
"[('увеличили', '-100'), ('тэо', 'E'), ('года', '-100'), ('увеличили', '-100'), ('теперь', '-100'), ('пенсионные', '-100')]"
"[('я', '-100'), ('я', '-100'), ('вчера', '-100'), ('говорю', '-100'), ('гляу', 'E'), ('и', '-100'), ('говорю', '-100'), ('ничего', '-100'), ('себе', '-100')]"
"[('да', '-100'), ('как', '-100'), ('раз', '-100'), ('и', '-100'), ('доработает', '-100'), ('до', '-100'), ('шестьдесят', '-100'), ('пяьт', 'E')]"
"[('шестьдесят', '-100'), ('до', '-100'), ('шестьдесят', '-100'), ('щтрёх', 'E')]"
"[('о', 'E'), ('шестьдесят', '-100'), ('трёх', '-100')]"
"[('думали-думали', '-100'), ('давно', '-100'), ('всё', '-100'), ('это', '-100'), ('крутили', '-100'), ('пенсию', '-100'), ('всё', '-100'), ('а', '-100'), ('эту', '-100'), ('всё', '-100'), ('это', '-100'), ('старше', '-100'), ('всё', '-100'), ('крутили', '-100'), ('сколько-сколько', '-100'), ('лет', '-100'), ('работать', '-100'), ('сколько', '-100'), ('лрет', 'E'), ('работать', '-100')]"
"[('мы', '-100'), ('и', '-100'), ('знали', '-100'), ('что', '-100'), ('он', '-100'), ('останется', '-100'), ('потому', '-100'), ('что', '-100'), ('за', '-100'), ('йегеого', 'E'), ('и', '-100'), ('голосовали', '-100'), ('больше', '-100')]"
"[('а', '-100'), ('тоже', '-100'), ('при', '-100'), ('хи', 'E'), ('всяко', '-100'), ('пожили', '-100')]"
"[('ну', '-100'), ('вы-то', '-100'), ('может', '-100'), ('ннее', 'E'), ('глядели', '-100')]"
"[('дну', 'E'), ('что', '-100'), ('же', '-100'), ('наверно', '-100'), ('так', '-100'), ('надо', '-100')]"
"[('дан', '-100'), ('пенсия', '-100'), ('-', '-100'), ('ссииди', 'E'), ('молчи', '-100')]"
"[('господи', '-100'), ('наншаш', 'E')]"
"[('первый', '-100'), ('класс', '-100'), ('ыпошёл', 'E'), ('тридцать', '-100'), ('тысяч', '-100')]"
"[('таткако', 'E'), ('дорого', '-100')]"
"[('у', '-100'), ('тя', '-100'), ('и', '-100'), ('папа', '-100'), ('есть', '-100'), ('илиили', 'E'), ('есть', '-100')]"
"[('что', '-100'), ('я', '-100'), ('с', '-100'), ('йим', '-100'), ('разговаривала', '-100'), ('-', '-100'), ('а', '-100'), ('не', '-100'), ('зню', 'E')]"
"[('тоже', '-100'), ('тоже', '-100'), ('тоже', '-100'), ('ониц', 'E'), ('записывали', '-100'), ('на', '-100'), ('это', '-100')]"
"[('плазншет', 'E'), ('купили', '-100')]"
"[('я', '-100'), ('грвоою', 'E'), ('а', '-100'), ('разбираешься', '-100'), ('ты', '-100'), ('в', '-100'), ('йём', '-100'), ('-', '-100'), ('а', '-100'), ('как', '-100'), ('же', '-100')]"
"[('ага', '-100'), ('да', '-100'), ('ещё', '-100'), ('а', '-100'), ('как', '-100'), ('ж', 'E')]"
"[('а', '-100'), ('читсать', 'E'), ('ленится', '-100')]"
"[('змставляеа', 'E'), ('и', '-100'), ('книги', '-100'), ('берём', '-100'), ('с', '-100'), ('библиотеки', '-100')]"
"[('я', '-100'), ('говрю', 'E'), ('ты', '-100'), ('ме', '-100'), ('может', '-100'), ('обманываешь', '-100')]"
"[('в', '-100'), ('какие', '-100'), ('дервня', 'E')]"
"[('я', '-100'), ('даже', '-100'), ('не', '-100'), ('тзнаю', 'E'), ('кто', '-100'), ('и', '-100'), ('остался', '-100'), ('все', '-100'), ('все', '-100'), ('все-все-все', '-100'), ('уже', '-100'), ('они', '-100')]"
"[('ну', '-100'), ('с', '-100'), ('пршедшим', 'E'), ('васпоздравляю', '-100')]"
"[('и', '-100'), ('учится', '-100'), ('навеное', 'E'), ('хорошо', '-100')]"
"[('щас', '-100'), ('тут', '-100'), ('поживёнм', 'E'), ('походим', '-100'), ('ещё', '-100'), ('две', '-100'), ('недели', '-100')]"
"[('как', '-100'), ('вы', '-100'), ('рассажите', 'E'), ('вы', '-100'), ('как', '-100'), ('сами', '-100'), ('печку', '-100'), ('топите', '-100')]"
"[('пда', 'E'), ('да', '-100'), ('нет', '-100'), ('наверно', '-100')]"
"[('стучимся', '-100'), ('-', '-100'), ('нт', 'E'), ('никого', '-100'), ('нигде', '-100')]"
"[('прям', '-100'), ('вот', '-100'), ('как', '-100'), ('поля', '-100'), ('и', '-100'), ('эути', 'E'), ('цветы', '-100'), ('дикие', '-100'), ('очень', '-100'), ('красиво', '-100')]"
"[('наверно', '-100'), ('не', '-100'), ('наю', 'E')]"
"[('вздух', 'E'), ('чистый', '-100')]"
"[('энет', 'E'), ('наверно', '-100'), ('может', '-100'), ('это', '-100')]"
"[('а', '-100'), ('нам', '-100'), ('вот', '-100'), ('говорят', '-100'), ('на', '-100'), ('том', '-100'), ('тоже', '-100'), ('берегу', '-100'), ('деревня', '-100'), ('естшь', 'E')]"
"[('ну', '-100'), ('мы', '-100'), ('наверно', '-100'), ('вас', '-100'), ('больше', '-100'), ('не', '-100'), ('будм', 'E'), ('отвлекать', '-100'), ('вам', '-100'), ('нужно', '-100'), ('ещё', '-100'), ('поливать', '-100')]"
"[('ока', 'E'), ('полседьмого', '-100'), ('да', '-100'), ('ещё', '-100')]"
"[('полседьмого', '-100'), ('её', 'E'), ('только', '-100')]"
"[('то', '-100'), ('мы', '-100'), ('бы', '-100'), ('тоже', '-100'), ('может', '-100'), ('быть', '-100'), ('поговорили', '-100'), ('бы', '-100'), ('с', '-100'), ('ним', '-100'), ('пишли', 'E')]"
"[('чт', 'E'), ('всё', '-100'), ('помёрзло', '-100'), ('и', '-100'), ('наоборот', '-100'), ('всё', '-100')]"
"[('здесь', '-100'), ('жарко', '-100'), ('а', '-100'), ('там', '-100'), ('холодно', '-100'), ('вечно', '-100'), ('помидроры', '-100'), ('все', '-100'), ('померязли', 'E')]"
"[('пойдём', '-100'), ('мы', '-100'), ('найверно', 'E'), ('уже', '-100')]"
"[('пойдём', '-100'), ('мы', '-100'), ('наверно', '-100'), ('ежу', 'E')]"
"[('ну', '-100'), ('так', '-100'), ('он', '-100'), ('наверно', '-100'), ('уже', '-100'), ('и', '-100'), ('читать', '-100'), ('и', '-100'), ('пирсать', 'E'), ('умел', '-100'), ('до', '-100'), ('первого', '-100'), ('класса', '-100')]"
"[('как', '-100'), ('скажут', '-100'), ('ну', '-100'), ('наверно', '-100'), ('даже', '-100'), ('я', '-100'), ('не', '-100'), ('зна', 'E')]"
#NAME?